days.origin	days.water	days.manure	F07	F08	F09	F10	F11	F12	GW01	GW02	GW03	GW04	GW05	GW06	GWL01	GWL02	GWL03	GWL04	GWo01	GWo02	mean.F	sd.F	se.F	mean.GW	sd.GW	se.GW	mean.GWL	sd.GWL	se.GWL
3.125	-4.960417	-24.913194	   NA	-3.7603	4.6978	0.1499	-0.5592	0.1509	0.0586	2.9610	0.5476	-1.4996	-0.2491	-0.4107	2.1036	24.9794	0.6143	-1.1686	1.1886	24.4251	0.1358	3.02	1.35	0.2346	1.50	0.61	8.6904	12.45	5.08
3.25	-4.835417	-24.788194	   NA	-5.0246	1.6978	-0.0021	-2.4016	-1.2760	-0.4199	-0.0390	-1.5573	-1.8474	-1.9810	-1.9604	1.2304	21.9794	-1.7032	-1.8011	-1.2185	21.4251	-1.4013	2.54	1.13	-1.3008	0.85	0.35	6.6520	11.71	4.78
3.375	-4.710417	-24.663194	   NA	-5.1016	-0.3059	0.0712	-2.5075	-1.3095	-0.4168	-1.1677	-1.5748	-1.8534	-2.0547	-2.0203	1.3065	18.9794	-1.7632	-1.8105	-1.2531	18.4251	-1.8307	2.08	0.93	-1.5146	0.63	0.26	5.6474	10.18	4.16
3.5	-4.585417	-24.538194	   NA	-5.1641	-0.3124	0.1583	-2.5902	-1.3197	-0.4193	-1.2130	-1.5948	-1.8198	-2.1128	-2.0284	1.4303	15.9794	-1.7683	-1.8095	-1.2773	15.4251	-1.8456	2.13	0.95	-1.5313	0.63	0.26	4.6633	8.64	3.53
3.625	-4.460417	-24.413194	   NA	-5.2243	-0.3226	0.2836	-2.6172	-1.3293	-0.4014	-1.2469	-1.6078	-1.8242	-2.1492	-2.0147	1.5849	12.9794	-1.7598	-1.8015	-1.2790	12.4251	-1.8420	2.19	0.98	-1.5407	0.64	0.26	3.6915	7.09	2.90
3.75	-4.335417	-24.288194	   NA	-5.2879	-0.3661	0.3558	-2.6195	-1.3537	-0.3683	-1.2864	-1.6157	-1.8525	-2.1754	-1.9940	1.7492	9.9794	-1.7669	-1.7731	-1.2995	9.4251	-1.8543	2.22	0.99	-1.5487	0.66	0.27	2.7190	5.57	2.27
3.875	-4.210417	-24.163194	   NA	-5.3571	-0.4322	0.3642	-2.6434	-1.4254	-0.3468	-1.3607	-1.6693	-1.8448	-2.1821	-2.0226	1.9143	6.9794	-1.7838	-1.7680	-1.3468	6.4251	-1.8988	2.24	1.00	-1.5711	0.66	0.27	1.7367	4.09	1.67
4	-4.085417	-24.038194	   NA	-5.4214	-0.5131	0.3684	-2.6836	-1.5296	-0.3404	-1.4430	-1.7692	-1.8328	-2.1883	-2.0930	2.0759	3.9794	-1.7967	-1.7932	-1.3737	3.4251	-1.9559	2.25	1.01	-1.6111	0.68	0.28	0.7528	2.71	1.11
4.125	-3.960417	-23.913194	   NA	-5.4716	-0.5709	0.3882	-2.7167	-1.6116	-0.3275	-1.5069	-1.8226	-1.7976	-2.2530	-2.1417	2.2171	0.9794	-1.8096	-1.8524	-1.3885	0.4251	-1.9965	2.26	1.01	-1.6416	0.70	0.28	-0.2382	1.69	0.69
4.25	-3.835417	-23.788194	   NA	-5.5082	-0.6018	0.4073	-2.7873	-1.6528	-0.2847	-1.5692	-1.8857	-1.7777	-2.3328	-2.1819	2.3175	0.4816	-1.8265	-1.9242	-1.4025	-0.0321	-2.0286	2.28	1.02	-1.6720	0.73	0.30	-0.3977	1.65	0.67
4.375	-3.710417	-23.663194	   NA	-5.5318	-0.6499	0.4037	-2.8610	-1.7082	-0.2458	-1.6480	-1.9687	-1.8046	-2.4017	-2.2521	2.3852	0.4745	-1.8971	-1.9707	-1.4407	-0.0982	-2.0694	2.28	1.02	-1.7201	0.77	0.32	-0.4245	1.70	0.69
4.5	-3.585417	-23.538194	   NA	-5.5578	-0.6926	0.4005	-2.8858	-1.7584	-0.2201	-1.7332	-2.0446	-1.8491	-2.4585	-2.3083	2.4362	0.4869	-1.9655	-1.9980	-1.5429	-0.1471	-2.0988	2.29	1.02	-1.7690	0.81	0.33	-0.4551	1.74	0.71
4.625	-3.460417	-23.413194	   NA	-5.5813	-0.7297	0.4581	-2.9158	-1.7898	-0.2042	-1.7984	-2.1062	-1.8641	-2.4834	-2.3287	2.4999	0.4824	-2.0094	-2.0215	-1.6650	-0.1949	-2.1117	2.31	1.03	-1.7975	0.82	0.34	-0.4848	1.79	0.73
4.75	-3.335417	-23.288194	   NA	-5.5944	-0.7787	0.5551	-2.9474	-1.8340	-0.1945	-1.8081	-2.1422	-1.8411	-2.4806	-2.3381	2.6043	0.4352	-2.0456	-2.0314	-1.7016	-0.1901	-2.1199	2.33	1.04	-1.8008	0.83	0.34	-0.4882	1.83	0.75
4.875	-3.210417	-23.163194	   NA	-5.5946	-0.8161	0.6513	-2.9556	-1.8611	-0.1722	-1.7864	-2.1394	-1.8107	-2.4431	-2.3770	2.7076	0.4122	-2.0796	-2.0719	-1.7461	-0.1349	-2.1152	2.36	1.05	-1.7881	0.84	0.34	-0.4855	1.89	0.77
5	-3.085417	-23.038194	   NA	-5.6210	-0.8293	0.7477	-2.9899	-1.8918	-0.1410	-1.8039	-2.1643	-1.8086	-2.4694	-2.4307	2.7926	0.4369	-2.1462	-2.1576	-1.7768	-0.1440	-2.1169	2.40	1.07	-1.8030	0.86	0.35	-0.4992	1.95	0.79
5.125	-2.960417	-22.913194	   NA	-5.7195	-0.8615	0.8039	-3.0373	-1.9313	-0.1206	-1.8324	-2.2466	-1.8550	-2.5747	-2.4714	2.8805	0.4428	-2.2517	-2.2261	-1.8066	-0.2243	-2.1491	2.45	1.09	-1.8501	0.90	0.37	-0.5309	2.01	0.82
5.25	-2.835417	-22.788194	   NA	-5.8591	-0.9095	0.8401	-3.0807	-1.9805	-0.1142	-1.8520	-2.2940	-1.9068	-2.6546	-2.5039	2.9525	0.4050	-2.3360	-2.2694	-1.8022	-0.3128	-2.1979	2.51	1.12	-1.8876	0.93	0.38	-0.5605	2.05	0.84
5.375	-2.710417	-22.663194	   NA	-5.9730	-0.9239	0.9399	-3.0977	-1.9993	-0.1099	-1.8908	-2.3405	-1.9280	-2.6719	-2.5326	2.9970	0.3497	-2.3707	-2.3267	-1.8261	-0.4039	-2.2108	2.58	1.15	-1.9123	0.94	0.38	-0.5968	2.07	0.85
5.5	-2.585417	-22.538194	   NA	-6.0309	-0.9135	1.0395	-3.1134	-2.0568	-0.0470	-1.9397	-2.4067	-1.9401	-2.6858	-2.5492	3.0599	0.3135	-2.4341	-2.4000	-1.8419	-0.4954	-2.2150	2.63	1.18	-1.9281	0.97	0.40	-0.6330	2.12	0.86
5.625	-2.460417	-22.413194	   NA	-6.0332	-0.8975	1.0793	-3.1199	-2.1349	0.0587	-1.9969	-2.4527	-1.9506	-2.7327	-2.5658	3.1606	0.3269	-2.4823	-2.4620	-1.8836	-0.6080	-2.2212	2.65	1.18	-1.9400	1.03	0.42	-0.6581	2.17	0.89
5.75	-2.335417	-22.288194	   NA	-6.0416	-0.8853	1.1590	-3.1247	-2.1913	0.1355	-2.0332	-2.4496	-1.9528	-2.7342	-2.5683	3.2651	0.3494	-2.4705	-2.5112	-1.9070	-0.6601	-2.2168	2.68	1.20	-1.9338	1.06	0.43	-0.6557	2.22	0.91
5.875	-2.210417	-22.163194	   NA	-6.0808	-0.8682	1.2696	-3.1410	-2.2483	0.1931	-2.0564	-2.4476	-1.9351	-2.7007	-2.5435	3.3491	0.3733	-2.4886	-2.5604	-1.8924	-0.6517	-2.2137	2.73	1.22	-1.9150	1.07	0.44	-0.6451	2.26	0.92
6	-2.085417	-22.038194	   NA	-6.1181	-0.8534	1.3959	-3.1694	-2.3053	0.2483	-2.0825	-2.4957	-1.8744	-2.6758	-2.5511	3.4280	0.3887	-2.5234	-2.5863	-1.8814	-0.6298	-2.2101	2.79	1.25	-1.9052	1.10	0.45	-0.6340	2.30	0.94
6.125	-1.960417	-21.913194	   NA	-6.1719	-0.8720	1.5097	-3.2260	-2.3692	0.2720	-2.1280	-2.5364	-1.8072	-2.6630	-2.5924	3.5127	0.3829	-2.5138	-2.5900	-1.8561	-0.6075	-2.2259	2.85	1.27	-1.9092	1.12	0.46	-0.6120	2.33	0.95
6.25	-1.835417	-21.788194	   NA	-6.2492	-0.8931	1.6091	-3.2730	-2.4358	0.2871	-2.1594	-2.5673	-1.7472	-2.6560	-2.5933	3.6037	0.3688	-2.5249	-2.5573	-1.8158	-0.6134	-2.2484	2.91	1.30	-1.9060	1.13	0.46	-0.5898	2.35	0.96
6.375	-1.710417	-21.663194	   NA	-6.3149	-0.9186	1.6853	-3.2802	-2.4429	0.3206	-2.1613	-2.6110	-1.7316	-2.6792	-2.5563	3.6948	0.3789	-2.5315	-2.5059	-1.7745	-0.6278	-2.2543	2.95	1.32	-1.9031	1.15	0.47	-0.5610	2.37	0.97
6.5	-1.585417	-21.538194	   NA	-6.3969	-1.0253	1.7312	-3.3409	-2.4094	0.3173	-2.1682	-2.6276	-1.7540	-2.7118	-2.5632	3.7798	0.3428	-2.5502	-2.4645	-1.7177	-0.7140	-2.2883	2.99	1.34	-1.9179	1.15	0.47	-0.5540	2.39	0.98
6.625	-1.460417	-21.413194	   NA	-6.5114	-1.1232	1.7651	-3.4646	-2.3911	0.2874	-2.1755	-2.6433	-1.7657	-2.7694	-2.5971	3.8679	0.2637	-2.6057	-2.4519	-1.6598	-0.8123	-2.3450	3.04	1.36	-1.9439	1.15	0.47	-0.5664	2.42	0.99
6.75	-1.335417	-21.288194	   NA	-6.6161	-1.1792	1.8055	-3.5649	-2.4213	0.2706	-2.1687	-2.6325	-1.7191	-2.8149	-2.6031	3.9462	0.1965	-2.6086	-2.4767	-1.6139	-0.9107	-2.3952	3.09	1.38	-1.9446	1.16	0.47	-0.5779	2.45	1.00
6.875	-1.210417	-21.163194	   NA	-6.7025	-1.2495	1.8689	-3.6469	-2.4717	0.2835	-2.1318	-2.6403	-1.6414	-2.8193	-2.5904	3.9959	0.1501	-2.6207	-2.5586	-1.6220	-0.9016	-2.4403	3.15	1.41	-1.9233	1.16	0.47	-0.5928	2.48	1.01
7	-1.085417	-21.038194	   NA	-6.7486	-1.3403	1.9291	-3.7256	-2.5446	0.3324	-2.1140	-2.6610	-1.6131	-2.8098	-2.6014	4.0399	0.1070	-2.6510	-2.6657	-1.6340	-0.8738	-2.4860	3.18	1.42	-1.9111	1.18	0.48	-0.6129	2.52	1.03
7.125	-0.960417	-20.913194	   NA	-6.7835	-1.4357	1.9629	-3.7739	-2.6791	0.3725	-2.1725	-2.6986	-1.6662	-2.8344	-2.6547	4.0985	0.0573	-2.6621	-2.7592	-1.6651	-0.8737	-2.5419	3.20	1.43	-1.9423	1.21	0.50	-0.6341	2.55	1.04
7.25	-0.835417	-20.788194	   NA	-6.8038	-1.5108	1.9735	-3.7587	-2.8096	0.4050	-2.2845	-2.7368	-1.7602	-2.8820	-2.7003	4.1795	0.0400	-2.6770	-2.7962	-1.6482	-0.9365	-2.5819	3.21	1.43	-1.9931	1.24	0.51	-0.6397	2.59	1.06
7.375	-0.710417	-20.663194	   NA	-6.8206	-1.5080	1.9774	-3.7268	-2.8481	0.4458	-2.3856	-2.7926	-1.8351	-2.9246	-2.7491	4.2681	0.0125	-2.7356	-2.7961	-1.6430	-1.0659	-2.5852	3.21	1.44	-2.0402	1.28	0.52	-0.6600	2.64	1.08
7.5	-0.585417	-20.538194	   NA	-6.8639	-1.5077	1.9595	-3.7227	-2.8433	0.4566	-2.4314	-2.8199	-1.8716	-2.9374	-2.7974	4.2906	-0.0642	-2.8105	-2.8570	-1.6762	-1.1633	-2.5956	3.22	1.44	-2.0669	1.30	0.53	-0.7134	2.67	1.09
7.625	-0.460417	-20.413194	   NA	-6.9316	-1.5700	1.9667	-3.7202	-2.8619	0.4567	-2.4422	-2.7978	-1.8820	-2.9543	-2.8037	4.2746	-0.1125	-2.8838	-2.9538	-1.6810	-1.2147	-2.6234	3.24	1.45	-2.0705	1.30	0.53	-0.7619	2.69	1.10
7.75	-0.335417	-20.288194	   NA	-7.0154	-1.6037	2.0236	-3.7282	-2.8701	0.4953	-2.4480	-2.7831	-1.8904	-3.0083	-2.8094	4.3264	-0.1336	-2.9571	-3.0186	-1.6708	-1.2312	-2.6388	3.29	1.47	-2.0740	1.32	0.54	-0.7808	2.73	1.11
7.875	-0.210417	-20.163194	   NA	-7.0803	-1.6025	2.0578	-3.7360	-2.8325	0.5405	-2.4543	-2.7951	-1.9094	-3.0911	-2.8186	4.4115	-0.1542	-2.9780	-3.0882	-1.4294	-1.2293	-2.6387	3.32	1.48	-2.0880	1.35	0.55	-0.7446	2.76	1.13
8	-0.085417	-20.038194	   NA	-7.1138	-1.5845	2.0291	-3.7366	-2.7612	0.6300	-2.4710	-2.8030	-1.9330	-3.2051	-2.8652	4.4691	-0.1781	-2.9450	-2.9520	-1.1716	-1.2403	-2.6334	3.32	1.49	-2.1079	1.41	0.58	-0.6696	2.74	1.12
8.085417	0	-19.952778	   NA	0.0000	0.0000	0.0000	0.0000	0.0000	0.0000	0.0000	0.0000	0.0000	0.0000	0.0000	0.0000	0.0000	0.0000	0.0000	0.0000	0.0000	0.0000	0.00	0.00	0.0000	0.00	0.00	0.0000	0.00	0.00
8.210417	0.125	-19.827778	   NA	0.4217	1.1659	0.1488	1.4005	0.3997	0.4836	0.5174	0.0248	0.0017	-0.0425	-0.0321	1.5089	13.5129	0.6299	1.0433	0.2579	0.1055	0.7073	0.54	0.24	0.1588	0.27	0.11	2.8431	5.25	2.14
8.335417	0.25	-19.702778	   NA	1.3216	2.7106	1.1910	3.4522	0.8988	1.0664	1.0347	0.0437	0.0233	-0.0218	-0.0261	5.3051	29.1091	1.4895	2.1196	0.6431	0.2189	1.9148	1.11	0.50	0.3534	0.54	0.22	6.4809	11.23	4.58
8.460417	0.375	-19.577778	   NA	2.6242	4.7171	4.3253	6.3241	1.3334	1.7163	2.6765	0.0614	0.1237	0.2558	0.0707	11.8572	56.3389	3.0140	3.2260	1.5229	0.3544	3.8648	1.93	0.86	0.8174	1.11	0.45	12.7189	21.75	8.88
8.585417	0.5	-19.452778	   NA	3.8788	6.3429	9.6294	8.9330	1.5660	2.5635	4.8393	0.1475	0.4393	1.1004	0.3326	20.0928	82.2082	4.7670	4.3207	2.7814	0.4194	6.0700	3.39	1.52	1.5704	1.83	0.75	19.0983	31.69	12.94
8.710417	0.625	-19.327778	   NA	4.8289	7.5917	16.4160	10.6613	1.6445	3.6751	8.1452	0.4340	1.1198	2.7205	0.8895	28.9379	105.4987	6.2920	5.5818	4.1846	0.4254	8.2285	5.66	2.53	2.8307	2.88	1.17	25.1534	40.64	16.59
8.835417	0.75	-19.202778	   NA	5.4624	8.6049	25.1509	11.7506	1.6722	5.1046	12.5170	0.9209	2.2026	5.0874	1.8357	38.1174	126.6396	7.1272	6.5663	5.6477	0.3793	10.5282	8.99	4.02	4.6114	4.24	1.73	30.7462	48.88	19.95
8.960417	0.875	-19.077778	   NA	5.8926	9.4822	33.9185	12.5619	1.6923	6.7942	17.3966	1.5401	3.3055	8.2025	3.1901	47.3843	147.4641	7.9624	7.4966	7.1233	0.3316	12.7095	12.53	5.60	6.7382	5.78	2.36	36.2937	57.02	23.28
9.085417	1	-18.952778	   NA	6.1552	10.0301	44.4159	12.9282	1.6887	8.6882	22.7255	2.5190	4.6838	12.2419	5.0355	56.6531	166.2554	8.7976	8.4269	8.6367	0.2792	15.0436	16.95	7.58	9.3156	7.41	3.03	41.5082	64.40	26.29
9.210417	1.125	-18.827778	   NA	6.2965	10.3994	54.9425	13.1139	1.7104	10.7421	28.5700	3.7942	6.2037	17.1479	7.1329	65.1301	183.3943	9.6328	9.3572	10.1414	0.2468	17.2925	21.48	9.61	12.2651	9.24	3.77	46.3171	71.12	29.03
9.335417	1.25	-18.702778	   NA	6.3877	10.6713	65.8823	13.2521	1.7561	12.9566	34.6946	5.2799	7.7808	22.4979	9.5036	72.3785	198.6402	10.4680	10.2876	11.6153	0.2395	19.5899	26.24	11.74	15.4522	11.17	4.56	50.6048	77.05	31.45
9.460417	1.375	-18.577778	   NA	6.4127	10.7865	76.0734	13.3583	1.7604	15.2565	40.7649	6.8963	9.3953	28.0436	12.2050	79.3054	212.1383	11.3033	11.2179	13.0552	0.2352	21.6783	30.73	13.74	18.7603	13.07	5.34	54.5425	82.30	33.60
9.585417	1.5	-18.452778	   NA	6.3777	10.9017	86.2518	13.3505	1.7241	17.5080	46.6089	8.5688	11.0842	33.8210	15.1491	85.6705	223.9072	12.1385	12.1482	14.4199	0.2034	23.7212	35.24	15.76	22.1233	14.91	6.09	58.0813	86.87	35.47
9.710417	1.625	-18.327778	   NA	6.3290	10.9927	95.6673	13.2808	1.6763	19.7384	52.2827	10.2473	12.8322	39.7403	18.3990	91.5699	234.0100	12.9737	13.0785	15.7087	0.1219	25.5892	39.43	17.63	25.5400	16.71	6.82	61.2438	90.80	37.07
9.835417	1.75	-18.202778	   NA	6.2478	11.0342	104.7703	13.2300	1.6256	21.8929	57.7855	11.9082	14.5718	45.6207	21.8605	97.1004	242.6639	13.8089	14.0088	16.8931	0.0397	27.3816	43.49	19.45	28.9399	18.47	7.54	64.0858	94.17	38.45
9.960417	1.875	-18.077778	   NA	6.1699	11.0425	113.5894	13.2021	1.6058	23.9551	62.9748	13.4813	16.2588	51.3089	25.3807	102.2090	249.9446	14.6441	14.9392	17.8382	-0.0387	29.1219	47.43	21.21	32.2266	20.16	8.23	66.5894	97.03	39.61
10.085417	2	-17.952778	   NA	6.1206	11.0107	121.8150	13.1715	1.6112	26.0067	67.8329	14.9889	17.8448	56.7075	28.8723	107.1013	255.9645	15.4793	15.8695	18.4045	-0.0925	30.7458	51.11	22.86	35.3755	21.73	8.87	68.7878	99.43	40.59
10.210417	2.125	-17.827778	   NA	6.0623	10.9428	129.0955	13.1301	1.6043	27.9811	72.3609	16.4413	19.4018	61.8614	32.2487	111.6915	260.8550	16.0592	16.7998	18.9708	-0.1525	32.1670	54.37	24.31	38.3825	23.21	9.48	70.7040	101.42	41.40
10.335417	2.25	-17.702778	   NA	6.0210	10.8759	136.3602	13.0818	1.5995	29.8691	76.5408	17.7811	20.8739	66.8037	35.5528	115.6806	264.7828	16.0094	17.2336	19.4256	-0.1642	33.5877	57.62	25.77	41.2369	24.60	10.04	72.1613	103.13	42.10
10.460417	2.375	-17.577778	   NA	6.0014	10.8575	143.0033	13.0327	1.5672	31.6545	80.4297	18.9909	22.3417	71.5993	38.7073	119.2131	267.8770	16.0007	17.4529	19.5116	-0.1550	34.8924	60.60	27.10	43.9539	25.94	10.59	73.3167	104.56	42.68
10.585417	2.5	-17.452778	   NA	5.9697	10.8509	149.3351	12.9736	1.5017	33.2822	84.0790	20.1083	23.6633	76.3377	41.6347	122.4021	270.2618	15.9834	17.5397	19.4839	-0.1956	36.1262	63.44	28.37	46.5175	27.27	11.13	74.2459	105.73	43.16
10.710417	2.625	-17.327778	   NA	5.9309	10.8254	155.1983	12.9160	1.4251	34.8585	87.5234	21.1851	24.8897	80.9045	44.3958	125.5330	272.1444	15.9376	17.5504	19.4217	-0.2295	37.2591	66.08	29.55	48.9595	28.56	11.66	75.0596	106.73	43.57
10.835417	2.75	-17.202778	   NA	5.9066	10.7935	161.0535	12.8774	1.3350	36.4912	90.7897	22.1425	26.0387	85.1674	46.9552	128.6013	273.5662	15.8730	17.5159	19.3463	-0.2321	38.3932	68.72	30.73	51.2641	29.78	12.16	75.7784	107.57	43.91
10.960417	2.875	-17.077778	   NA	5.8998	10.7455	166.0157	12.8582	1.2795	38.1596	93.8883	23.0185	27.1926	89.2636	49.3116	131.6460	274.5716	15.8152	17.4671	19.2506	-0.2153	39.3597	70.94	31.73	53.4724	30.93	12.63	76.4225	108.26	44.20
11.085417	3	-16.952778	   NA	5.8986	10.7067	170.9627	12.8612	1.2569	39.7460	96.8069	23.8117	28.3338	93.3414	51.4187	134.6906	275.4900	15.7835	17.4908	19.2057	-0.1986	40.3372	73.16	32.72	55.5764	32.08	13.10	77.0770	108.92	44.47
11.210417	3.125	-16.827778	   NA	5.8590	10.7271	175.7786	12.8828	1.2188	41.1706	99.5422	24.5460	29.4121	97.3606	53.2865	137.4123	276.1822	15.7871	17.5374	19.2203	-0.1864	41.2933	75.31	33.68	57.5530	33.21	13.56	77.6588	109.45	44.68
11.335417	3.25	-16.702778	   NA	5.7868	10.7628	179.9790	12.8860	1.1703	42.3621	102.0712	25.2630	30.4088	101.1419	54.9509	140.0771	276.6966	15.8099	17.5407	19.1919	-0.2088	42.1170	77.20	34.53	59.3663	34.29	14.00	78.1846	109.94	44.88
11.460417	3.375	-16.577778	   NA	5.7320	10.7601	184.0403	12.8289	1.1570	43.3290	104.4489	25.8426	31.3137	104.5519	56.3932	142.5760	277.0893	15.8446	17.5438	19.1322	-0.2751	42.9037	79.03	35.34	60.9799	35.31	14.42	78.6518	110.38	45.06
11.585417	3.5	-16.452778	   NA	5.6832	10.7040	188.0772	12.7248	1.1570	44.2818	106.6308	26.2484	32.1743	107.4617	57.6282	144.7950	277.4503	15.8782	17.5385	19.0808	-0.3351	43.6692	80.85	36.16	62.4042	36.22	14.79	79.0680	110.78	45.22
11.710417	3.625	-16.327778	   NA	5.6198	10.6273	191.9527	12.6206	1.1031	45.0710	108.5730	26.5909	32.9630	110.1986	58.6798	146.9284	277.8004	15.8799	17.5124	19.0056	-0.3983	44.3847	82.61	36.95	63.6794	37.07	15.13	79.4547	111.18	45.39
11.835417	3.75	-16.202778	   NA	5.5720	10.5597	195.5745	12.5455	1.0541	45.7502	110.2840	26.9333	33.6843	112.6051	59.5699	148.9927	278.1188	15.8386	17.4847	18.9508	-0.4714	45.0612	84.26	37.68	64.8045	37.81	15.43	79.8190	111.57	45.55
11.960417	3.875	-16.077778	   NA	5.5092	10.5037	199.0789	12.4867	1.0197	46.3463	111.7761	27.2163	34.3431	114.6159	60.2996	150.9053	278.3691	15.7795	17.4279	18.9208	-0.5192	45.7196	85.85	38.39	65.7662	38.43	15.69	80.1472	111.92	45.69
12.085417	4	-15.952778	   NA	5.4654	10.4971	202.4259	12.4614	1.0090	46.8712	113.1576	27.4509	34.9500	116.3300	60.9627	152.6964	278.5519	15.7228	17.4320	18.8485	-0.5491	46.3718	87.35	39.06	66.6204	38.98	15.91	80.4504	112.23	45.82
12.210417	4.125	-15.827778	   NA	5.4467	10.5445	205.4779	12.4669	1.0472	47.3365	114.4421	27.6705	35.5093	117.7302	61.5448	154.5583	278.6819	15.6742	17.4703	18.7405	-0.5577	46.9966	88.71	39.67	67.3722	39.44	16.10	80.7613	112.53	45.94
12.335417	4.25	-15.702778	   NA	5.3718	10.5561	208.4787	12.4677	1.0488	47.7587	115.5384	27.8671	35.9824	119.0244	61.9936	156.4552	278.7796	15.6214	17.4323	18.6312	-0.5725	47.5846	90.05	40.27	68.0274	39.86	16.27	81.0579	112.84	46.07
12.460417	4.375	-15.577778	   NA	5.3026	10.5174	211.2177	12.4179	0.9913	48.1659	116.4084	27.9747	36.3796	120.0820	62.3385	158.1874	278.8548	15.5714	17.3729	18.5416	-0.6388	48.0894	91.30	40.83	68.5582	40.20	16.41	81.3149	113.14	46.19
12.585417	4.5	-15.452778	   NA	5.2324	10.4571	213.7794	12.3579	0.9320	48.5901	117.2516	28.0142	36.7660	120.9945	62.6222	159.7769	278.9291	15.5383	17.3309	18.4988	-0.7204	48.5518	92.47	41.36	69.0398	40.52	16.54	81.5589	113.40	46.30
12.710417	4.625	-15.327778	   NA	5.1625	10.4056	216.2203	12.3060	0.8843	48.9840	118.0073	28.0754	37.1603	121.8011	62.8927	161.2860	279.0158	15.5607	17.2926	18.4928	-0.7731	48.9957	93.59	41.85	69.4868	40.78	16.65	81.8125	113.65	46.40
12.835417	4.75	-15.202778	   NA	5.1325	10.3877	218.5652	12.2166	0.8386	49.3695	118.6829	28.1400	37.5125	122.4423	63.1121	162.6616	279.0850	15.6232	17.2877	18.4747	-0.8119	49.4281	94.66	42.33	69.8766	40.99	16.73	82.0534	113.87	46.49
12.960417	4.875	-15.077778	   NA	5.0639	10.3688	220.8214	12.1351	0.7927	49.7518	119.2859	28.1745	37.8635	122.9437	63.2698	163.9586	279.1274	15.6695	17.2504	18.4206	-0.8395	49.8364	95.69	42.79	70.2149	41.16	16.80	82.2645	114.08	46.57
13.085417	5	-14.952778	   NA	4.9661	10.3371	223.0455	12.0951	0.7322	50.0964	119.8213	28.1887	38.1799	123.3503	63.4053	165.2038	279.1689	15.6960	17.1883	18.3542	-0.8363	50.2352	96.71	43.25	70.5070	41.30	16.86	82.4625	114.29	46.66
13.210417	5.125	-14.827778	   NA	4.9122	10.2968	225.1757	12.0569	0.6762	50.4153	120.2575	28.2225	38.4295	123.6939	63.5406	166.3495	279.2085	15.6937	17.1726	18.2963	-0.8279	50.6236	97.68	43.68	70.7599	41.41	16.90	82.6488	114.47	46.73
13.335417	5.25	-14.702778	   NA	4.8602	10.2670	227.1288	12.0056	0.6417	50.7724	120.6497	28.2906	38.6464	123.9693	63.7150	167.4654	279.2423	15.6622	17.2015	18.2512	-0.8323	50.9807	98.57	44.08	71.0072	41.48	16.94	82.8317	114.66	46.81
13.460417	5.375	-14.577778	   NA	4.8070	10.2541	228.8756	11.9488	0.6216	51.0917	120.9865	28.3295	38.7877	124.1742	63.8947	168.4957	279.2572	15.6096	17.2317	18.2260	-0.8438	51.3014	99.37	44.44	71.2107	41.55	16.96	82.9961	114.82	46.88
13.585417	5.5	-14.452778	   NA	4.7336	10.2120	230.5144	11.8836	0.6214	51.3763	121.2153	28.3207	38.8640	124.3129	64.0067	169.5216	279.2477	15.5384	17.2004	18.2256	-0.8670	51.5930	100.12	44.77	71.3493	41.60	16.98	83.1445	114.99	46.94
13.710417	5.625	-14.327778	   NA	4.6890	10.1369	232.1319	11.8032	0.6261	51.6384	121.3448	28.3137	38.9154	124.3956	64.1029	170.4027	279.2247	15.4559	17.0995	18.2151	-0.9047	51.8774	100.86	45.11	71.4518	41.61	16.99	83.2489	115.14	47.01
13.835417	5.75	-14.202778	   NA	4.6277	10.0624	233.6242	11.7194	0.5892	51.9004	121.3925	28.3151	38.9519	124.4776	64.2198	171.2271	279.2220	15.3794	17.0081	18.1644	-0.9690	52.1246	101.56	45.42	71.5429	41.61	16.99	83.3387	115.30	47.07
13.960417	5.875	-14.077778	   NA	4.5418	10.0098	234.9772	11.6575	0.5335	52.1629	121.4381	28.3308	39.0260	124.6009	64.3222	172.0529	279.2441	15.3147	16.9678	18.1014	-1.0345	52.3440	102.19	45.70	71.6468	41.61	16.99	83.4411	115.46	47.14
14.085417	6	-13.952778	   NA	4.4988	9.9631	236.3274	11.5712	0.4757	52.4320	121.5142	28.3599	39.1201	124.6802	64.4177	172.7480	279.2678	15.2499	16.8959	18.0383	-1.0905	52.5672	102.82	45.98	71.7540	41.60	16.98	83.5182	115.61	47.20
14.210417	6.125	-13.827778	   NA	4.4639	9.9121	237.6581	11.4659	0.4179	52.6997	121.5942	28.3889	39.2169	124.7319	64.5133	173.4281	279.2914	15.1851	16.8341	17.9752	-1.1465	52.7836	103.44	46.26	71.8575	41.58	16.98	83.5946	115.75	47.26
14.335417	6.25	-13.702778	   NA	4.4731	9.8291	238.8870	11.3773	0.4070	52.9566	121.7000	28.4262	39.3185	124.7491	64.6101	173.9495	279.2962	15.1526	16.8340	17.9522	-1.1904	52.9947	104.01	46.51	71.9601	41.56	16.97	83.6657	115.85	47.29
14.460417	6.375	-13.577778	   NA	4.4362	9.7547	239.9806	11.3362	0.3705	53.1877	121.7903	28.4904	39.4054	124.7886	64.7039	174.3487	279.2728	15.1611	16.8473	17.9591	-1.2131	53.1756	104.52	46.74	72.0610	41.54	16.96	83.7293	115.90	47.32
14.585417	6.5	-13.452778	   NA	4.3516	9.7085	241.0416	11.3100	0.2719	53.3872	121.8802	28.5884	39.4689	124.8335	64.7999	174.7154	279.2317	15.1541	16.8012	17.9267	-1.2294	53.3367	105.02	46.97	72.1597	41.52	16.95	83.7666	115.96	47.34
14.710417	6.625	-13.327778	   NA	4.3154	9.7019	242.0395	11.2895	0.1838	53.5642	121.8940	28.6672	39.5080	124.8375	64.8627	175.1108	279.1833	15.1197	16.7417	17.8571	-1.2558	53.5060	105.49	47.17	72.2223	41.49	16.94	83.7928	116.03	47.37
14.835417	6.75	-13.202778	   NA	4.2818	9.7251	243.0374	11.2427	0.0719	53.7537	121.8576	28.6862	39.5672	124.8095	64.8776	175.4856	279.1634	15.1248	16.6709	17.7978	-1.2880	53.6718	105.95	47.38	72.2586	41.44	16.92	83.8257	116.10	47.40
14.960417	6.875	-13.077778	   NA	4.2218	9.6921	243.9953	11.1543	-0.0189	53.9542	121.8203	28.6762	39.6378	124.8166	64.9383	175.7672	279.1667	15.1430	16.6000	17.7860	-1.3108	53.8089	106.41	47.59	72.3072	41.40	16.90	83.8587	116.15	47.42
15.085417	7	-12.952778	   NA	4.1154	9.5844	244.8373	11.0666	-0.0597	54.2058	121.7833	28.6841	39.7247	124.8899	65.0684	175.9627	279.1471	15.1479	16.5363	17.8116	-1.3583	53.9088	106.82	47.77	72.3927	41.37	16.89	83.8745	116.19	47.43
15.210417	7.125	-12.827778	   NA	4.0433	9.4960	245.6693	11.0155	-0.1184	54.4598	121.8461	28.7286	39.7571	124.9785	65.2095	176.1487	279.1282	15.1348	16.5093	17.8358	-1.4507	54.0211	107.23	47.95	72.4966	41.37	16.89	83.8844	116.23	47.45
15.335417	7.25	-12.702778	   NA	3.9731	9.4261	246.5883	10.9985	-0.1772	54.6628	121.9289	28.7925	39.7772	125.0557	65.3230	176.2738	279.1754	15.1399	16.4574	17.8382	-1.5339	54.1618	107.66	48.15	72.5900	41.37	16.89	83.8918	116.28	47.47
15.460417	7.375	-12.577778	   NA	3.9100	9.3550	247.5160	10.9947	-0.2356	54.8222	121.9488	28.8397	39.7646	125.1045	65.4181	176.3956	279.2317	15.1337	16.4008	17.8139	-1.5933	54.3080	108.10	48.34	72.6496	41.36	16.88	83.8971	116.34	47.49
15.585417	7.5	-12.452778	   NA	3.8495	9.2573	248.3426	10.9352	-0.3123	54.9732	121.9676	28.8759	39.7767	125.1759	65.4560	176.4562	279.2228	15.0701	16.3184	17.8019	-1.6409	54.4145	108.50	48.52	72.7042	41.36	16.88	83.8714	116.37	47.51
15.710417	7.625	-12.327778	   NA	3.7891	9.1544	249.1207	10.8531	-0.4125	55.1123	121.9837	28.9795	39.8173	125.2267	65.4975	176.5105	279.1808	14.9842	16.2410	17.7925	-1.6877	54.5010	108.89	48.70	72.7695	41.33	16.87	83.8369	116.39	47.52
15.835417	7.75	-12.202778	   NA	3.7398	9.0570	249.8351	10.8050	-0.5155	55.2467	122.0507	29.1194	39.8363	125.2695	65.5699	176.5501	279.1456	14.9136	16.1719	17.7372	-1.7444	54.5843	109.24	48.85	72.8487	41.31	16.87	83.7957	116.42	47.53
15.960417	7.875	-12.077778	   NA	3.6581	8.9768	250.4993	10.7286	-0.6205	55.3929	122.0787	29.2574	39.8707	125.3123	65.6411	176.6267	279.1409	14.8533	16.1360	17.6560	-1.7855	54.6485	109.58	49.00	72.9255	41.28	16.85	83.7712	116.45	47.54
16.085417	8	-11.952778	   NA	3.5747	8.9041	251.1521	10.6387	-0.7257	55.5018	122.1057	29.3944	39.8941	125.3551	65.7113	176.7265	279.1574	14.7930	16.1125	17.5748	-1.8086	54.7088	109.91	49.15	72.9937	41.25	16.84	83.7593	116.50	47.56
16.210417	8.125	-11.827778	   NA	3.4652	8.8430	251.7525	10.5235	-0.7636	55.5598	122.1214	29.4874	39.9168	125.3977	65.8167	176.7548	279.1608	14.7328	16.0578	17.4785	-1.8438	54.7641	110.21	49.29	73.0500	41.24	16.83	83.7235	116.53	47.57
16.335417	8.25	-11.702778	   NA	3.3740	8.7951	252.3162	10.4012	-0.7516	55.6554	122.1372	29.5928	39.9642	125.4550	65.8910	176.7493	279.1610	14.6883	16.0003	17.3600	-1.8969	54.8270	110.49	49.41	73.1159	41.21	16.83	83.6770	116.56	47.59
16.460417	8.375	-11.577778	   NA	3.3478	8.7506	252.8033	10.2961	-0.8244	55.7969	122.1587	29.7640	39.9923	125.5007	65.9455	176.7355	279.1867	14.6639	15.9293	17.2608	-1.9283	54.8747	110.73	49.52	73.1930	41.18	16.81	83.6413	116.60	47.60
16.585417	8.5	-11.452778	   NA	3.3025	8.7013	253.3033	10.1983	-0.9394	55.9354	122.1192	29.9699	40.0130	125.5431	66.0427	176.6927	279.2139	14.6421	15.8340	17.1875	-1.9364	54.9132	110.99	49.64	73.2706	41.12	16.79	83.6056	116.62	47.61
16.710417	8.625	-11.327778	   NA	3.1837	8.6443	253.8012	10.0860	-1.0435	56.0566	122.1254	30.1703	40.0078	125.5863	66.1420	176.6481	279.2153	14.6200	15.7865	17.0919	-1.9470	54.9343	111.26	49.76	73.3481	41.07	16.77	83.5691	116.64	47.62
16.835417	8.75	-11.202778	   NA	3.0830	8.5719	254.2398	9.9795	-1.1160	56.1623	122.1539	30.3808	39.9966	125.6295	66.2308	176.6218	279.2121	14.6078	15.7620	16.9773	-1.9621	54.9516	111.49	49.86	73.4257	41.04	16.75	83.5365	116.65	47.62
16.960417	8.875	-11.077778	   NA	3.0100	8.4801	254.6252	9.9178	-1.1278	56.2925	122.2212	30.5842	40.0221	125.6513	66.3082	176.6037	279.2208	14.5941	15.7285	16.8609	-1.9943	54.9811	111.69	49.95	73.5132	41.00	16.74	83.5023	116.68	47.63
17.085417	9	-10.952778	   NA	2.9752	8.4180	254.9867	9.8633	-1.1436	56.4170	122.3405	30.8024	40.0699	125.7134	66.3660	176.6098	279.2326	14.5651	15.6501	16.7764	-2.0554	55.0199	111.87	50.03	73.6182	40.98	16.73	83.4631	116.71	47.65
17.210417	9.125	-10.827778	   NA	2.9211	8.3698	255.3141	9.8002	-1.1533	56.5192	122.4211	31.0682	40.1067	125.7971	66.4093	176.6147	279.2620	14.5442	15.5630	16.7498	-2.1323	55.0504	112.04	50.10	73.7203	40.94	16.72	83.4336	116.75	47.66
17.335417	9.25	-10.702778	   NA	2.8328	8.3631	255.6285	9.7493	-1.1888	56.6673	122.4692	31.3164	40.1155	125.8713	66.4351	176.5684	279.3040	14.5468	15.5216	16.7215	-2.2218	55.0770	112.20	50.18	73.8125	40.91	16.70	83.4068	116.78	47.67
17.460417	9.375	-10.577778	   NA	2.7632	8.4006	255.9371	9.6836	-1.2475	56.8015	122.4813	31.5450	40.1311	125.9686	66.4557	176.5411	279.3239	14.5391	15.4680	16.6603	-2.2778	55.1074	112.35	50.25	73.8972	40.87	16.69	83.3758	116.80	47.68
17.585417	9.5	-10.452778	   NA	2.7187	8.4354	256.2555	9.6298	-1.2703	56.8924	122.5031	31.8280	40.1662	126.0577	66.5177	176.5608	279.3409	14.5274	15.4140	16.5890	-2.2983	55.1538	112.51	50.31	73.9942	40.83	16.67	83.3556	116.83	47.70
17.710417	9.625	-10.327778	   NA	2.6747	8.4388	256.5999	9.5735	-1.2982	56.9561	122.5667	32.1187	40.2119	126.1300	66.5818	176.5775	279.3777	14.5312	15.3503	16.5479	-2.3219	55.1977	112.67	50.39	74.0942	40.79	16.65	83.3438	116.86	47.71
17.835417	9.75	-10.202778	   NA	2.6523	8.4120	256.9628	9.5011	-1.3883	56.9934	122.6294	32.3894	40.2844	126.1854	66.5693	176.5587	279.4238	14.5302	15.2485	16.5015	-2.3427	55.2280	112.86	50.47	74.1752	40.74	16.63	83.3200	116.89	47.72
17.960417	9.875	-10.077778	   NA	2.6013	8.3795	257.3555	9.4284	-1.4809	57.0307	122.6714	32.6547	40.3383	126.2378	66.5566	176.5399	279.4718	14.5109	15.1467	16.4360	-2.3561	55.2568	113.06	50.56	74.2482	40.70	16.62	83.2915	116.93	47.74
18.085417	10	-9.952778	   NA	2.5232	8.3474	257.7656	9.3673	-1.5562	57.1206	122.7182	32.9256	40.3571	126.2860	66.5895	176.5011	279.5196	14.4497	15.0450	16.3600	-2.3238	55.2895	113.27	50.66	74.3328	40.66	16.60	83.2586	116.96	47.75
18.210417	10.125	-9.827778	   NA	2.4516	8.3020	258.1318	9.3252	-1.6324	57.2384	122.7887	33.2085	40.3760	126.3150	66.6286	176.4397	279.5676	14.3628	14.9544	16.2555	-2.2727	55.3156	113.47	50.74	74.4259	40.61	16.58	83.2179	116.99	47.76
18.335417	10.25	-9.702778	   NA	2.3931	8.2593	258.4369	9.2888	-1.7032	57.3653	122.8642	33.4898	40.3898	126.3394	66.6257	176.3883	279.6376	14.2757	14.9052	16.1962	-2.2257	55.3350	113.63	50.81	74.5124	40.56	16.56	83.1962	117.02	47.78
18.460417	10.375	-9.577778	   NA	2.3510	8.2317	258.7389	9.2412	-1.7583	57.5128	122.9424	33.7810	40.4709	126.4052	66.6522	176.3726	279.7494	14.2058	14.9021	16.1828	-2.1960	55.3609	113.78	50.88	74.6274	40.51	16.54	83.2028	117.07	47.79
18.585417	10.5	-9.452778	   NA	2.2840	8.1821	259.0363	9.2094	-1.8077	57.6479	122.9870	34.1069	40.5735	126.4663	66.7321	176.3784	279.8412	14.1837	14.9134	16.1921	-2.2057	55.3808	113.94	50.95	74.7523	40.44	16.51	83.2172	117.10	47.81
18.710417	10.625	-9.327778	   NA	2.1740	8.1634	259.3073	9.2066	-1.8774	57.7802	122.9885	34.4439	40.5765	126.4773	66.8048	176.3985	279.8909	14.1912	14.8551	16.1956	-2.2398	55.3948	114.08	51.02	74.8452	40.36	16.48	83.2153	117.13	47.82
18.835417	10.75	-9.202778	   NA	2.0878	8.1783	259.5962	9.2039	-1.9627	57.9100	122.9781	34.7805	40.5702	126.5195	66.8758	176.4181	279.9546	14.1906	14.7808	16.1665	-2.2516	55.4207	114.23	51.08	74.9390	40.29	16.45	83.2098	117.17	47.83
18.960417	10.875	-9.077778	   NA	2.0500	8.1877	259.8751	9.1872	-2.0131	58.0475	122.9927	35.1094	40.5639	126.5814	66.9884	176.4427	280.0554	14.1709	14.6927	16.0996	-2.2676	55.4574	114.36	51.15	75.0472	40.23	16.42	83.1989	117.23	47.86
19.085417	11	-8.952778	   NA	2.0281	8.1876	260.1505	9.1677	-2.0479	58.1864	123.0715	35.3770	40.5793	126.6014	67.1266	176.4797	280.1587	14.1435	14.5909	16.0242	-2.3048	55.4972	114.50	51.20	75.1570	40.18	16.40	83.1820	117.30	47.89
19.210417	11.125	-8.827778	   NA	2.0191	8.1751	260.4735	9.1441	-2.0604	58.3253	123.1778	35.5874	40.6667	126.6387	67.2648	176.5298	280.2792	14.1345	14.5422	16.0023	-2.3266	55.5503	114.65	51.27	75.2768	40.14	16.39	83.1936	117.36	47.91
19.335417	11.25	-8.702778	   NA	2.0181	8.1702	260.7849	9.0950	-2.0670	58.4643	123.2780	35.8099	40.7530	126.7093	67.4056	176.5703	280.3752	14.1645	14.5081	16.0119	-2.3555	55.6002	114.79	51.34	75.4034	40.11	16.37	83.2124	117.40	47.93
19.460417	11.375	-8.577778	   NA	1.9995	8.2105	261.1089	8.9952	-2.1146	58.6095	123.3410	36.0726	40.8188	126.7484	67.5488	176.5797	280.4186	14.2004	14.4301	16.0132	-2.3849	55.6399	114.95	51.41	75.5232	40.05	16.35	83.2095	117.43	47.94
19.585417	11.5	-8.452778	   NA	1.9702	8.2683	261.3900	8.8606	-2.1494	58.7582	123.3948	36.3721	40.8679	126.7491	67.6585	176.5965	280.4665	14.2237	14.3942	15.9944	-2.4077	55.6679	115.09	51.47	75.6334	39.98	16.32	83.2113	117.45	47.95
19.710417	11.625	-8.327778	   NA	1.9168	8.2910	261.6154	8.7406	-2.1557	58.8976	123.4389	36.6851	40.9201	126.7624	67.7428	176.6120	280.4974	14.2507	14.3818	15.9635	-2.3809	55.6816	115.21	51.52	75.7412	39.91	16.29	83.2208	117.46	47.95
19.835417	11.75	-8.202778	   NA	1.8486	8.2980	261.9070	8.7254	-2.1666	59.0265	123.4751	36.9818	40.9470	126.8134	67.8393	176.6061	280.5324	14.2953	14.3389	15.9583	-2.3783	55.7225	115.35	51.59	75.8472	39.85	16.27	83.2255	117.47	47.96
19.960417	11.875	-8.077778	   NA	1.7854	8.3140	262.2578	8.7719	-2.1849	59.1538	123.5151	37.2431	40.9716	126.8653	67.9120	176.5907	280.6088	14.3327	14.2797	15.9628	-2.4221	55.7888	115.51	51.66	75.9435	39.81	16.25	83.2254	117.50	47.97
20.085417	12	-7.952778	   NA	1.7295	8.3199	262.5640	8.7796	-2.2111	59.2794	123.5987	37.5009	40.9804	126.8882	67.9428	176.5470	280.6420	14.3669	14.2322	15.9222	-2.4633	55.8364	115.66	51.72	76.0317	39.77	16.24	83.2078	117.52	47.98
20.210417	12.125	-7.827778	   NA	1.6858	8.3396	262.8327	8.7550	-2.2428	59.4047	123.6819	37.7637	41.0291	126.9491	67.9587	176.4797	280.6752	14.4427	14.1833	15.8784	-2.4658	55.8741	115.79	51.78	76.1312	39.73	16.22	83.1989	117.52	47.98
20.335417	12.25	-7.702778	   NA	1.6449	8.3668	263.1002	8.7121	-2.2691	59.5333	123.7323	38.0510	41.1165	127.0443	68.0105	176.4406	280.7896	14.4895	14.1203	15.8455	-2.4534	55.9110	115.92	51.84	76.2480	39.69	16.20	83.2054	117.56	47.99
20.460417	12.375	-7.577778	   NA	1.6020	8.3617	263.3898	8.6486	-2.2904	59.6568	123.7922	38.3324	41.2218	127.0971	68.1111	176.4218	280.9048	14.5015	14.0821	15.8885	-2.4325	55.9423	116.06	51.90	76.3686	39.63	16.18	83.2277	117.59	48.01
20.585417	12.5	-7.452778	   NA	1.5589	8.3687	263.7185	8.5489	-2.3335	59.7941	123.8820	38.5885	41.3511	127.1302	68.2015	176.3742	280.9406	14.5196	14.0701	15.8970	-2.4371	55.9723	116.23	51.98	76.4912	39.57	16.15	83.2274	117.59	48.01
20.710417	12.625	-7.327778	   NA	1.5340	8.4177	264.0169	8.4547	-2.3517	59.9491	123.9772	38.7982	41.4806	127.2206	68.2671	176.3067	280.9492	14.5330	14.0992	15.8665	-2.4727	56.0143	116.37	52.04	76.6155	39.54	16.14	83.2137	117.59	48.01
20.835417	12.75	-7.202778	   NA	1.5134	8.4771	264.3135	8.3964	-2.3353	60.1004	124.0580	39.0192	41.6099	127.3423	68.3294	176.2364	280.9981	14.5448	14.0921	15.8906	-2.4592	56.0730	116.50	52.10	76.7432	39.51	16.13	83.2171	117.59	48.01
20.960417	12.875	-7.077778	   NA	1.4886	8.4970	264.6103	8.3369	-2.3630	60.2370	124.1356	39.2271	41.7068	127.4559	68.3759	176.1660	281.0477	14.5463	14.0092	15.8927	-2.4643	56.1140	116.65	52.17	76.8564	39.48	16.12	83.1996	117.61	48.01
21.085417	13	-6.952778	   NA	1.4569	8.4855	264.8884	8.2691	-2.4265	60.3562	124.2190	39.4351	41.7619	127.5695	68.4076	176.0939	281.1234	14.5702	13.9310	15.8586	-2.5121	56.1347	116.79	52.23	76.9582	39.47	16.11	83.1775	117.64	48.03
21.210417	13.125	-6.827778	   NA	1.4208	8.4740	265.1655	8.2014	-2.4899	60.4728	124.3044	39.6430	41.8134	127.6830	68.4393	176.0211	281.1990	14.5940	13.8573	15.8245	-2.5600	56.1544	116.93	52.29	77.0593	39.46	16.11	83.1560	117.67	48.04
21.335417	13.25	-6.702778	   NA	1.3846	8.4624	265.4427	8.1336	-2.5533	60.5893	124.3899	39.8509	41.8650	127.7966	68.4709	175.9483	281.2746	14.6179	13.7835	15.7905	-2.6078	56.1740	117.08	52.36	77.1604	39.45	16.11	83.1345	117.70	48.05
21.460417	13.375	-6.577778	   NA	1.3485	8.4509	265.7198	8.0658	-2.6168	60.7059	124.4754	40.0589	41.9165	127.9102	68.5026	175.8755	281.3503	14.6418	13.7098	15.7564	-2.6557	56.1936	117.22	52.42	77.2616	39.44	16.10	83.1130	117.73	48.06
21.585417	13.5	-6.452778	   NA	1.3124	8.4394	265.9969	7.9980	-2.6802	60.8225	124.5609	40.2668	41.9681	128.0237	68.5343	175.8027	281.4259	14.6656	13.6360	15.7223	-2.7035	56.2133	117.37	52.49	77.3627	39.43	16.10	83.0915	117.76	48.08
21.710417	13.625	-6.327778	   NA	1.2763	8.4279	266.2741	7.9302	-2.7436	60.9391	124.6464	40.4747	42.0197	128.1373	68.5660	175.7299	281.5015	14.6895	13.5623	15.6882	-2.7514	56.2330	117.51	52.55	77.4639	39.42	16.09	83.0700	117.79	48.09
21.835417	13.75	-6.202778	   NA	1.2402	8.4164	266.5512	7.8624	-2.8071	61.0557	124.7318	40.6826	42.0712	128.2508	68.5977	175.6571	281.5771	14.7133	13.4886	15.6542	-2.7992	56.2526	117.65	52.62	77.5650	39.41	16.09	83.0485	117.82	48.10
21.960417	13.875	-6.077778	   NA	1.2040	8.4048	266.8284	7.7946	-2.8705	61.1722	124.8173	40.8906	42.1228	128.3644	68.6294	175.5843	281.6528	14.7372	13.4148	15.6201	-2.8470	56.2723	117.80	52.68	77.6661	39.40	16.09	83.0270	117.85	48.11
22.085417	14	-5.952778	   NA	1.1679	8.3933	267.1055	7.7268	-2.9339	61.2888	124.9028	41.0985	42.1744	128.4780	68.6611	175.5115	281.7284	14.7611	13.3411	15.5860	-2.8949	56.2919	117.94	52.75	77.7673	39.39	16.08	83.0055	117.88	48.13
22.210417	14.125	-5.827778	   NA	1.1318	8.3818	267.3826	7.6590	-2.9974	61.4054	124.9883	41.3064	42.2259	128.5915	68.6928	175.4387	281.8040	14.7849	13.2673	15.5519	-2.9427	56.3116	118.09	52.81	77.8684	39.38	16.08	82.9840	117.91	48.14
22.335417	14.25	-5.702778	   NA	1.0957	8.3703	267.6598	7.5912	-3.0608	61.5220	125.0737	41.5144	42.2775	128.7051	68.7245	175.3658	281.8797	14.8088	13.1936	15.5179	-2.9906	56.3312	118.23	52.87	77.9695	39.37	16.07	82.9625	117.95	48.15
22.460417	14.375	-5.577778	   NA	1.0596	8.3588	267.9369	7.5234	-3.1242	61.6386	125.1592	41.7223	42.3290	128.8187	68.7562	175.2930	281.9553	14.8327	13.1198	15.4838	-3.0384	56.3509	118.37	52.94	78.0707	39.37	16.07	82.9410	117.98	48.16
22.585417	14.5	-5.452778	   NA	1.0235	8.3473	268.2140	7.4556	-3.1877	61.7551	125.2447	41.9302	42.3806	128.9322	68.7879	175.2202	282.0309	14.8565	13.0461	15.4497	-3.0863	56.3705	118.52	53.00	78.1718	39.36	16.07	82.9195	118.01	48.18
22.710417	14.625	-5.327778	   NA	0.9873	8.3357	268.4912	7.3878	-3.2511	61.8717	125.3302	42.1381	42.4322	129.0458	68.8196	175.1474	282.1066	14.8804	12.9723	15.4156	-3.1341	56.3902	118.66	53.07	78.2729	39.35	16.06	82.8980	118.04	48.19
22.835417	14.75	-5.202778	   NA	0.9512	8.3242	268.7683	7.3200	-3.3145	61.9883	125.4157	42.3461	42.4837	129.1594	68.8512	175.0746	282.1822	14.9043	12.8986	15.3815	-3.1820	56.4098	118.81	53.13	78.3741	39.34	16.06	82.8765	118.07	48.20
22.960417	14.875	-5.077778	   NA	0.9151	8.3127	269.0455	7.2522	-3.3780	62.1049	125.5011	42.5540	42.5353	129.2729	68.8829	175.0018	282.2578	14.9281	12.8249	15.3475	-3.2298	56.4295	118.95	53.20	78.4752	39.33	16.06	82.8551	118.10	48.21
23.085417	15	-4.952778	   NA	0.8790	8.3012	269.3226	7.1844	-3.4414	62.2215	125.5866	42.7619	42.5869	129.3865	68.9146	174.9290	282.3334	14.9520	12.7511	15.3134	-3.2776	56.4492	119.10	53.26	78.5763	39.32	16.05	82.8336	118.13	48.23
23.210417	15.125	-4.827778	   NA	0.8429	8.2897	269.5997	7.1166	-3.5048	62.3380	125.6721	42.9699	42.6384	129.5001	68.9463	174.8562	282.4091	14.9758	12.6774	15.2793	-3.3255	56.4688	119.24	53.33	78.6775	39.31	16.05	82.8120	118.16	48.24
23.335417	15.25	-4.702778	   NA	0.8067	8.2781	269.8769	7.0488	-3.5683	62.4546	125.7576	43.1778	42.6900	129.6136	68.9780	174.7834	282.4847	14.9997	12.6036	15.2452	-3.3733	56.4884	119.38	53.39	78.7786	39.30	16.05	82.7906	118.19	48.25
23.460417	15.375	-4.577778	   NA	0.7706	8.2666	270.1540	6.9810	-3.6317	62.5712	125.8430	43.3857	42.7415	129.7272	69.0097	174.7106	282.5603	15.0236	12.5299	15.2112	-3.4212	56.5081	119.53	53.45	78.8797	39.29	16.04	82.7691	118.22	48.27
23.585417	15.5	-4.452778	   NA	0.7345	8.2551	270.4311	6.9132	-3.6951	62.6878	125.9285	43.5936	42.7931	129.8407	69.0414	174.6378	282.6360	15.0474	12.4561	15.1771	-3.4690	56.5278	119.67	53.52	78.9809	39.29	16.04	82.7476	118.26	48.28
23.710417	15.625	-4.327778	   NA	0.7138	8.2495	270.7083	6.8202	-3.7330	62.8464	126.0045	43.7886	42.8599	129.9566	69.0895	174.5942	282.7184	15.0894	12.4222	15.1551	-3.5169	56.5518	119.81	53.58	79.0909	39.27	16.03	82.7437	118.29	48.29
23.835417	15.75	-4.202778	   NA	0.6806	8.2354	270.9858	6.7003	-3.7606	63.0089	126.0362	43.9748	42.9406	130.0540	69.1632	174.5660	282.8136	15.1496	12.3875	15.1390	-3.5623	56.5683	119.96	53.65	79.1963	39.24	16.02	82.7489	118.32	48.30
23.960417	15.875	-4.077778	   NA	0.6297	8.1913	271.2859	6.6022	-3.7830	63.2458	126.0849	44.1606	42.9966	130.1320	69.2255	174.5459	282.8228	15.1370	12.3209	15.0500	-3.5977	56.5852	120.12	53.72	79.3076	39.20	16.00	82.7132	118.34	48.31
24.085417	16	-3.952778	   NA	0.5748	8.1381	271.5919	6.5274	-3.8000	63.4896	126.1467	44.3137	43.0518	130.2099	69.2727	174.5273	282.7904	15.0644	12.2503	14.9349	-3.6288	56.6064	120.28	53.79	79.4141	39.18	15.99	82.6564	118.36	48.32
24.210417	16.125	-3.827778	   NA	0.5711	8.1094	271.9609	6.4477	-3.8252	63.7414	126.2203	44.4493	43.1000	130.3485	69.3164	174.5117	282.7600	15.0177	12.1462	14.8338	-3.6618	56.6528	120.45	53.87	79.5293	39.18	15.99	82.6013	118.39	48.33
24.335417	16.25	-3.702778	   NA	0.5844	8.1130	272.3043	6.3477	-3.8759	63.9563	126.2578	44.5827	43.1351	130.5346	69.3611	174.4863	282.7464	15.0477	12.0470	14.7653	-3.7140	56.6947	120.62	53.94	79.6379	39.18	16.00	82.5631	118.40	48.34
24.460417	16.375	-3.577778	   NA	0.5836	8.1186	272.5972	6.2585	-3.9296	64.1247	126.3330	44.7797	43.1767	130.7236	69.4151	174.4996	282.7716	15.1236	11.9809	14.7207	-3.8031	56.7257	120.77	54.01	79.7588	39.19	16.00	82.5489	118.43	48.35
24.585417	16.5	-3.452778	   NA	0.5028	8.1135	272.9205	6.2106	-3.9801	64.3427	126.4578	45.0228	43.2241	130.9228	69.5015	174.5079	282.8128	15.1659	11.8934	14.6968	-3.8909	56.7535	120.94	54.08	79.9120	39.20	16.00	82.5310	118.47	48.36
24.710417	16.625	-3.327778	   NA	0.3968	8.1159	273.2798	6.1567	-4.0394	64.5616	126.5444	45.2450	43.1951	131.1137	69.6146	174.5070	282.8376	15.1961	11.8393	14.6583	-3.9607	56.7820	121.12	54.17	80.0457	39.21	16.01	82.5129	118.49	48.37
24.835417	16.75	-3.202778	   NA	0.2935	8.1315	273.5802	6.0625	-4.0909	64.8349	126.5776	45.4447	43.1664	131.2933	69.7341	174.5155	282.8347	15.2282	11.8485	14.5953	-3.9961	56.7954	121.28	54.24	80.1752	39.21	16.01	82.5044	118.50	48.38
24.960417	16.875	-3.077778	   NA	0.2442	8.1275	273.9106	5.9522	-4.1354	65.0793	126.6006	45.6514	43.1490	131.4185	69.8535	174.4917	282.8440	15.2223	11.7873	14.5339	-4.0270	56.8198	121.45	54.32	80.2921	39.19	16.00	82.4754	118.52	48.38
25.085417	17	-2.952778	   NA	0.2447	8.0992	274.2724	5.8596	-4.2514	65.3399	126.6145	45.8731	43.2241	131.5283	69.9835	174.4834	282.8682	15.2168	11.6687	14.4995	-4.0722	56.8449	121.64	54.40	80.4272	39.14	15.98	82.4441	118.55	48.40
25.210417	17.125	-2.827778	   NA	0.2509	8.0549	274.5585	5.7954	-4.4027	65.5972	126.5851	46.0620	43.3041	131.6540	70.0796	174.4643	282.8427	15.2196	11.5970	14.4916	-4.1127	56.8514	121.80	54.47	80.5470	39.09	15.96	82.4171	118.55	48.40
25.335417	17.25	-2.702778	   NA	0.1846	7.9876	274.8137	5.7423	-4.5550	65.8020	126.5721	46.1819	43.2977	131.7747	70.0977	174.4255	282.7791	15.2219	11.5708	14.4262	-4.1933	56.8346	121.95	54.54	80.6210	39.08	15.96	82.3717	118.55	48.40
25.460417	17.375	-2.577778	   NA	0.0535	7.9149	275.1085	5.6854	-4.6485	66.0094	126.5925	46.2878	43.2577	131.9195	70.1218	174.4258	282.7164	15.2418	11.5302	14.3283	-4.2693	56.8228	122.12	54.62	80.6981	39.10	15.96	82.3289	118.55	48.40
25.585417	17.5	-2.452778	   NA	-0.0065	7.8602	275.4500	5.6270	-4.7093	66.2222	126.5991	46.4237	43.2964	132.0753	70.2018	174.4334	282.6658	15.2584	11.5166	14.2591	-4.2999	56.8443	122.30	54.70	80.8031	39.09	15.96	82.3056	118.55	48.40
25.710417	17.625	-2.327778	   NA	0.0076	7.8128	275.8179	5.5684	-4.8045	66.4521	126.5998	46.5707	43.3481	132.1993	70.3013	174.4654	282.6475	15.2724	11.4972	14.1959	-4.3158	56.8804	122.49	54.78	80.9119	39.06	15.95	82.2938	118.56	48.40
25.835417	17.75	-2.202778	   NA	0.0238	7.7666	276.1712	5.5206	-4.8667	66.7232	126.6179	46.6908	43.4039	132.3027	70.4203	174.5109	282.6474	15.3027	11.4535	14.1456	-4.3317	56.9231	122.66	54.86	81.0265	39.04	15.94	82.2881	118.57	48.41
25.960417	17.875	-2.077778	   NA	0.0240	7.7492	276.5216	5.4837	-4.8511	66.9830	126.6546	46.7833	43.4765	132.4000	70.5430	174.5044	282.6657	15.3411	11.4153	14.1163	-4.3761	56.9855	122.82	54.93	81.1401	39.01	15.93	82.2778	118.59	48.41
26.085417	18	-1.952778	   NA	0.0014	7.7578	276.8376	5.4316	-4.8645	67.2225	126.7221	46.8730	43.5407	132.5142	70.6238	174.4590	282.6844	15.3570	11.3581	14.0944	-4.4118	57.0328	122.97	54.99	81.2494	39.01	15.93	82.2569	118.60	48.42
26.210417	18.125	-1.827778	   NA	-0.0276	7.7609	277.1256	5.3499	-4.8879	67.5062	126.7739	46.9827	43.6077	132.6820	70.6810	174.4703	282.6717	15.3670	11.3065	14.1026	-4.3917	57.0642	123.12	55.06	81.3723	39.01	15.93	82.2544	118.60	48.42
26.335417	18.25	-1.702778	   NA	-0.0696	7.7385	277.4100	5.2558	-4.9043	67.7906	126.7793	47.0979	43.6731	132.8489	70.7466	174.5130	282.6563	15.3446	11.2402	14.1436	-4.4010	57.0861	123.26	55.12	81.4894	39.00	15.92	82.2495	118.61	48.42
26.460417	18.375	-1.577778	   NA	-0.0890	7.6942	277.7223	5.1842	-4.9207	68.0915	126.8082	47.2149	43.7440	132.9951	70.8153	174.5592	282.6871	15.2990	11.1221	14.1844	-4.4524	57.1182	123.42	55.19	81.6115	38.99	15.92	82.2332	118.65	48.44
26.585417	18.5	-1.452778	   NA	-0.0991	7.6416	277.9917	5.1520	-4.9812	68.3927	126.8665	47.3520	43.8133	133.1187	70.8739	174.5848	282.7263	15.3033	11.0021	14.2122	-4.5098	57.1410	123.56	55.26	81.7362	38.97	15.91	82.2198	118.69	48.45
26.710417	18.625	-1.327778	   NA	-0.1354	7.6070	278.2727	5.1242	-5.0432	68.6358	126.9082	47.4909	43.8483	133.2561	70.9458	174.5913	282.7753	15.3273	10.9289	14.2306	-4.5608	57.1651	123.70	55.32	81.8475	38.96	15.91	82.2154	118.71	48.46
26.835417	18.75	-1.202778	   NA	-0.1427	7.6034	278.5905	5.1142	-5.0469	68.9209	126.9489	47.6272	43.9037	133.4150	71.0535	174.5855	282.7804	15.3750	10.8851	14.2415	-4.5730	57.2237	123.84	55.38	81.9782	38.96	15.90	82.2157	118.72	48.47
26.960417	18.875	-1.077778	   NA	-0.1231	7.5752	278.9097	5.1175	-5.0307	69.2091	126.9701	47.7565	43.9636	133.5372	71.1592	174.5868	282.7966	15.4526	10.8418	14.2343	-4.5775	57.2897	123.98	55.45	82.0993	38.93	15.89	82.2224	118.72	48.47
27.085417	19	-0.952778	   NA	-0.0892	7.5194	279.2452	5.0645	-5.0645	69.4249	126.9693	47.8846	44.0053	133.6331	71.2324	174.5773	282.8133	15.4893	10.7984	14.1620	-4.5998	57.3351	124.15	55.52	82.1916	38.91	15.88	82.2067	118.74	48.47
27.210417	19.125	-0.827778	   NA	-0.0729	7.4957	279.5855	4.9827	-5.1468	69.6498	127.0008	48.0074	44.0709	133.6852	71.2925	174.5600	282.7921	15.4510	10.7407	14.0487	-4.6380	57.3688	124.32	55.60	82.2844	38.88	15.87	82.1591	118.76	48.48
27.335417	19.25	-0.702778	   NA	-0.1029	7.5041	279.8664	4.9100	-5.2285	69.8673	127.0597	48.1236	44.1212	133.7416	71.3390	174.5581	282.7358	15.3764	10.6967	13.9496	-4.6984	57.3898	124.46	55.66	82.3754	38.86	15.86	82.1030	118.77	48.49
27.460417	19.375	-0.577778	   NA	-0.1294	7.5191	280.1271	4.8496	-5.3092	70.0567	127.1303	48.2536	44.1292	133.8307	71.3730	174.5397	282.7037	15.3536	10.6583	13.8764	-4.7548	57.4114	124.60	55.72	82.4622	38.86	15.86	82.0628	118.78	48.49
27.585417	19.5	-0.452778	   NA	-0.1480	7.5223	280.3822	4.7843	-5.3864	70.2192	127.2135	48.3849	44.1476	133.9610	71.4055	174.5180	282.7131	15.3806	10.5626	13.8254	-4.7539	57.4309	124.73	55.78	82.5553	38.87	15.87	82.0410	118.79	48.50
27.710417	19.625	-0.327778	   NA	-0.1708	7.5043	280.6361	4.6940	-5.4344	70.3196	127.3305	48.4781	44.2008	134.1370	71.4488	174.4604	282.7377	15.4137	10.4584	13.7819	-4.7357	57.4458	124.86	55.84	82.6525	38.91	15.89	82.0194	118.81	48.50
27.835417	19.75	-0.202778	   NA	-0.1886	7.4851	280.8971	4.5997	-5.4648	70.3901	127.4909	48.5480	44.2486	134.3056	71.4992	174.3863	282.7796	15.4471	10.4152	13.7385	-4.7358	57.4657	125.00	55.90	82.7471	38.96	15.91	82.0052	118.81	48.51
27.960417	19.875	-0.077778	   NA	-0.2042	7.4659	281.1582	4.5109	-5.4926	70.4602	127.6609	48.6179	44.2963	134.4587	71.5503	174.3105	282.8214	15.4804	10.3752	13.6950	-4.7359	57.4876	125.13	55.96	82.8407	39.02	15.93	81.9911	118.82	48.51
28.038194	19.952778	0	   NA	0.0000	0.0000	0.0000	0.0000	0.0000	0.0000	0.0000	0.0000	0.0000	0.0000	0.0000	0.0000	0.0000	0.0000	0.0000	0.0000	0.0000	0.0000	0.00	0.00	0.0000	0.00	0.00	0.0000	0.00	0.00
28.163194	20.077778	0.125	   NA	1.2618	0.5273	3.7651	0.2789	0.5362	5.7119	8.0671	1.1951	1.5572	3.7439	3.4419	0.1410	0.5488	0.5090	0.3893	0.3040	0.1878	1.2739	1.44	0.64	3.9528	2.60	1.06	0.3466	0.17	0.07
28.288194	20.202778	0.25	   NA	2.7278	1.0551	9.1179	0.5612	1.0906	11.4238	17.5469	2.3903	3.6594	7.7752	7.2548	0.2820	1.0976	1.0180	0.8868	0.6079	0.3755	2.9105	3.57	1.59	8.3417	5.53	2.26	0.7113	0.34	0.14
28.413194	20.327778	0.375	   NA	4.5441	1.6615	14.7258	0.8639	1.6058	18.7848	28.6823	4.1321	5.6740	14.1085	12.5560	0.4230	1.8384	1.5269	1.3439	0.9118	0.5633	4.6802	5.79	2.59	13.9896	9.03	3.68	1.1012	0.56	0.23
28.538194	20.452778	0.5	   NA	5.7336	1.7374	19.3448	0.8828	1.6891	25.9223	35.0485	5.1063	7.3183	19.2381	16.2805	0.5640	2.3458	2.2641	1.5676	1.3705	0.7510	5.8775	7.76	3.47	18.1523	11.30	4.61	1.4772	0.74	0.30
28.663194	20.577778	0.625	   NA	6.6480	1.7332	23.0313	0.8965	1.7311	30.1904	38.6083	5.6799	8.6709	23.6195	19.0866	0.7050	2.6425	2.7777	1.7206	1.7057	1.0939	6.8080	9.35	4.18	20.9759	12.58	5.14	1.7742	0.82	0.34
28.788194	20.702778	0.75	   NA	7.5018	1.7269	26.3146	0.9051	1.7634	32.6921	42.1680	6.0352	9.6178	27.1820	21.0380	0.8460	2.8368	3.1593	1.8427	2.0171	1.4960	7.6424	10.77	4.81	23.1222	13.78	5.63	2.0330	0.85	0.35
28.913194	20.827778	0.875	   NA	8.1935	1.7116	29.5978	0.8474	1.7586	34.4927	45.7277	6.3281	10.4244	29.8697	22.4359	0.9870	3.0119	3.3713	1.9449	2.3301	1.9033	8.4218	12.20	5.46	24.8798	14.91	6.09	2.2581	0.85	0.35
29.038194	20.952778	1	   NA	8.8415	1.6962	32.1928	0.7833	1.7496	35.7982	48.1090	6.6193	11.0862	32.3564	23.7080	1.2218	3.1870	3.5668	2.0711	2.6424	2.3107	9.0527	13.34	5.96	26.2795	15.67	6.40	2.5000	0.83	0.34
29.163194	21.077778	1.125	   NA	9.3847	1.6808	34.3367	0.7158	1.7318	36.7649	49.2292	6.9004	11.5985	34.3096	24.7680	1.4753	3.3632	3.7523	2.1817	2.9383	2.7389	9.5700	14.28	6.39	27.2618	16.05	6.55	2.7416	0.82	0.33
29.288194	21.202778	1.25	   NA	9.8505	1.6661	36.1630	0.6845	1.7053	37.5996	50.1691	7.1335	12.0031	36.0174	25.7789	1.6984	3.5514	3.8544	2.2454	3.2125	3.1242	10.0139	15.08	6.74	28.1169	16.40	6.69	2.9477	0.82	0.33
29.413194	21.327778	1.375	   NA	10.3183	1.6599	37.7056	0.6513	1.6764	38.3114	50.9779	7.3782	12.3492	37.5197	26.6729	1.9354	3.7363	3.9596	2.3250	3.5378	3.5348	10.4023	15.76	7.05	28.8682	16.69	6.81	3.1715	0.83	0.34
29.538194	21.452778	1.5	   NA	10.8032	1.6776	38.9959	0.6130	1.6607	38.9453	51.6600	7.6649	12.6614	38.8779	27.4781	2.1598	3.9509	4.0457	2.4205	3.9349	3.9961	10.7501	16.32	7.30	29.5479	16.93	6.91	3.4180	0.88	0.36
29.663194	21.577778	1.625	   NA	11.2893	1.6972	40.1162	0.5719	1.6557	39.5623	52.2365	7.9460	12.9019	40.0754	28.2204	2.3948	4.1764	4.1308	2.5186	4.3379	4.4467	11.0661	16.81	7.52	30.1571	17.14	7.00	3.6675	0.95	0.39
29.788194	21.702778	1.75	   NA	11.8057	1.7264	41.1816	0.5231	1.6569	40.1725	52.7861	8.2378	13.1014	41.1104	28.9173	2.6671	4.4022	4.2093	2.6068	4.8188	4.9625	11.3787	17.28	7.73	30.7209	17.34	7.08	3.9444	1.05	0.43
29.913194	21.827778	1.875	   NA	12.3481	1.7525	42.2209	0.4742	1.6669	40.7676	53.3456	8.5563	13.3216	42.0722	29.5689	2.9532	4.6520	4.3171	2.6834	5.3376	5.5684	11.6925	17.73	7.93	31.2720	17.52	7.15	4.2519	1.20	0.49
30.038194	21.952778	2	   NA	12.8622	1.7648	43.1535	0.4515	1.6351	41.2832	53.8851	8.8259	13.5226	42.9346	30.1517	3.1843	4.9053	4.4367	2.7070	5.8498	6.1744	11.9734	18.14	8.11	31.7672	17.70	7.23	4.5429	1.39	0.57
30.163194	22.077778	2.125	   NA	13.3756	1.7512	43.9584	0.4453	1.5887	41.7764	54.3475	9.0250	13.7424	43.6967	30.7086	3.3589	5.1543	4.5584	2.7157	6.3677	6.7803	12.2238	18.51	8.28	32.2161	17.86	7.29	4.8225	1.61	0.66
30.288194	22.202778	2.25	   NA	13.8376	1.6928	44.7318	0.4248	1.5499	42.2765	54.7391	9.1990	14.0048	44.4305	31.2161	3.5201	5.3972	4.6943	2.7610	6.8977	7.4090	12.4474	18.86	8.44	32.6443	17.99	7.35	5.1132	1.83	0.75
30.413194	22.327778	2.375	   NA	14.2310	1.6345	45.5010	0.3780	1.5184	42.7361	55.0952	9.4200	14.2462	45.1310	31.7122	3.7031	5.6424	4.8761	2.8069	7.4724	8.0882	12.6526	19.22	8.60	33.0568	18.11	7.39	5.4315	2.07	0.85
30.538194	22.452778	2.5	   NA	14.6582	1.6376	46.2482	0.3571	1.5147	43.1991	55.4874	9.6827	14.5443	45.7781	32.1693	3.8859	5.8891	5.0817	2.8554	8.1528	8.8121	12.8832	19.55	8.74	33.4768	18.20	7.43	5.7795	2.34	0.96
30.663194	22.577778	2.625	   NA	15.0897	1.6464	46.9448	0.3549	1.5161	43.6691	55.9345	9.9588	14.8987	46.3720	32.6372	4.0494	6.1567	5.2791	2.8856	8.9210	9.5512	13.1104	19.86	8.88	33.9117	18.29	7.47	6.1405	2.65	1.08
30.788194	22.702778	2.75	   NA	15.5212	1.6344	47.6297	0.3721	1.5196	44.1770	56.3850	10.2477	15.2596	46.9419	33.0997	4.1864	6.3983	5.4883	2.9058	9.7359	10.2985	13.3354	20.16	9.02	34.3518	18.37	7.50	6.5022	2.97	1.21
30.913194	22.827778	2.875	   NA	15.9610	1.6392	48.3375	0.4194	1.5059	44.6501	56.8181	10.5383	15.6497	47.5525	33.5597	4.3233	6.5957	5.7139	2.9210	10.5702	11.0668	13.5726	20.47	9.15	34.7947	18.45	7.53	6.8652	3.31	1.35
31.038194	22.952778	3	   NA	16.3736	1.6265	48.9888	0.3918	1.4732	45.1209	57.1654	10.8237	16.0744	48.1342	33.9994	4.4413	6.8037	5.9269	2.8826	11.4202	11.8424	13.7708	20.77	9.29	35.2197	18.49	7.55	7.2195	3.67	1.50
31.163194	23.077778	3.125	   NA	16.7811	1.5815	49.5491	0.2896	1.4375	45.5381	57.4887	11.1064	16.4725	48.6239	34.3734	4.5725	7.0522	6.0894	2.8637	12.2819	12.6203	13.9278	21.04	9.41	35.6005	18.52	7.56	7.5800	4.03	1.65
31.288194	23.202778	3.25	   NA	17.1572	1.5261	50.0953	0.2214	1.4334	45.9654	57.8753	11.3655	16.8205	49.0635	34.7236	4.7176	7.3257	6.2430	2.9057	13.1357	13.3676	14.0867	21.31	9.53	35.9690	18.57	7.58	7.9492	4.37	1.78
31.413194	23.327778	3.375	   NA	17.4810	1.4856	50.6237	0.1713	1.3952	46.3922	58.2743	11.5884	17.1271	49.4973	35.0552	4.8068	7.5614	6.4417	2.9158	14.0504	14.0868	14.2314	21.56	9.64	36.3224	18.65	7.61	8.3105	4.73	1.93
31.538194	23.452778	3.5	   NA	17.7942	1.4611	51.1510	0.1134	1.3333	46.8071	58.6616	11.8097	17.4301	49.9839	35.3730	4.9496	7.7852	6.6405	2.9139	15.0501	14.7945	14.3706	21.82	9.76	36.6776	18.73	7.65	8.6890	5.10	2.08
31.663194	23.577778	3.625	   NA	18.1414	1.4795	51.6947	0.0424	1.3046	47.2329	59.0697	12.0625	17.7011	50.5465	35.6883	5.1649	8.0251	6.8514	2.9334	16.0821	15.5464	14.5325	22.08	9.87	37.0502	18.82	7.68	9.1006	5.48	2.24
31.788194	23.702778	3.75	   NA	18.4706	1.5189	52.1943	-0.0409	1.2908	47.6534	59.4815	12.3378	17.9641	51.0529	35.9822	5.3512	8.2453	7.1020	2.9530	17.2068	16.3255	14.6867	22.31	9.98	37.4120	18.91	7.72	9.5306	5.89	2.40
31.913194	23.827778	3.875	   NA	18.7936	1.5450	52.7068	-0.1265	1.2778	48.0548	59.8931	12.6158	18.1936	51.5127	36.2673	5.5208	8.4654	7.3831	2.9838	18.4431	17.0835	14.8393	22.55	10.09	37.7562	18.99	7.75	9.9799	6.32	2.58
32.038194	23.952778	4	   NA	19.1165	1.5710	53.2193	-0.2122	1.2648	48.4563	60.3048	12.8937	18.4232	51.9725	36.5523	5.6889	8.6856	7.6643	3.0147	19.6794	17.8416	14.9919	22.79	10.19	38.1005	19.07	7.78	10.4291	6.76	2.76
32.163194	24.077778	4.125	   NA	19.4394	1.5970	53.7318	-0.2978	1.2518	48.8577	60.7164	13.1717	18.6528	52.4323	36.8374	5.8571	8.9058	7.9455	3.0456	20.9158	18.5996	15.1444	23.03	10.30	38.4447	19.15	7.82	10.8782	7.20	2.94
32.288194	24.202778	4.25	   NA	19.7623	1.6230	54.2443	-0.3835	1.2389	49.2591	61.1281	13.4497	18.8823	52.8920	37.1225	6.0253	9.1259	8.2267	3.0764	22.1521	19.3576	15.2970	23.28	10.41	38.7889	19.23	7.85	11.3273	7.65	3.12
32.413194	24.327778	4.375	   NA	20.0852	1.6491	54.7568	-0.4691	1.2259	49.6606	61.5398	13.7276	19.1119	53.3518	37.4075	6.1935	9.3461	8.5079	3.1073	23.3885	20.1157	15.4496	23.52	10.52	39.1332	19.31	7.88	11.7765	8.09	3.30
32.538194	24.452778	4.5	   NA	20.4081	1.6751	55.2693	-0.5548	1.2129	50.0620	61.9514	14.0056	19.3414	53.8116	37.6926	6.3616	9.5662	8.7891	3.1382	24.6248	20.8737	15.6021	23.76	10.63	39.4774	19.39	7.92	12.2256	8.54	3.49
32.663194	24.577778	4.625	   NA	20.7310	1.7011	55.7818	-0.6404	1.1999	50.4634	62.3631	14.2835	19.5710	54.2714	37.9776	6.5298	9.7864	9.0703	3.1690	25.8611	21.6317	15.7547	24.01	10.74	39.8217	19.47	7.95	12.6747	8.98	3.67
32.788194	24.702778	4.75	   NA	21.0539	1.7271	56.2943	-0.7261	1.1869	50.8649	62.7747	14.5615	19.8006	54.7311	38.2627	6.6980	10.0066	9.3514	3.1999	27.0975	22.3898	15.9072	24.25	10.84	40.1659	19.55	7.98	13.1239	9.43	3.85
32.913194	24.827778	4.875	   NA	21.3768	1.7532	56.8068	-0.8117	1.1739	51.2663	63.1864	14.8394	20.0301	55.1909	38.5477	6.8662	10.2267	9.6326	3.2308	28.3338	23.1478	16.0598	24.49	10.95	40.5101	19.64	8.02	13.5730	9.88	4.03
33.038194	24.952778	5	   NA	21.6997	1.7792	57.3193	-0.8974	1.1609	51.6677	63.5981	15.1244	20.2597	55.6507	38.8328	7.0343	10.4458	9.9138	3.2616	29.5923	23.9040	16.2123	24.74	11.06	40.8556	19.71	8.05	14.0253	10.34	4.22
33.163194	25.077778	5.125	   NA	22.0226	1.8024	57.8515	-0.9612	1.1474	52.0753	63.9493	15.4360	20.4133	56.0580	39.1179	7.2086	10.6377	10.2109	3.3402	30.9966	24.6373	16.3725	24.98	11.17	41.1750	19.78	8.08	14.5052	10.83	4.42
33.288194	25.202778	5.25	   NA	22.2556	1.8082	58.3169	-0.9926	1.1167	52.4352	64.2554	15.7570	20.5515	56.3854	39.3667	7.3825	10.8527	10.5777	3.4344	32.4522	25.3811	16.5010	25.20	11.27	41.4585	19.82	8.09	15.0134	11.32	4.62
33.413194	25.327778	5.375	   NA	22.4034	1.7867	58.8067	-1.0643	1.0638	52.7981	64.5659	16.0615	20.6579	56.7178	39.5557	7.5493	11.0648	10.9257	3.5367	33.9234	26.0750	16.5993	25.44	11.38	41.7262	19.88	8.12	15.5125	11.82	4.82
33.538194	25.452778	5.5	   NA	22.5668	1.7817	59.3367	-1.1763	1.0250	53.1387	64.8987	16.3478	20.7672	57.0325	39.7298	7.7247	11.2871	11.3667	3.6206	35.4433	26.7774	16.7068	25.69	11.49	41.9858	19.94	8.14	16.0366	12.33	5.03
33.663194	25.577778	5.625	   NA	22.7265	1.8231	59.7977	-1.2808	1.0080	53.4713	65.1972	16.5949	20.9367	57.3535	39.9006	7.9139	11.4949	11.9059	3.6405	37.0129	27.4697	16.8149	25.91	11.59	42.2424	19.99	8.16	16.5730	12.86	5.25
33.788194	25.702778	5.75	   NA	22.8810	1.8423	60.2514	-1.3469	0.9775	53.7166	65.4282	16.8413	21.1174	57.7045	40.0891	8.0999	11.6480	12.3945	3.6809	38.5953	28.1266	16.9211	26.12	11.68	42.4828	20.02	8.17	17.0909	13.39	5.47
33.913194	25.827778	5.875	   NA	23.0553	1.8401	60.7530	-1.3458	0.9410	53.9769	65.6634	17.0781	21.2647	58.0857	40.3102	8.2816	11.8637	12.8898	3.7893	40.2387	28.7951	17.0487	26.34	11.78	42.7298	20.06	8.19	17.6430	13.93	5.69
34.038194	25.952778	6	   NA	23.2301	1.8251	61.2063	-1.3019	0.9239	54.3069	65.9269	17.2916	21.4157	58.4939	40.5511	8.4733	12.1382	13.4558	3.9394	41.8917	29.4552	17.1767	26.54	11.87	42.9977	20.13	8.22	18.2256	14.46	5.90
34.163194	26.077778	6.125	   NA	23.4130	1.8224	61.6412	-1.2514	0.9148	54.6539	66.1841	17.5125	21.6079	58.9420	40.8128	8.6792	12.4129	14.0297	4.0790	43.6017	30.0474	17.3080	26.72	11.95	43.2855	20.19	8.24	18.8083	15.00	6.12
34.288194	26.202778	6.25	   NA	23.6001	1.8518	62.0794	-1.2189	0.8920	55.0238	66.3886	17.7655	21.7254	59.3991	41.0438	8.9087	12.6922	14.5846	4.1937	45.2927	30.6329	17.4409	26.91	12.03	43.5577	20.26	8.27	19.3841	15.53	6.34
34.413194	26.327778	6.375	   NA	23.7596	1.8912	62.5184	-1.2214	0.8603	55.3607	66.5568	18.0314	21.7997	59.8175	41.2385	9.1451	12.9936	15.1528	4.3481	46.9758	31.2826	17.5616	27.10	12.12	43.8008	20.31	8.29	19.9830	16.06	6.56
34.538194	26.452778	6.5	   NA	23.8987	1.9127	62.9703	-1.2357	0.8447	55.6693	66.7419	18.2482	21.9024	60.2232	41.4171	9.3797	13.3023	15.7364	4.4940	48.6867	31.9023	17.6781	27.29	12.21	44.0337	20.37	8.32	20.5836	16.61	6.78
34.663194	26.577778	6.625	   NA	24.0865	1.9260	63.4684	-1.2668	0.8479	56.0250	66.9298	18.4607	22.0066	60.6473	41.5849	9.6260	13.6054	16.3504	4.6213	50.3792	32.4781	17.8124	27.51	12.30	44.2757	20.44	8.34	21.1767	17.14	7.00
34.788194	26.702778	6.75	   NA	24.3525	1.9285	63.9395	-1.2743	0.8713	56.4064	67.1304	18.6799	22.1102	61.0823	41.7740	9.8787	13.8789	17.0180	4.7895	52.0352	33.0343	17.9635	27.72	12.40	44.5305	20.51	8.38	21.7724	17.65	7.21
34.913194	26.827778	6.875	   NA	24.6423	1.9603	64.4138	-1.2586	0.9101	56.7704	67.3542	18.8991	22.2324	61.5215	41.9846	10.1351	14.2123	17.7428	4.9527	53.7100	33.5756	18.1336	27.92	12.49	44.7937	20.59	8.41	22.3881	18.16	7.41
35.038194	26.952778	7	   NA	24.8927	1.9924	64.9092	-1.2419	0.9746	57.0864	67.6123	19.1283	22.3767	61.9964	42.1962	10.4065	14.5535	18.4890	5.0639	55.3849	34.1011	18.3054	28.12	12.58	45.0661	20.67	8.44	22.9998	18.68	7.62
35.163194	27.077778	7.125	   NA	25.1153	2.0244	65.3737	-1.2615	1.0155	57.3603	67.8641	19.3763	22.5096	62.5167	42.4082	10.6697	14.8908	19.2350	5.1702	57.0840	34.6408	18.4535	28.32	12.67	45.3392	20.74	8.47	23.6151	19.21	7.84
35.288194	27.202778	7.25	   NA	25.2915	2.0295	65.7783	-1.2766	0.9891	57.5845	68.0708	19.6188	22.6293	62.9783	42.6277	10.8632	15.1864	19.9684	5.3044	58.7929	35.1562	18.5624	28.51	12.75	45.5849	20.79	8.49	24.2119	19.75	8.06
35.413194	27.327778	7.375	   NA	25.3956	2.0067	66.2099	-1.2871	0.9973	57.7787	68.2015	19.8596	22.7429	63.3215	42.8405	11.0284	15.4235	20.7153	5.4102	60.4632	35.5933	18.6645	28.69	12.83	45.7908	20.81	8.50	24.7723	20.29	8.28
35.538194	27.452778	7.5	   NA	25.5354	1.9951	66.6669	-1.3147	0.9761	57.9924	68.3294	20.0962	22.8506	63.6224	43.0784	11.2046	15.6836	21.4288	5.4868	62.0593	35.9856	18.7718	28.90	12.93	45.9949	20.83	8.50	25.3081	20.80	8.49
35.663194	27.577778	7.625	   NA	25.7062	1.9857	67.0693	-1.3361	0.8761	58.2547	68.5083	20.3391	22.9738	63.8925	43.2920	11.4119	16.0273	22.0808	5.5575	63.6114	36.3708	18.8602	29.10	13.01	46.2101	20.85	8.51	25.8433	21.30	8.69
35.788194	27.702778	7.75	   NA	25.8502	1.9778	67.4330	-1.3505	0.8001	58.5339	68.6969	20.5366	23.1063	64.2757	43.4838	11.6134	16.3666	22.7636	5.6107	65.1627	36.7515	18.9421	29.27	13.09	46.4389	20.90	8.53	26.3781	21.79	8.90
35.913194	27.827778	7.875	   NA	26.0156	1.9537	67.8323	-1.3738	0.7781	58.8058	68.8920	20.6825	23.2319	64.6945	43.6642	11.8521	16.6567	23.4638	5.6476	66.7129	37.1296	19.0412	29.46	13.17	46.6618	20.97	8.56	26.9104	22.29	9.10
36.038194	27.952778	8	   NA	26.1729	1.9263	68.2916	-1.4664	0.7379	59.0864	69.0847	20.7935	23.3800	65.0795	43.8292	12.1409	16.9977	24.1921	5.6915	68.2951	37.4881	19.1325	29.69	13.28	46.8756	21.05	8.59	27.4676	22.79	9.30
36.163194	28.077778	8.125	   NA	26.2504	1.8787	68.7478	-1.5771	0.6782	59.3823	69.2521	20.8808	23.5560	65.5087	43.9997	12.4450	17.3664	24.9573	5.7433	69.8891	37.8515	19.1956	29.91	13.38	47.0966	21.13	8.63	28.0421	23.29	9.51
36.288194	28.202778	8.25	   NA	26.3380	1.8281	69.1657	-1.6493	0.6279	59.6847	69.3563	21.0027	23.7632	65.9157	44.1729	12.7508	17.7236	25.7193	5.8062	71.4830	38.2394	19.2621	30.12	13.47	47.3159	21.17	8.64	28.6204	23.79	9.71
36.413194	28.327778	8.375	   NA	26.4897	1.7888	69.5734	-1.6780	0.5841	60.0142	69.4791	21.1144	23.9788	66.2793	44.3428	13.0076	18.1007	26.5000	5.8778	73.0639	38.6475	19.3516	30.32	13.56	47.5348	21.22	8.66	29.1996	24.29	9.92
36.538194	28.452778	8.5	   NA	26.6317	1.7671	69.9774	-1.7313	0.5381	60.3782	69.6268	21.1793	24.1667	66.6217	44.4796	13.2289	18.5094	27.2992	5.9879	74.6178	39.0740	19.4366	30.51	13.64	47.7421	21.29	8.69	29.7862	24.78	10.12
36.663194	28.577778	8.625	   NA	26.8182	1.7739	70.3543	-1.7747	0.4872	60.7429	69.7660	21.2575	24.3448	66.9930	44.6372	13.4792	18.9288	28.1422	6.1104	76.2082	39.4936	19.5318	30.69	13.73	47.9569	21.37	8.72	30.3937	25.27	10.32
36.788194	28.702778	8.75	   NA	27.0634	1.8009	70.7042	-1.7649	0.4244	61.0921	69.9052	21.3357	24.5333	67.3662	44.8032	13.8050	19.3440	28.9840	6.2309	77.8268	39.9304	19.6456	30.86	13.80	48.1726	21.44	8.75	31.0202	25.77	10.52
36.913194	28.827778	8.875	   NA	27.3036	1.8314	71.0528	-1.7518	0.3748	61.4406	70.0320	21.4185	24.7213	67.7903	44.9236	14.1273	19.7625	29.7517	6.3204	79.3820	40.3942	19.7622	31.02	13.87	48.3877	21.52	8.78	31.6230	26.26	10.72
37.038194	28.952778	9	   NA	27.5073	1.8621	71.4134	-1.7386	0.3453	61.7891	70.0964	21.5023	24.8512	68.1525	45.0427	14.3884	20.1843	30.4987	6.3826	80.9132	40.8657	19.8779	31.17	13.94	48.5724	21.58	8.81	32.2055	26.75	10.92
37.163194	29.077778	9.125	   NA	27.6740	1.8610	71.7901	-1.7580	0.3148	62.1249	70.1595	21.5827	24.9298	68.4359	45.1756	14.6103	20.6365	31.2645	6.4625	82.3842	41.3049	19.9764	31.35	14.02	48.7347	21.65	8.84	32.7772	27.22	11.11
37.288194	29.202778	9.25	   NA	27.8587	1.8779	72.1694	-1.7980	0.2714	62.4406	70.2823	21.5967	25.0025	68.7112	45.3207	14.8404	21.1057	32.0196	6.5529	83.8523	41.7133	20.0759	31.53	14.10	48.8923	21.74	8.87	33.3474	27.69	11.30
37.413194	29.327778	9.375	   NA	28.0500	1.9505	72.5308	-1.8389	0.2306	62.7405	70.3835	21.6296	25.0863	68.9541	45.4818	15.0860	21.5607	32.7299	6.6451	85.2844	42.1087	20.1846	31.69	14.17	49.0460	21.81	8.90	33.9025	28.14	11.49
37.538194	29.452778	9.5	   NA	28.1982	1.9978	72.8836	-1.8667	0.2238	63.0287	70.4798	21.7327	25.2137	69.2058	45.5776	15.3237	21.9997	33.4388	6.7396	86.6699	42.5267	20.2873	31.85	14.24	49.2064	21.85	8.92	34.4497	28.57	11.66
37.663194	29.577778	9.625	   NA	28.3002	2.0147	73.2457	-1.8827	0.2093	63.2788	70.5538	21.8561	25.3833	69.4578	45.6782	15.5913	22.4565	34.1508	6.8244	88.0554	42.9936	20.3774	32.01	14.31	49.3680	21.87	8.93	35.0120	29.01	11.84
37.788194	29.702778	9.75	   NA	28.4113	2.1081	73.5914	-1.8987	0.1269	63.4897	70.6381	21.9410	25.5767	69.7277	45.7984	15.8931	22.9018	34.7982	6.8991	89.4232	43.4442	20.4678	32.16	14.38	49.5286	21.90	8.94	35.5599	29.44	12.02
37.913194	29.827778	9.875	   NA	28.5345	2.2331	73.9227	-1.8812	0.0411	63.6752	70.7443	21.9334	25.7543	69.9969	45.8929	16.1902	23.3334	35.3411	6.9796	90.7809	43.8517	20.5700	32.29	14.44	49.6662	21.95	8.96	36.0795	29.86	12.19
38.038194	29.952778	10	   NA	28.6370	2.2775	74.2731	-1.8371	-0.0848	63.8687	70.8682	21.9170	25.8977	70.1837	45.9825	16.4154	23.6860	35.8531	7.0551	92.1364	44.2422	20.6531	32.45	14.51	49.7863	22.00	8.98	36.5647	30.30	12.37
38.163194	30.077778	10.125	   NA	28.7467	2.3108	74.6448	-1.8411	-0.1727	64.0889	71.0296	21.9438	26.0108	70.3111	46.0626	16.6056	23.9939	36.3494	7.1025	93.4695	44.6433	20.7377	32.62	14.59	49.9078	22.05	9.00	37.0274	30.75	12.55
38.288194	30.202778	10.25	   NA	28.9028	2.3786	75.0521	-1.8482	-0.2200	64.3248	71.1774	21.9341	26.0947	70.4750	46.1485	16.8035	24.2811	36.8450	7.1051	94.7754	45.0566	20.8531	32.80	14.67	50.0258	22.12	9.03	37.4778	31.19	12.73
38.413194	30.327778	10.375	   NA	29.0678	2.4675	75.4902	-1.8689	-0.2511	64.5844	71.2867	21.9330	26.1716	70.6853	46.2465	17.0262	24.6220	37.3416	7.0877	96.1091	45.4178	20.9811	32.99	14.75	50.1513	22.20	9.06	37.9341	31.64	12.92
38.538194	30.452778	10.5	   NA	29.2055	2.5442	75.9097	-1.9452	-0.3047	64.8368	71.3931	21.9570	26.2484	70.8680	46.3522	17.2621	24.9725	37.8695	7.0781	97.4611	45.7454	21.0819	33.18	14.84	50.2759	22.26	9.09	38.3981	32.10	13.10
38.663194	30.577778	10.625	   NA	29.3500	2.5950	76.3291	-2.0707	-0.3769	65.0581	71.4806	21.9604	26.3207	71.0622	46.4518	17.5520	25.3039	38.3519	7.0993	98.8152	46.0696	21.1653	33.39	14.93	50.3890	22.32	9.11	38.8653	32.54	13.28
38.788194	30.702778	10.75	   NA	29.5363	2.6422	76.7867	-2.1079	-0.4210	65.2529	71.5473	21.9845	26.4176	71.2752	46.5513	17.8814	25.6665	38.7631	7.1104	100.1341	46.3919	21.2873	33.59	15.02	50.5048	22.36	9.13	39.3246	32.96	13.46
38.913194	30.827778	10.875	   NA	29.7306	2.6798	77.3176	-2.1400	-0.4384	65.4560	71.5788	22.0057	26.5247	71.4801	46.6404	18.2108	26.0475	39.1582	7.0579	101.4328	46.7119	21.4299	33.83	15.13	50.6143	22.40	9.15	39.7699	33.39	13.63
39.038194	30.952778	11	   NA	29.9309	2.6867	77.7604	-2.1744	-0.4215	65.6652	71.5830	21.9966	26.5930	71.6680	46.7142	18.5078	26.3684	39.5542	7.0524	102.6654	46.9979	21.5564	34.03	15.22	50.7033	22.45	9.17	40.1910	33.79	13.80
39.163194	31.077778	11.125	   NA	30.0827	2.6778	78.2069	-2.2384	-0.4284	65.8419	71.6296	21.9916	26.6527	71.8277	46.7465	18.7852	26.7100	39.9365	7.0702	103.9049	47.2851	21.6601	34.23	15.31	50.7817	22.50	9.19	40.6153	34.19	13.96
39.288194	31.202778	11.25	   NA	30.2293	2.6893	78.6873	-2.2848	-0.4523	66.0036	71.7213	22.0385	26.7185	71.9737	46.7795	19.0817	27.0707	40.3085	7.0822	105.2027	47.5638	21.7738	34.45	15.41	50.8725	22.54	9.20	41.0516	34.61	14.13
39.413194	31.327778	11.375	   NA	30.4081	2.7081	79.1907	-2.3529	-0.4816	66.1311	71.7577	22.0745	26.7805	72.1830	46.7968	19.4379	27.3846	40.6732	7.0797	106.5201	47.8356	21.8945	34.68	15.51	50.9539	22.58	9.22	41.4885	35.04	14.31
39.538194	31.452778	11.5	   NA	30.5850	2.7383	79.7345	-2.4174	-0.5105	66.2726	71.7749	22.0363	26.8242	72.4019	46.7603	19.8081	27.6472	40.9812	7.1026	107.8658	48.1095	22.0260	34.93	15.62	51.0117	22.65	9.25	41.9191	35.48	14.48
39.663194	31.577778	11.625	   NA	30.7903	2.7560	80.2996	-2.4757	-0.5261	66.4080	71.8430	22.0000	26.8486	72.6208	46.7306	20.1502	27.9099	41.2267	7.0844	109.2378	48.4030	22.1688	35.19	15.74	51.0752	22.72	9.28	42.3353	35.94	14.67
39.788194	31.702778	11.75	   NA	31.0103	2.7559	80.8738	-2.5343	-0.5413	66.5447	71.9149	22.0073	26.8760	72.8548	46.7683	20.4645	28.1803	41.4515	7.0294	110.5945	48.7299	22.3129	35.45	15.85	51.1610	22.79	9.30	42.7417	36.40	14.86
39.913194	31.827778	11.875	   NA	31.2304	2.8010	81.4537	-2.5999	-0.5299	66.6873	72.0358	22.0269	26.9601	73.0527	46.8492	20.8013	28.4355	41.7127	6.9847	111.9545	49.0948	22.4711	35.71	15.97	51.2687	22.84	9.33	43.1639	36.87	15.05
40.038194	31.952778	12	   NA	31.4484	2.8845	82.0384	-2.6643	-0.4842	66.8238	72.1445	22.0328	27.0548	73.2219	46.8725	21.1113	28.6521	41.9778	6.9846	113.3241	49.4589	22.6446	35.96	16.08	51.3584	22.89	9.35	43.5848	37.33	15.24
40.163194	32.077778	12.125	   NA	31.6176	2.9414	82.6082	-2.7168	-0.4814	66.9619	72.1862	22.0215	27.1140	73.4006	46.8516	21.4395	28.8417	42.1939	7.0202	114.7152	49.7991	22.7938	36.20	16.19	51.4226	22.94	9.37	44.0016	37.80	15.43
40.288194	32.202778	12.25	   NA	31.8119	2.9800	83.1418	-2.7493	-0.4890	67.0882	72.2150	21.9612	27.2021	73.5848	46.9191	21.8627	29.0499	42.4257	7.0533	116.0886	50.1385	22.9391	36.44	16.29	51.4951	22.99	9.39	44.4364	38.25	15.61
40.413194	32.327778	12.375	   NA	32.0325	3.0067	83.6567	-2.7706	-0.4723	67.1907	72.3212	21.9239	27.3207	73.7697	47.0284	22.3248	29.2848	42.6572	7.0813	117.3957	50.4830	23.0906	36.66	16.39	51.5924	23.04	9.41	44.8711	38.67	15.79
40.538194	32.452778	12.5	   NA	32.2290	3.0772	84.1838	-2.8046	-0.4431	67.2918	72.4350	21.9003	27.4166	73.9316	47.0994	22.7544	29.5260	42.8591	7.0947	118.7072	50.8276	23.2485	36.88	16.49	51.6791	23.09	9.43	45.2948	39.09	15.96
40.663194	32.577778	12.625	   NA	32.4255	3.1428	84.7273	-2.8414	-0.4151	67.3845	72.5187	21.9306	27.4988	74.1120	47.1940	23.1324	29.7628	43.0742	7.0997	120.0608	51.1476	23.4078	37.11	16.60	51.7731	23.13	9.44	45.7129	39.55	16.14
40.788194	32.702778	12.75	   NA	32.6234	3.1298	85.2882	-2.9272	-0.3979	67.4968	72.5644	21.9914	27.5633	74.2957	47.2955	23.5146	30.0119	43.2581	7.0619	121.3930	51.4613	23.5433	37.37	16.71	51.8679	23.15	9.45	46.1168	40.00	16.33
40.913194	32.827778	12.875	   NA	32.8575	3.1290	85.8959	-3.0009	-0.3781	67.6645	72.6288	22.0253	27.6230	74.4794	47.3923	23.9447	30.2639	43.3570	7.0407	122.6855	51.7789	23.7007	37.64	16.83	51.9689	23.20	9.47	46.5118	40.43	16.50
41.038194	32.952778	13	   NA	33.1099	3.1760	86.5039	-3.0580	-0.4261	67.7800	72.6897	21.9737	27.6360	74.6593	47.4394	24.3339	30.4755	43.4246	7.0375	123.9459	52.0463	23.8611	37.92	16.96	52.0297	23.27	9.50	46.8773	40.85	16.68
41.163194	33.077778	13.125	   NA	33.3164	3.2304	87.1348	-3.1686	-0.5378	67.8541	72.7004	21.9342	27.6587	74.8423	47.4304	24.6926	30.6690	43.5254	6.9896	125.1797	52.2566	23.9950	38.22	17.09	52.0700	23.32	9.52	47.2188	41.27	16.85
41.288194	33.202778	13.25	   NA	33.4962	3.3065	87.8392	-3.2929	-0.6075	67.9447	72.6637	21.9371	27.7115	75.0530	47.4179	25.1233	30.8824	43.6787	6.9194	126.3969	52.4606	24.1483	38.55	17.24	52.1213	23.35	9.53	47.5769	41.68	17.02
41.413194	33.327778	13.375	   NA	33.6769	3.3671	88.5746	-3.3812	-0.6961	68.0195	72.7237	21.9187	27.7664	75.2399	47.4584	25.6046	31.1106	43.8502	6.8745	127.5938	52.6766	24.3083	38.89	17.39	52.1878	23.40	9.55	47.9517	42.08	17.18
41.538194	33.452778	13.5	   NA	33.8789	3.3778	89.3541	-3.4311	-0.7750	68.0846	72.7807	21.8981	27.8360	75.3554	47.5274	26.0846	31.3346	44.0402	6.8386	128.7824	52.8942	24.4809	39.24	17.55	52.2470	23.43	9.57	48.3291	42.47	17.34
41.663194	33.577778	13.625	   NA	34.0941	3.3892	90.1837	-3.4787	-0.8771	68.1422	72.8377	21.9094	27.8991	75.4611	47.6064	26.5557	31.5205	44.2116	6.8120	129.9624	53.1365	24.6622	39.62	17.72	52.3093	23.45	9.57	48.6998	42.86	17.50
41.788194	33.702778	13.75	   NA	34.2751	3.4269	91.0616	-3.5355	-1.0101	68.2230	72.8945	21.8983	27.9469	75.5651	47.6708	27.0269	31.6491	44.3933	6.8080	131.1264	53.3895	24.8436	40.02	17.90	52.3664	23.48	9.59	49.0655	43.24	17.65
41.913194	33.827778	13.875	   NA	34.4629	3.4587	91.9967	-3.6290	-1.1439	68.3061	72.9481	21.8617	27.9937	75.6637	47.7595	27.4981	31.7523	44.6497	6.8117	132.2856	53.6360	25.0291	40.45	18.09	52.4221	23.52	9.60	49.4389	43.62	17.81
42.038194	33.952778	14	   NA	34.6078	3.4863	92.9949	-3.7419	-1.2482	68.4138	73.0079	21.8373	28.0388	75.7616	47.8424	27.8847	31.8712	44.8827	6.8161	133.4485	53.8611	25.2198	40.91	18.29	52.4836	23.56	9.62	49.7940	44.02	17.97
42.163194	34.077778	14.125	   NA	34.7834	3.5188	94.0183	-3.8171	-1.3255	68.4614	73.0147	21.8285	28.0840	75.8786	47.8886	28.2777	32.0450	45.0209	6.8379	134.5893	54.0400	25.4356	41.36	18.50	52.5260	23.58	9.63	50.1351	44.39	18.12
42.288194	34.202778	14.25	   NA	34.9665	3.5259	95.0997	-3.8452	-1.3700	68.5196	73.0323	21.8210	28.1309	76.0048	47.9633	28.7406	32.2623	45.1335	6.8613	135.6565	54.2208	25.6754	41.83	18.71	52.5787	23.61	9.64	50.4792	44.73	18.26
42.413194	34.327778	14.375	   NA	35.2139	3.5147	96.2576	-3.9115	-1.3820	68.5984	73.0658	21.8141	28.1899	76.1301	48.0706	29.2081	32.4326	45.2701	6.8479	136.6566	54.4441	25.9385	42.34	18.94	52.6448	23.63	9.65	50.8099	45.06	18.39
42.538194	34.452778	14.5	   NA	35.4496	3.5431	97.4154	-4.0035	-1.3576	68.6564	73.0651	21.8113	28.2533	76.2448	48.1983	29.6792	32.5190	45.4113	6.8759	137.6422	54.6885	26.2094	42.84	19.16	52.7049	23.65	9.65	51.1360	45.38	18.52
42.663194	34.577778	14.625	   NA	35.6224	3.6116	98.5869	-4.0799	-1.3119	68.7069	73.0576	21.8120	28.3037	76.3685	48.3246	30.1245	32.5921	45.5453	6.9281	138.6414	54.9441	26.4858	43.34	19.38	52.7622	23.66	9.66	51.4626	45.70	18.66
42.788194	34.702778	14.75	   NA	35.7617	3.6461	99.8235	-4.1380	-1.2930	68.7624	73.0677	21.8000	28.3715	76.4638	48.4118	30.5923	32.7053	45.6676	6.9804	139.6295	55.1804	26.7601	43.86	19.62	52.8129	23.68	9.67	51.7926	46.01	18.78
42.913194	34.827778	14.875	   NA	35.9609	3.6335	101.0672	-4.1903	-1.3226	68.8221	73.0812	21.7798	28.4174	76.5330	48.4827	31.1038	32.8901	45.7701	7.0317	140.5927	55.3608	27.0297	44.41	19.86	52.8527	23.69	9.67	52.1249	46.31	18.91
43.038194	34.952778	15	   NA	36.1653	3.6296	102.3511	-4.2168	-1.3448	68.8672	73.1010	21.8026	28.4097	76.6500	48.5885	31.6732	33.0555	45.8508	7.0576	141.5510	55.5378	27.3169	44.96	20.11	52.9032	23.72	9.68	52.4543	46.61	19.03
43.163194	35.077778	15.125	   NA	36.3464	3.6458	103.6695	-4.2198	-1.3402	68.9163	73.1678	21.8256	28.3693	76.8407	48.7378	32.2623	33.2130	45.9165	7.0611	142.5133	55.7447	27.6203	45.52	20.36	52.9763	23.77	9.70	52.7852	46.91	19.15
43.288194	35.202778	15.25	   NA	36.5534	3.6769	104.9730	-4.2087	-1.3405	68.9830	73.2665	21.7945	28.3427	77.0497	48.9374	32.8114	33.4161	46.0018	7.0933	143.4846	55.9817	27.9308	46.06	20.60	53.0623	23.84	9.73	53.1315	47.21	19.27
43.413194	35.327778	15.375	   NA	36.7449	3.7161	106.1522	-4.2267	-1.3501	69.0358	73.3630	21.7535	28.3280	77.2474	49.1201	33.3839	33.6910	46.1359	7.1520	144.4153	56.2713	28.2073	46.57	20.83	53.1413	23.92	9.76	53.5082	47.48	19.38
43.538194	35.452778	15.5	   NA	36.9303	3.7669	107.2428	-4.2348	-1.3735	69.1052	73.4329	21.7403	28.3890	77.4055	49.2852	33.9991	33.9590	46.3173	7.1701	145.3005	56.5553	28.4663	47.03	21.03	53.2264	23.95	9.78	53.8835	47.74	19.49
43.663194	35.577778	15.625	   NA	37.1786	3.8114	108.2782	-4.1825	-1.4008	69.1971	73.4478	21.7356	28.4594	77.5462	49.5051	34.6650	34.1793	46.4747	7.1935	146.1831	56.8225	28.7370	47.46	21.23	53.3152	23.98	9.79	54.2530	48.00	19.60
43.788194	35.702778	15.75	   NA	37.4023	3.8279	109.1683	-4.1751	-1.4356	69.2515	73.4744	21.7131	28.5222	77.6869	49.7135	35.3258	34.3705	46.5857	7.2229	147.0719	57.0915	28.9576	47.85	21.40	53.3936	24.00	9.80	54.6114	48.26	19.70
43.913194	35.827778	15.875	   NA	37.6320	3.8378	110.0064	-4.2335	-1.4766	69.2818	73.5392	21.6811	28.5794	77.7962	49.8740	35.9525	34.5326	46.6519	7.2509	147.9733	57.4052	29.1532	48.23	21.57	53.4586	24.03	9.81	54.9611	48.54	19.82
44.038194	35.952778	16	   NA	37.8941	3.8553	110.8477	-4.3129	-1.4942	69.3121	73.5711	21.6492	28.6155	77.8762	50.0089	36.6213	34.7294	46.7112	7.2448	148.8195	57.7832	29.3580	48.60	21.74	53.5055	24.05	9.82	55.3182	48.80	19.92
44.163194	36.077778	16.125	   NA	38.1343	3.8574	111.6398	-4.3958	-1.4541	69.3466	73.5869	21.6176	28.6117	77.9331	50.1059	37.2808	34.9512	46.8569	7.1665	149.5763	58.1490	29.5563	48.95	21.89	53.5336	24.08	9.83	55.6634	49.04	20.02
44.288194	36.202778	16.25	   NA	38.3679	3.8794	112.3973	-4.4964	-1.4559	69.4342	73.6128	21.5860	28.6210	78.0409	50.1939	37.9021	35.2151	47.0286	7.1240	150.3287	58.4852	29.7385	49.30	22.05	53.5815	24.12	9.85	56.0140	49.26	20.11
44.413194	36.327778	16.375	   NA	38.5949	3.9682	113.1372	-4.5842	-1.4744	69.5156	73.6526	21.5545	28.6995	78.2313	50.3048	38.5580	35.4655	47.1670	7.0837	151.1162	58.8266	29.9283	49.62	22.19	53.6597	24.17	9.87	56.3695	49.50	20.21
44.538194	36.452778	16.5	   NA	38.7974	4.0351	113.8722	-4.6251	-1.5235	69.5560	73.6674	21.5229	28.7857	78.3828	50.3871	39.2552	35.7067	47.2818	7.0977	151.9163	59.1670	30.1112	49.95	22.34	53.7170	24.19	9.88	56.7375	49.73	20.30
44.663194	36.577778	16.625	   NA	38.9954	4.0286	114.5799	-4.6468	-1.5815	69.6440	73.6542	21.4638	28.8644	78.4706	50.4700	39.9542	35.9069	47.3660	7.0749	152.7107	59.5272	30.2751	50.27	22.48	53.7612	24.22	9.89	57.0900	49.98	20.40
44.788194	36.702778	16.75	   NA	39.1915	3.9969	115.2605	-4.6445	-1.5732	69.7520	73.6881	21.3911	28.8923	78.5356	50.5783	40.6463	36.0655	47.4425	7.0766	153.4903	59.9367	30.4462	50.56	22.61	53.8062	24.26	9.90	57.4430	50.21	20.50
44.913194	36.827778	16.875	   NA	39.3872	3.9913	115.8835	-4.6674	-1.5452	69.8235	73.7385	21.3623	28.8949	78.5971	50.6639	41.3120	36.2329	47.5629	7.1186	154.2636	60.3445	30.6099	50.83	22.73	53.8467	24.30	9.92	57.8057	50.44	20.59
45.038194	36.952778	17	   NA	39.6133	4.0080	116.4555	-4.7253	-1.5173	69.8910	73.7018	21.3554	28.8976	78.6415	50.7501	42.0076	36.4153	47.6925	7.1222	155.0523	60.6816	30.7668	51.09	22.85	53.8729	24.31	9.92	58.1619	50.68	20.69
45.163194	37.077778	17.125	   NA	39.8778	4.0268	117.0295	-4.7625	-1.4893	70.0215	73.6107	21.3310	28.9362	78.6938	50.8129	42.7052	36.6160	47.7748	7.0582	155.8618	60.9796	30.9365	51.34	22.96	53.9010	24.32	9.93	58.4993	50.94	20.80
45.288194	37.202778	17.25	   NA	40.1701	4.0524	117.5836	-4.8094	-1.4759	70.1551	73.5430	21.3255	28.9859	78.7484	50.8822	43.4845	36.7856	47.8496	7.0038	156.6795	61.2915	31.1042	51.58	23.07	53.9400	24.32	9.93	58.8491	51.20	20.90
45.413194	37.327778	17.375	   NA	40.4162	4.0830	118.1141	-4.8714	-1.4923	70.2021	73.5027	21.3192	29.1038	78.8004	51.0120	44.2294	36.9409	47.9606	6.9498	157.4861	61.5949	31.2499	51.83	23.18	53.9900	24.31	9.92	59.1936	51.46	21.01
45.538194	37.452778	17.5	   NA	40.6485	4.1136	118.6413	-4.9019	-1.5119	70.1933	73.4972	21.2921	29.2212	78.8950	51.1654	44.9790	37.1280	48.0864	6.9070	158.2998	61.8602	31.3979	52.06	23.28	54.0440	24.31	9.92	59.5434	51.72	21.11
45.663194	37.577778	17.625	   NA	40.9018	4.1566	119.1482	-4.9146	-1.5303	70.2366	73.5620	21.2649	29.3335	79.0338	51.2688	45.7526	37.3547	48.2307	6.8383	159.1440	62.1389	31.5523	52.29	23.38	54.1166	24.33	9.93	59.9099	51.99	21.22
45.788194	37.702778	17.75	   NA	41.1664	4.1792	119.6728	-4.9692	-1.5594	70.2841	73.6490	21.2168	29.4422	79.1566	51.3153	46.5507	37.5678	48.4040	6.7720	159.9543	62.4595	31.6980	52.53	23.49	54.1773	24.37	9.95	60.2847	52.25	21.33
45.913194	37.827778	17.875	   NA	41.4488	4.1451	120.1850	-5.0891	-1.6052	70.3838	73.6873	21.1567	29.5618	79.2555	51.3850	47.3702	37.7392	48.5746	6.7620	160.7115	62.7440	31.8169	52.79	23.61	54.2384	24.40	9.96	60.6502	52.47	21.42
46.038194	37.952778	18	   NA	41.7299	4.0836	120.6972	-5.1775	-1.6715	70.4303	73.7173	21.1018	29.6477	79.3638	51.4679	48.1905	37.8864	48.7106	6.7529	161.4990	62.9498	31.9323	53.05	23.72	54.2881	24.43	9.97	60.9982	52.72	21.52
46.163194	38.077778	18.125	   NA	42.0206	4.0395	121.1984	-5.2436	-1.7443	70.4114	73.7472	21.0272	29.6836	79.4515	51.5429	49.0330	38.0421	48.8211	6.7662	162.3208	63.1281	32.0541	53.30	23.84	54.3106	24.46	9.99	61.3519	52.97	21.63
46.288194	38.202778	18.25	   NA	42.3057	4.0046	121.6413	-5.3389	-1.7862	70.3766	73.7809	20.9359	29.7100	79.4759	51.6151	49.9396	38.1845	48.9191	6.7824	163.0886	63.3129	32.1653	53.53	23.94	54.3157	24.48	9.99	61.7045	53.20	21.72
46.413194	38.327778	18.375	   NA	42.5662	3.9403	122.0567	-5.4229	-1.7922	70.3958	73.7888	20.8445	29.7364	79.5002	51.6463	50.8127	38.3210	49.0118	6.7993	163.8030	63.5006	32.2696	53.74	24.03	54.3187	24.51	10.01	62.0414	53.42	21.81
46.538194	38.452778	18.5	   NA	42.8439	3.8565	122.4681	-5.4928	-1.8076	70.4803	73.8288	20.7466	29.7623	79.5363	51.6420	51.6117	38.4895	49.1285	6.8323	164.5174	63.6752	32.3736	53.95	24.13	54.3327	24.56	10.03	62.3758	53.63	21.89
46.663194	38.577778	18.625	   NA	43.1370	3.7718	122.8874	-5.5140	-1.8189	70.5665	73.9268	20.6788	29.7877	79.6012	51.6559	52.4531	38.6811	49.2748	6.8477	165.2702	63.8497	32.4927	54.16	24.22	54.3695	24.61	10.05	62.7294	53.86	21.99
46.788194	38.702778	18.75	   NA	43.3691	3.7504	123.3105	-5.5076	-1.8010	70.6094	73.9915	20.6245	29.8417	79.6802	51.7097	53.3415	38.8631	49.4295	6.8785	166.0730	64.0617	32.6243	54.34	24.30	54.4095	24.64	10.06	63.1079	54.10	22.09
46.913194	38.827778	18.875	   NA	43.5890	3.7736	123.7394	-5.4939	-1.7834	70.6241	74.0313	20.5751	29.9636	79.7978	51.7406	54.2915	39.0523	49.6044	6.8729	166.8264	64.3458	32.7649	54.52	24.38	54.4554	24.67	10.07	63.4989	54.33	22.18
47.038194	38.952778	19	   NA	43.8358	3.7373	124.1923	-5.5095	-1.8018	70.6419	74.0411	20.5861	30.0704	79.9077	51.7575	55.2788	39.2553	49.7968	6.8292	167.5281	64.6110	32.8908	54.74	24.48	54.5008	24.67	10.07	63.8832	54.55	22.27
47.163194	39.077778	19.125	   NA	44.0877	3.6938	124.6249	-5.5674	-1.8764	70.7020	74.0339	20.5983	30.0768	79.9228	51.8487	56.2076	39.4548	49.9896	6.8237	168.2605	64.8363	32.9925	54.96	24.58	54.5304	24.67	10.07	64.2621	54.77	22.36
47.288194	39.202778	19.25	   NA	44.3784	3.6997	125.0557	-5.6385	-1.9442	70.7869	74.0249	20.5645	30.0677	79.8919	51.9750	57.1325	39.6479	50.1639	6.7850	169.0110	65.1000	33.1102	55.17	24.67	54.5518	24.68	10.08	64.6401	55.01	22.46
47.413194	39.327778	19.375	   NA	44.6010	3.6827	125.4868	-5.7279	-1.9792	70.8179	74.0254	20.5258	30.0828	79.8580	52.0498	58.0455	39.8392	50.3344	6.7471	169.7670	65.3737	33.2127	55.39	24.77	54.5600	24.69	10.08	65.0178	55.26	22.56
47.538194	39.452778	19.5	   NA	44.8007	3.6439	125.9737	-5.8260	-2.0064	70.8687	73.9974	20.5126	30.1228	79.8241	52.0935	58.9578	40.0630	50.5304	6.7320	170.5248	65.6214	33.3172	55.63	24.88	54.5699	24.68	10.07	65.4049	55.49	22.66
47.663194	39.577778	19.625	   NA	44.9986	3.6343	126.5353	-5.9080	-2.0336	71.0047	74.0280	20.5086	30.2329	79.8540	52.1652	59.9515	40.2947	50.7134	6.7748	171.2923	65.8467	33.4453	55.89	25.00	54.6322	24.68	10.08	65.8122	55.72	22.75
47.788194	39.702778	19.75	   NA	45.2661	3.6219	127.0554	-5.9428	-2.0412	71.1387	74.0899	20.4891	30.2809	79.9430	52.2522	61.0193	40.4856	50.8712	6.8505	172.0928	66.1328	33.5919	56.13	25.10	54.6990	24.72	10.09	66.2420	55.96	22.85
47.913194	39.827778	19.875	   NA	45.5877	3.6061	127.5356	-5.9557	-2.0430	71.2727	74.1096	20.4952	30.2952	80.0085	52.3356	62.1230	40.7038	51.0423	6.9100	172.8795	66.4975	33.7461	56.35	25.20	54.7528	24.75	10.10	66.6927	56.20	22.94
