days.origin	days.water	days.manure	F07	F08	F09	F10	F11	F12	GW01	GW02	GW03	GW04	GW05	GW06	GWL01	GWL02	GWL03	GWL04	GWo01	GWo02	mean.F	sd.F	se.F	mean.GW	sd.GW	se.GW	mean.GWL	sd.GWL	se.GWL
3.125	-4.960417	-24.913194	   NA	10.7203	11.8308	9.2298	10.5663	10.7765	9.6123	9.0308	10.9417	9.5773	12.8542	9.9413	8.6356	11.5989	13.8758	10.9554	10.1854	14.7792	10.6247	0.93	0.41	10.3263	1.39	0.57	11.6717	2.30	0.94
3.25	-4.835417	-24.788194	   NA	10.9680	11.7934	9.5654	10.7042	10.9904	9.9401	8.9934	11.0458	9.9040	12.9983	10.1157	8.8563	11.5615	13.9610	11.2800	10.2382	14.7418	10.8043	0.80	0.36	10.4995	1.39	0.57	11.7731	2.22	0.91
3.375	-4.710417	-24.663194	   NA	11.4002	11.9240	9.9393	11.1052	11.4313	10.2971	9.2009	11.4711	10.2309	13.3574	10.4791	9.1639	11.5240	14.4207	11.7006	10.6533	14.7043	11.1600	0.74	0.33	10.8394	1.43	0.58	12.0278	2.16	0.88
3.5	-4.585417	-24.538194	   NA	11.8280	12.3918	10.3233	11.5107	11.8750	10.6291	9.5665	11.8646	10.5700	13.7105	10.8429	9.4661	11.4866	14.7850	12.1526	11.0772	14.6669	11.5858	0.77	0.35	11.1973	1.43	0.58	12.2724	2.10	0.86
3.625	-4.460417	-24.413194	   NA	12.2529	12.8625	10.7080	11.9213	12.3094	10.9675	9.9394	12.2286	10.9614	14.1068	11.2343	9.7768	11.4492	15.1394	12.6074	11.5129	14.6295	12.0108	0.80	0.36	11.5730	1.44	0.59	12.5192	2.05	0.84
3.75	-4.335417	-24.288194	   NA	12.6690	13.3351	11.0857	12.3304	12.7357	11.3180	10.3364	12.5925	11.3486	14.5245	11.6309	10.1079	11.4118	15.4839	13.0510	11.9541	14.5921	12.4312	0.83	0.37	11.9585	1.45	0.59	12.7668	2.02	0.82
3.875	-4.210417	-24.163194	   NA	13.0828	13.8047	11.4517	12.7420	13.1744	11.7039	10.7640	12.9903	11.7258	14.9970	12.0467	10.4467	11.3744	15.8754	13.4974	12.3942	14.5547	12.8511	0.87	0.39	12.3713	1.47	0.60	13.0238	2.02	0.83
4	-4.085417	-24.038194	   NA	13.5082	14.2603	11.8171	13.1570	13.6286	12.0972	11.1943	13.4056	12.1082	15.5438	12.4765	10.7922	11.3370	16.3149	13.9415	12.8308	14.5173	13.2742	0.91	0.41	12.8043	1.52	0.62	13.2889	2.07	0.84
4.125	-3.960417	-23.913194	   NA	13.9591	14.7004	12.1881	13.5709	14.0911	12.4928	11.6179	13.8016	12.4915	16.1285	12.8914	11.1458	11.2996	16.7495	14.3898	13.2636	14.4799	13.7019	0.94	0.42	13.2373	1.58	0.65	13.5547	2.13	0.87
4.25	-3.835417	-23.788194	   NA	14.4242	15.1443	12.5663	13.9887	14.5550	12.8885	12.0361	14.2301	12.8757	16.6107	13.3092	11.4891	11.5722	17.1378	14.8493	13.6962	14.8759	14.1357	0.97	0.43	13.6584	1.61	0.66	13.9367	2.17	0.89
4.375	-3.710417	-23.663194	   NA	14.8926	15.5947	12.9475	14.4118	15.0155	13.2644	12.4317	14.6755	13.2459	17.0351	13.7264	11.8199	11.9028	17.5779	15.3139	14.1292	15.3428	14.5724	1.00	0.45	14.0632	1.63	0.67	14.3477	2.23	0.91
4.5	-3.585417	-23.538194	   NA	15.3614	16.0486	13.3307	14.8380	15.4747	13.6354	12.8423	15.1136	13.6071	17.4919	14.1425	12.1595	12.2650	18.0525	15.7862	14.5612	15.8003	15.0107	1.03	0.46	14.4721	1.66	0.68	14.7708	2.28	0.93
4.625	-3.460417	-23.413194	   NA	15.8342	16.5101	13.7143	15.2661	15.9363	14.0389	13.2704	15.5071	13.9996	17.9879	14.5479	12.5135	12.6289	18.4410	16.2608	14.9930	16.2622	15.4522	1.07	0.48	14.8920	1.69	0.69	15.1832	2.31	0.94
4.75	-3.335417	-23.288194	   NA	16.3087	16.9763	14.0946	15.6923	16.3941	14.4615	13.6887	15.8999	14.3949	18.4639	14.9464	12.8773	12.9589	18.8195	16.7265	15.4241	16.7392	15.8932	1.10	0.49	15.3092	1.71	0.70	15.5909	2.34	0.95
4.875	-3.210417	-23.163194	   NA	16.7764	17.4324	14.4727	16.1132	16.8512	14.8640	14.1079	16.3375	14.7758	18.9030	15.3642	13.2500	13.2906	19.2725	17.1877	15.8513	17.2130	16.3292	1.14	0.51	15.7254	1.72	0.70	16.0109	2.39	0.97
5	-3.085417	-23.038194	   NA	17.2429	17.8828	14.8501	16.5316	17.3138	15.2671	14.5227	16.7858	15.1918	19.3506	15.7889	13.6241	13.6602	19.8477	17.6504	16.2777	17.6746	16.7642	1.17	0.52	16.1512	1.74	0.71	16.4558	2.46	1.00
5.125	-2.960417	-22.913194	   NA	17.7106	18.3281	15.2261	16.9498	17.7842	15.6932	14.9464	17.2397	15.6334	19.7966	16.2110	13.9912	14.0109	20.4129	18.1167	16.7057	18.1381	17.1998	1.21	0.54	16.5867	1.75	0.71	16.8959	2.54	1.04
5.25	-2.835417	-22.788194	   NA	18.1760	18.7732	15.6015	17.3673	18.2500	16.1054	15.3801	17.6731	16.0521	20.2394	16.6333	14.3318	14.3458	20.8508	18.5885	17.1322	18.6030	17.6336	1.24	0.56	17.0139	1.76	0.72	17.3087	2.59	1.06
5.375	-2.710417	-22.663194	   NA	18.6358	19.2199	15.9779	17.7848	18.6883	16.4843	15.8134	18.0897	16.4280	20.6832	17.0598	14.6577	14.6756	21.2517	19.0605	17.5563	19.0541	18.0613	1.27	0.57	17.4264	1.77	0.72	17.7093	2.64	1.08
5.5	-2.585417	-22.538194	   NA	19.0948	19.6717	16.3565	18.2045	19.1261	16.8725	16.2481	18.5198	16.8134	21.1183	17.4780	15.0082	15.0121	21.7992	19.5244	17.9812	19.5128	18.4907	1.30	0.58	17.8417	1.78	0.73	18.1396	2.71	1.11
5.625	-2.460417	-22.413194	   NA	19.5620	20.1340	16.7373	18.6275	19.5918	17.2975	16.6680	18.9022	17.2432	21.4991	17.8490	15.3774	15.3822	22.3223	19.9866	18.4095	19.9892	18.9305	1.34	0.60	18.2432	1.76	0.72	18.5779	2.77	1.13
5.75	-2.335417	-22.288194	   NA	20.0337	20.5947	17.1165	19.0511	20.0685	17.7423	17.0790	19.2432	17.6789	21.8498	18.2018	15.7497	15.7343	22.6970	20.4518	18.8402	20.4613	19.3729	1.38	0.62	18.6325	1.73	0.71	18.9890	2.80	1.14
5.875	-2.210417	-22.163194	   NA	20.4994	21.0467	17.4901	19.4703	20.5447	18.1897	17.5288	19.6169	18.0987	22.2376	18.5897	16.1252	16.0737	23.0925	20.9187	19.2687	20.9292	19.8102	1.42	0.63	19.0436	1.71	0.70	19.4013	2.83	1.16
6	-2.085417	-22.038194	   NA	20.9609	21.4926	17.8589	19.8843	21.0099	18.6068	18.0136	20.0241	18.4827	22.6591	18.9961	16.4846	16.4279	23.5004	21.3835	19.6941	21.3974	20.2413	1.46	0.65	19.4637	1.71	0.70	19.8147	2.87	1.17
6.125	-1.960417	-21.913194	   NA	21.4192	21.9403	18.2274	20.2964	21.4588	18.9845	18.4310	20.4255	18.8261	23.0749	19.3689	16.8112	16.7820	23.9125	21.8489	20.1172	21.8510	20.6684	1.49	0.67	19.8518	1.72	0.70	20.2205	2.91	1.19
6.25	-1.835417	-21.788194	   NA	21.8761	22.3860	18.5990	20.7094	21.9051	19.3785	18.7879	20.7870	19.1837	23.4376	19.7073	17.1203	17.1154	24.3259	22.3123	20.5404	22.3003	21.0951	1.53	0.68	20.2137	1.72	0.70	20.6191	2.97	1.21
6.375	-1.710417	-21.663194	   NA	22.3413	22.8330	18.9716	21.1254	22.3504	19.7738	19.1851	21.1268	19.5743	23.7810	20.0769	17.4388	17.4231	24.6978	22.7698	20.9660	22.7590	21.5243	1.56	0.70	20.5863	1.70	0.69	21.0091	3.01	1.23
6.5	-1.585417	-21.538194	   NA	22.8072	23.2830	19.3422	21.5422	22.7856	20.1542	19.6209	21.5009	19.9858	24.1785	20.4789	17.7786	17.7527	25.0759	23.2278	21.3924	23.2160	21.9520	1.60	0.71	20.9865	1.69	0.69	21.4072	3.05	1.25
6.625	-1.460417	-21.413194	   NA	23.2700	23.7327	19.7114	21.9574	23.2106	20.5755	20.0546	21.8603	20.4197	24.5669	20.8509	18.1397	18.0892	25.4659	23.6876	21.8168	23.6739	22.3764	1.63	0.73	21.3880	1.67	0.68	21.8122	3.09	1.26
6.75	-1.335417	-21.288194	   NA	23.7310	24.1789	20.0798	22.3710	23.6512	21.0328	20.4874	22.2167	20.8452	24.9561	21.2236	18.5113	18.4045	25.8297	24.1452	22.2402	24.1362	22.8024	1.66	0.74	21.7936	1.65	0.68	22.2112	3.12	1.27
6.875	-1.210417	-21.163194	   NA	24.1926	24.6224	20.4462	22.7817	24.1060	21.4734	20.9220	22.6360	21.2334	25.3866	21.6055	18.8824	18.7362	26.2477	24.5929	22.6642	24.6019	23.2298	1.70	0.76	22.2095	1.66	0.68	22.6209	3.16	1.29
7	-1.085417	-21.038194	   NA	24.6574	25.0666	20.8120	23.1923	24.5512	21.8560	21.3234	23.0318	21.5939	25.7890	21.9676	19.2321	19.0759	26.6624	25.0382	23.0840	25.0553	23.6559	1.74	0.78	22.5936	1.67	0.68	23.0247	3.21	1.31
7.125	-0.960417	-20.913194	   NA	25.1169	25.5094	21.1799	23.6019	24.9872	22.2179	21.6878	23.4030	21.9568	26.1884	22.3188	19.5524	19.3897	27.0151	25.4876	23.5010	25.5010	24.0791	1.77	0.79	22.9621	1.69	0.69	23.4078	3.25	1.33
7.25	-0.835417	-20.788194	   NA	25.5672	25.9569	21.5491	24.0136	25.4231	22.6244	22.0844	23.7492	22.3556	26.5655	22.6520	19.8797	19.6841	27.4309	25.9452	23.9244	25.9649	24.5020	1.81	0.81	23.3385	1.68	0.69	23.8049	3.31	1.35
7.375	-0.710417	-20.663194	   NA	26.0148	26.4073	21.9189	24.4270	25.8571	23.0357	22.5262	24.1123	22.7530	26.9379	23.0127	20.2217	20.0038	27.9970	26.4105	24.3515	26.4268	24.9250	1.84	0.82	23.7296	1.66	0.68	24.2352	3.40	1.39
7.5	-0.585417	-20.538194	   NA	26.4696	26.8573	22.2883	24.8399	26.2665	23.4323	22.9718	24.4915	23.1302	27.3097	23.3626	20.5589	20.3406	28.5074	26.8726	24.7768	26.8800	25.3443	1.87	0.84	24.1164	1.65	0.67	24.6561	3.47	1.42
7.625	-0.460417	-20.413194	   NA	26.9359	27.3105	22.6556	25.2525	26.6658	23.8311	23.4155	24.8675	23.5132	27.6868	23.7063	20.9037	20.6697	28.9143	27.3282	25.2008	27.3446	25.7641	1.90	0.85	24.5034	1.64	0.67	25.0602	3.52	1.44
7.75	-0.335417	-20.288194	   NA	27.4052	27.7619	23.0209	25.6650	27.0986	24.2101	23.8381	25.2863	23.8976	28.1278	24.0834	21.2375	21.0141	29.3176	27.7820	25.6223	27.8149	26.1903	1.94	0.87	24.9072	1.66	0.68	25.4647	3.56	1.45
7.875	-0.210417	-20.163194	   NA	27.8661	28.2056	23.3864	26.0745	27.5573	24.5725	24.2219	25.6536	24.2708	28.5339	24.4341	21.5461	21.3596	29.7002	28.2382	26.0441	28.2813	26.6180	1.98	0.89	25.2811	1.68	0.69	25.8616	3.61	1.47
8	-0.085417	-20.038194	   NA	28.3201	28.6448	23.7656	26.4808	28.0156	24.9280	24.5839	25.9622	24.6663	28.8742	24.7543	21.8727	21.6913	30.0449	28.6804	26.4675	28.7471	27.0454	2.01	0.90	25.6281	1.67	0.68	26.2507	3.65	1.49
8.085417	0	-19.952778	   NA	0.0000	0.0000	0.0000	0.0000	0.0000	0.0000	0.0000	0.0000	0.0000	0.0000	0.0000	0.0000	0.0000	0.0000	0.0000	0.0000	0.0000	0.0000	0.00	0.00	0.0000	0.00	0.00	0.0000	0.00	0.00
8.210417	0.125	-19.827778	   NA	0.4403	0.4262	0.4030	0.4194	0.4567	0.4293	0.5260	0.3117	0.4653	0.3625	0.3664	0.3987	0.3864	0.4074	0.4095	0.4290	0.4522	0.4291	0.02	0.01	0.4102	0.08	0.03	0.4139	0.02	0.01
8.335417	0.25	-19.702778	   NA	0.8906	0.8563	0.8290	0.8531	0.9110	0.9096	1.0465	0.6375	0.8480	0.7573	0.7728	0.7836	0.7823	0.8153	0.8569	0.8613	0.9046	0.8680	0.03	0.01	0.8286	0.14	0.06	0.8340	0.05	0.02
8.460417	0.375	-19.577778	   NA	1.3681	1.3034	1.2978	1.3162	1.3776	1.3848	1.4917	1.0202	1.2053	1.1985	1.2164	1.1735	1.2320	1.2264	1.3349	1.3091	1.3617	1.3326	0.04	0.02	1.2528	0.16	0.07	1.2729	0.07	0.03
8.585417	0.5	-19.452778	   NA	1.8592	1.7693	1.7701	1.7972	1.8546	1.8563	1.9034	1.4561	1.6311	1.6389	1.6546	1.5712	1.6866	1.6560	1.8341	1.7767	1.8380	1.8101	0.04	0.02	1.6901	0.16	0.07	1.7271	0.11	0.04
8.710417	0.625	-19.327778	   NA	2.3511	2.2355	2.2358	2.2793	2.3324	2.4018	2.3111	1.8517	2.0464	2.0816	2.0936	1.9822	2.1577	2.1274	2.3274	2.2493	2.3180	2.2868	0.05	0.02	2.1310	0.20	0.08	2.1937	0.13	0.05
8.835417	0.75	-19.202778	   NA	2.8340	2.6980	2.6872	2.7574	2.8225	2.9420	2.6682	2.1856	2.4111	2.6068	2.5412	2.3886	2.6261	2.6115	2.8042	2.7134	2.7973	2.7598	0.07	0.03	2.5591	0.25	0.10	2.6569	0.15	0.06
8.960417	0.875	-19.077778	   NA	3.2953	3.1555	3.1287	3.2331	3.3142	3.3415	3.0319	2.5329	2.7594	3.1650	2.9446	2.8031	3.0915	3.0956	3.2784	3.1727	3.2779	3.2254	0.08	0.04	2.9626	0.29	0.12	3.1199	0.18	0.07
9.085417	1	-18.952778	   NA	3.7507	3.6051	3.5623	3.7052	3.7949	3.7065	3.4871	2.9149	3.0944	3.6222	3.3091	3.2008	3.5397	3.5798	3.7526	3.6145	3.7633	3.6836	0.10	0.04	3.3557	0.31	0.13	3.5751	0.20	0.08
9.210417	1.125	-18.827778	   NA	4.2105	4.0600	3.9875	4.1766	4.2739	4.1255	4.0426	3.2930	3.4789	4.0180	3.6839	3.5821	3.9859	4.0639	4.2268	4.0494	4.2471	4.1417	0.12	0.05	3.7736	0.34	0.14	4.0259	0.24	0.10
9.335417	1.25	-18.702778	   NA	4.6762	4.5244	4.4271	4.6471	4.7552	4.5224	4.6482	3.6426	3.8761	4.4141	4.0539	3.9890	4.4252	4.5480	4.7010	4.4964	4.7369	4.6060	0.13	0.06	4.1929	0.40	0.16	4.4828	0.27	0.11
9.460417	1.375	-18.577778	   NA	5.1520	4.9907	4.8703	5.1134	5.2270	4.8543	5.2271	4.0358	4.2248	4.8181	4.4229	4.4055	4.8270	5.0322	5.1752	4.9529	5.2278	5.0707	0.14	0.06	4.5972	0.45	0.18	4.9368	0.30	0.12
9.585417	1.5	-18.452778	   NA	5.6300	5.4533	5.3112	5.5774	5.6890	5.2225	5.7767	4.4506	4.5941	5.2341	4.8041	4.8132	5.1845	5.5163	5.6494	5.4036	5.7115	5.5322	0.15	0.07	5.0137	0.49	0.20	5.3798	0.33	0.14
9.710417	1.625	-18.327778	   NA	6.1085	5.9121	5.7573	6.0441	6.1482	5.6434	6.3434	4.8346	5.0168	5.6488	5.2008	5.2342	5.5883	6.0004	6.1236	5.8587	6.1914	5.9940	0.16	0.07	5.4480	0.55	0.22	5.8328	0.36	0.15
9.835417	1.75	-18.202778	   NA	6.5885	6.3734	6.2065	6.5103	6.6073	6.0353	6.9301	5.2090	5.4168	6.0512	5.5887	5.6439	6.0312	6.4846	6.5978	6.3253	6.6643	6.4572	0.17	0.07	5.8719	0.62	0.25	6.2912	0.39	0.16
9.960417	1.875	-18.077778	   NA	7.0663	6.8286	6.6522	6.9754	7.0658	6.4263	7.4932	5.5539	5.8129	6.4890	5.9516	6.0406	6.4416	6.9687	7.0721	6.7921	7.1236	6.9177	0.18	0.08	6.2878	0.69	0.28	6.7398	0.42	0.17
10.085417	2	-17.952778	   NA	7.5318	7.2749	7.0859	7.4331	7.5262	6.8559	7.9854	5.8694	6.2123	7.0143	6.3279	6.4666	6.8567	7.4528	7.5463	7.2568	7.5752	7.3704	0.19	0.08	6.7109	0.75	0.31	7.1924	0.44	0.18
10.210417	2.125	-17.827778	   NA	7.9878	7.7256	7.5260	7.8800	8.0008	7.3001	8.4393	6.1876	6.5985	7.5098	6.7212	6.9091	7.2526	7.9227	8.0205	7.7176	8.0313	7.8240	0.20	0.09	7.1261	0.80	0.33	7.6423	0.46	0.19
10.335417	2.25	-17.702778	   NA	8.4461	8.1854	7.9801	8.3373	8.4906	7.7397	8.8920	6.5146	6.9614	7.9090	7.1046	7.3572	7.6120	8.3308	8.4808	8.1802	8.4976	8.2879	0.21	0.09	7.5202	0.85	0.35	8.0764	0.48	0.20
10.460417	2.375	-17.577778	   NA	8.9189	8.6430	8.4310	8.8157	8.9777	8.1482	9.2896	6.8423	7.3231	8.2978	7.4898	7.7669	8.0198	8.6800	8.9281	8.6458	8.9882	8.7573	0.22	0.10	7.8985	0.87	0.35	8.5048	0.50	0.20
10.585417	2.5	-17.452778	   NA	9.4105	9.1052	8.8803	9.3012	9.4485	8.5200	9.6635	7.1648	7.6491	8.6969	7.8891	8.1669	8.4733	9.0457	9.3745	9.1128	9.4864	9.2291	0.24	0.11	8.2639	0.89	0.36	8.9433	0.52	0.21
10.710417	2.625	-17.327778	   NA	9.9029	9.5865	9.3376	9.7815	9.9173	8.9078	10.0723	7.4884	8.0257	9.0675	8.2737	8.6039	8.8954	9.4063	9.8326	9.5860	9.9636	9.7052	0.24	0.11	8.6392	0.91	0.37	9.3813	0.53	0.22
10.835417	2.75	-17.202778	   NA	10.3919	10.0692	9.8033	10.2602	10.3905	9.2969	10.5015	7.8303	8.4500	9.4463	8.6590	9.0535	9.2974	9.7717	10.2998	10.0618	10.4387	10.1830	0.25	0.11	9.0307	0.93	0.38	9.8205	0.55	0.23
10.960417	2.875	-17.077778	   NA	10.8762	10.5391	10.2553	10.7377	10.8627	9.7810	10.9883	8.2024	8.8405	9.8697	9.0777	9.4591	9.6948	10.1951	10.7452	10.5353	10.9278	10.6542	0.26	0.12	9.4599	0.97	0.40	10.2596	0.59	0.24
11.085417	3	-16.952778	   NA	11.3549	11.0071	10.7040	11.2054	11.3385	10.2555	11.5706	8.5959	9.1790	10.2978	9.5118	9.7928	10.0902	10.6347	11.1763	11.0032	11.4169	11.1220	0.27	0.12	9.9018	1.04	0.43	10.6857	0.64	0.26
11.210417	3.125	-16.827778	   NA	11.8361	11.4881	11.1589	11.6712	11.8152	10.6435	12.1119	8.9731	9.4937	10.6953	9.9146	10.1769	10.4940	11.1018	11.6225	11.4666	11.9075	11.5939	0.28	0.13	10.3054	1.11	0.45	11.1282	0.67	0.28
11.335417	3.25	-16.702778	   NA	12.3222	11.9791	11.6187	12.1336	12.2861	11.0809	12.5137	9.3243	9.8689	11.0876	10.3064	10.5924	10.9270	11.5642	12.0772	11.9390	12.4045	12.0679	0.29	0.13	10.6970	1.12	0.46	11.5841	0.70	0.29
11.460417	3.375	-16.577778	   NA	12.8054	12.4680	12.0859	12.6032	12.7681	11.4772	12.8399	9.6981	10.2872	11.5212	10.7331	10.9795	11.3790	11.9693	12.5483	12.4169	12.9042	12.5461	0.29	0.13	11.0928	1.11	0.45	12.0329	0.74	0.30
11.585417	3.5	-16.452778	   NA	13.2805	12.9538	12.5566	13.0841	13.2639	11.8298	13.3345	10.0814	10.6812	11.9527	11.1670	11.3964	11.8393	12.3661	13.0320	12.8925	13.3924	13.0278	0.30	0.13	11.5078	1.14	0.46	12.4865	0.76	0.31
11.710417	3.625	-16.327778	   NA	13.7684	13.4334	13.0281	13.5675	13.7462	12.2256	13.9520	10.4771	11.0925	12.3786	11.6021	11.8165	12.2806	12.8686	13.5024	13.3643	13.8793	13.5087	0.30	0.13	11.9547	1.21	0.49	12.9520	0.78	0.32
11.835417	3.75	-16.202778	   NA	14.2489	13.9021	13.4955	14.0542	14.2319	12.6586	14.5289	10.9002	11.5301	12.8300	12.0183	12.2106	12.6912	13.4232	13.9787	13.8344	14.3787	13.9865	0.31	0.14	12.4110	1.26	0.51	13.4195	0.82	0.34
11.960417	3.875	-16.077778	   NA	14.7136	14.3746	13.9624	14.5337	14.7241	13.0909	15.0184	11.3199	11.9616	13.2886	12.4166	12.5904	13.0976	13.8893	14.4678	14.3101	14.8773	14.4617	0.31	0.14	12.8493	1.29	0.53	13.8721	0.87	0.36
12.085417	4	-15.952778	   NA	15.1885	14.8567	14.4297	15.0108	15.2151	13.5177	15.5154	11.7454	12.3840	13.7162	12.8174	12.9589	13.5385	14.2893	14.9436	14.7851	15.3807	14.9402	0.32	0.14	13.2827	1.31	0.54	14.3160	0.92	0.37
12.210417	4.125	-15.827778	   NA	15.6670	15.3421	14.8973	15.4936	15.7044	13.8959	16.1273	12.1611	12.7700	14.1041	13.2245	13.3816	14.0150	14.6776	15.4176	15.2535	15.8799	15.4209	0.33	0.15	13.7138	1.38	0.56	14.7709	0.94	0.38
12.335417	4.25	-15.702778	   NA	16.1430	15.8298	15.3658	15.9744	16.1846	14.2425	16.6874	12.5416	13.1507	14.4648	13.6269	13.8422	14.4748	15.0952	15.8931	15.7238	16.3651	15.8995	0.33	0.15	14.1190	1.44	0.59	15.2324	0.95	0.39
12.460417	4.375	-15.577778	   NA	16.6256	16.3191	15.8378	16.4519	16.6642	14.6341	17.1757	12.9434	13.5775	14.8506	14.0370	14.2786	14.8931	15.5821	16.3707	16.1978	16.8590	16.3797	0.33	0.15	14.5364	1.47	0.60	15.6969	0.97	0.40
12.585417	4.5	-15.452778	   NA	17.1140	16.8059	16.3084	16.9326	17.1561	15.0784	17.5957	13.3855	14.0169	15.2951	14.4605	14.6772	15.2682	16.0501	16.8431	16.6737	17.3576	16.8634	0.34	0.15	14.9720	1.46	0.60	16.1450	1.02	0.42
12.710417	4.625	-15.327778	   NA	17.5976	17.2823	16.7817	17.4239	17.6625	15.5324	17.9890	13.8384	14.4588	15.7378	14.8774	15.0954	15.6489	16.4749	17.3166	17.1482	17.8601	17.3496	0.35	0.16	15.4056	1.44	0.59	16.5907	1.06	0.43
12.835417	4.75	-15.202778	   NA	18.0740	17.7643	17.2585	17.9123	18.1671	15.9543	18.5258	14.2733	14.8987	16.1594	15.2893	15.5116	16.0963	16.8745	17.8070	17.6233	18.3653	17.8352	0.36	0.16	15.8501	1.48	0.60	17.0463	1.09	0.44
12.960417	4.875	-15.077778	   NA	18.5463	18.2652	17.7316	18.3926	18.6623	16.3557	19.0936	14.6817	15.3316	16.5739	15.6780	15.9277	16.5806	17.2682	18.2948	18.1054	18.8626	18.3196	0.36	0.16	16.2858	1.54	0.63	17.5065	1.12	0.46
13.085417	5	-14.952778	   NA	19.0253	18.7582	18.1972	18.8755	19.1601	16.7699	19.6184	15.1025	15.7645	16.9946	16.0367	16.3368	17.0476	17.7383	18.7635	18.5848	19.3615	18.8033	0.37	0.17	16.7144	1.58	0.64	17.9721	1.14	0.47
13.210417	5.125	-14.827778	   NA	19.5131	19.2311	18.6618	19.3631	19.6668	17.2035	20.0939	15.5514	16.1871	17.4346	16.3771	16.7330	17.4626	18.2661	19.2292	19.0548	19.8649	19.2872	0.39	0.17	17.1413	1.60	0.65	18.4351	1.18	0.48
13.335417	5.25	-14.702778	   NA	19.9920	19.7093	19.1282	19.8506	20.1736	17.6594	20.4998	15.9915	16.6087	17.8564	16.7266	17.1748	17.8601	18.7511	19.7133	19.5241	20.3669	19.7707	0.40	0.18	17.5571	1.60	0.65	18.8984	1.21	0.49
13.460417	5.375	-14.577778	   NA	20.4738	20.2037	19.5946	20.3294	20.6682	18.0831	20.9381	16.4003	17.0255	18.2460	17.0993	17.6107	18.2961	19.2063	20.1985	19.9969	20.8673	20.2539	0.41	0.18	17.9654	1.61	0.66	19.3626	1.23	0.50
13.585417	5.5	-14.452778	   NA	20.9678	20.6915	20.0612	20.8028	21.1518	18.4769	21.3931	16.7846	17.4398	18.6370	17.4826	18.0370	18.7319	19.6733	20.6705	20.4682	21.3661	20.7350	0.41	0.19	18.3690	1.64	0.67	19.8245	1.26	0.51
13.710417	5.625	-14.327778	   NA	21.4591	21.1712	20.5299	21.2825	21.6383	18.9011	21.8640	17.1832	17.8593	19.0562	17.8515	18.4725	19.1465	20.1417	21.1446	20.9347	21.8589	21.2162	0.42	0.19	18.7859	1.67	0.68	20.2831	1.28	0.52
13.835417	5.75	-14.202778	   NA	21.9487	21.6544	21.0016	21.7656	22.1212	19.3223	22.4039	17.5959	18.2291	19.4688	18.2186	18.9222	19.5860	20.5957	21.6267	21.4039	22.3448	21.6983	0.43	0.19	19.2064	1.72	0.70	20.7465	1.30	0.53
13.960417	5.875	-14.077778	   NA	22.4403	22.1424	21.4686	22.2477	22.6120	19.7261	22.9117	17.9890	18.5958	19.8749	18.5835	19.3405	20.0518	21.0100	22.1093	21.8754	22.8421	22.1822	0.44	0.20	19.6135	1.77	0.72	21.2049	1.33	0.54
14.085417	6	-13.952778	   NA	22.9197	22.6236	21.9217	22.7209	23.1060	20.1605	23.3362	18.3690	19.0203	20.2728	18.9474	19.7367	20.5178	21.4038	22.5602	22.3435	23.3450	22.6584	0.45	0.20	20.0177	1.79	0.73	21.6512	1.36	0.55
14.210417	6.125	-13.827778	   NA	23.3969	23.0986	22.3698	23.1895	23.6003	20.5947	23.7503	18.7490	19.4439	20.6666	19.3113	20.1341	20.9837	21.7977	23.0061	22.8115	23.8480	23.1310	0.47	0.21	20.4193	1.80	0.73	22.0968	1.38	0.57
14.335417	6.25	-13.702778	   NA	23.8702	23.5449	22.8096	23.6407	24.0618	21.0247	24.2474	19.1316	19.8560	21.0361	19.6846	20.5721	21.4316	22.2472	23.4264	23.2717	24.3405	23.5854	0.48	0.21	20.8301	1.84	0.75	22.5483	1.40	0.57
14.460417	6.375	-13.577778	   NA	24.3440	23.9902	23.2663	24.0969	24.5231	21.4389	24.8323	19.5122	20.2355	21.4042	20.0727	21.0078	21.8452	22.7145	23.8605	23.7153	24.8172	24.0441	0.48	0.22	21.2493	1.91	0.78	22.9934	1.41	0.58
14.585417	6.5	-13.452778	   NA	24.8081	24.4618	23.7368	24.5754	24.9987	21.8417	25.3444	19.9170	20.6055	21.7883	20.4647	21.4238	22.2632	23.1458	24.3191	24.1508	25.2851	24.5162	0.48	0.22	21.6603	1.96	0.80	23.4313	1.43	0.58
14.710417	6.625	-13.327778	   NA	25.2795	24.9335	24.2038	25.0415	25.4782	22.2673	25.8296	20.3557	21.0096	22.2065	20.8968	21.8577	22.7213	23.5882	24.7871	24.5999	25.7564	24.9873	0.49	0.22	22.0943	1.98	0.81	23.8851	1.44	0.59
14.835417	6.75	-13.202778	   NA	25.7513	25.3966	24.6628	25.4927	25.9662	22.6837	26.2889	20.7882	21.4223	22.6277	21.3427	22.2877	23.1945	24.0577	25.2458	25.0593	26.2346	25.4539	0.50	0.22	22.5256	1.99	0.81	24.3466	1.45	0.59
14.960417	6.875	-13.077778	   NA	26.2203	25.8566	25.1174	25.9572	26.4459	23.0922	26.6990	21.1916	21.8297	23.0521	21.7782	22.7028	23.6413	24.5117	25.7041	25.5134	26.7078	25.9195	0.50	0.23	22.9405	1.99	0.81	24.7968	1.47	0.60
15.085417	7	-12.952778	   NA	26.6721	26.3172	25.5627	26.4315	26.9068	23.4696	27.0941	21.5877	22.2182	23.4626	22.1874	23.1024	24.0466	24.9248	26.1569	25.9726	27.1767	26.3781	0.51	0.23	23.3366	1.99	0.81	25.2300	1.50	0.61
15.210417	7.125	-12.827778	   NA	27.1389	26.7777	26.0151	26.8932	27.3763	23.8683	27.4707	21.9956	22.5957	23.8602	22.5786	23.4976	24.4346	25.3338	26.5946	26.4432	27.6468	26.8402	0.52	0.23	23.7282	1.98	0.81	25.6584	1.53	0.62
15.335417	7.25	-12.702778	   NA	27.6192	27.2403	26.4753	27.3587	27.8579	24.2812	27.8799	22.4133	22.9740	24.2693	22.9704	23.9116	24.8441	25.7576	27.0395	26.9092	28.1225	27.3103	0.52	0.23	24.1313	1.99	0.81	26.0974	1.56	0.64
15.460417	7.375	-12.577778	   NA	28.1047	27.7128	26.9375	27.8354	28.3378	24.7239	28.3048	22.8371	23.3932	24.6839	23.3765	24.3416	25.2839	26.1862	27.4908	27.3726	28.5971	27.7856	0.53	0.24	24.5532	1.99	0.81	26.5454	1.57	0.64
15.585417	7.5	-12.452778	   NA	28.5841	28.1868	27.3967	28.3066	28.8061	25.1880	28.7205	23.2631	23.8314	25.0859	23.7601	24.7677	25.7133	26.6146	27.9457	27.8462	29.0644	28.2561	0.54	0.24	24.9748	1.99	0.81	26.9920	1.59	0.65
15.710417	7.625	-12.327778	   NA	29.0531	28.6703	27.8616	28.7871	29.2781	25.6325	29.0944	23.6870	24.2372	25.4870	24.1169	25.1447	26.1191	27.0462	28.4203	28.3144	29.5266	28.7300	0.54	0.24	25.3758	1.98	0.81	27.4286	1.63	0.66
15.835417	7.75	-12.202778	   NA	29.5377	29.1634	28.3368	29.2745	29.7585	26.0744	29.5070	24.1269	24.6498	25.9032	24.5324	25.5550	26.5529	27.4938	28.8816	28.7672	29.9924	29.2142	0.54	0.24	25.7989	1.98	0.81	27.8738	1.65	0.67
15.960417	7.875	-12.077778	   NA	30.0081	29.6553	28.8066	29.7500	30.2330	26.5358	29.9232	24.5489	25.0891	26.3332	24.9360	26.0189	26.9886	27.9126	29.3386	29.2191	30.4673	29.6906	0.54	0.24	26.2277	1.98	0.81	28.3242	1.65	0.68
16.085417	8	-11.952778	   NA	30.4777	30.1457	29.2636	30.2212	30.7065	26.9954	30.3393	24.9566	25.5176	26.7659	25.3357	26.4507	27.3922	28.3041	29.8034	29.6743	30.9439	30.1629	0.55	0.25	26.6517	1.98	0.81	28.7614	1.68	0.69
16.210417	8.125	-11.827778	   NA	30.9236	30.6201	29.7215	30.6893	31.1823	27.4574	30.7521	25.3161	25.9305	27.1743	25.7314	26.8725	27.7695	28.6928	30.2622	30.1335	31.4128	30.6274	0.55	0.25	27.0603	1.99	0.81	29.1906	1.71	0.70
16.335417	8.25	-11.702778	   NA	31.3739	31.0870	30.1871	31.1642	31.6586	27.9126	31.1641	25.6684	26.3327	27.5573	26.1365	27.2833	28.1368	29.1073	30.7156	30.6004	31.8720	31.0942	0.55	0.25	27.4619	2.01	0.82	29.6192	1.74	0.71
16.460417	8.375	-11.577778	   NA	31.8438	31.5655	30.6508	31.6287	32.1204	28.3662	31.5674	26.0736	26.7424	27.9682	26.5316	27.6959	28.5537	29.5480	31.1575	31.0741	32.3267	31.5618	0.55	0.25	27.8749	2.01	0.82	30.0593	1.76	0.72
16.585417	8.5	-11.452778	   NA	32.3319	32.0472	31.1112	32.0818	32.5714	28.8222	32.0002	26.4842	27.1517	28.3626	26.9246	28.1383	28.9867	29.9744	31.5970	31.5467	32.7920	32.0287	0.55	0.25	28.2909	2.02	0.83	30.5059	1.77	0.72
16.710417	8.625	-11.327778	   NA	32.8196	32.5295	31.5628	32.5306	33.0219	29.2469	32.3849	26.8661	27.5694	28.7298	27.2922	28.5395	29.3929	30.3716	32.0414	32.0148	33.2736	32.4929	0.56	0.25	28.6816	2.02	0.83	30.9390	1.81	0.74
16.835417	8.75	-11.202778	   NA	33.2911	33.0163	32.0106	32.9822	33.4894	29.6814	32.8053	27.2615	27.9992	29.1214	27.6639	28.9056	29.8164	30.7775	32.4946	32.4855	33.7505	32.9579	0.57	0.25	29.0888	2.04	0.83	31.3717	1.84	0.75
16.960417	8.875	-11.077778	   NA	33.7469	33.4923	32.4682	33.4527	33.9752	30.1369	33.2279	27.6790	28.4302	29.4911	28.0399	29.2700	30.2797	31.2062	32.9568	32.9547	34.2270	33.4271	0.58	0.26	29.5008	2.04	0.83	31.8157	1.88	0.77
17.085417	9	-10.952778	   NA	34.2109	33.9516	32.9306	33.9383	34.4641	30.5864	33.6573	28.1108	28.8512	29.8417	28.4059	29.6857	30.7293	31.6446	33.4204	33.4172	34.7117	33.8991	0.58	0.26	29.9089	2.06	0.84	32.2681	1.90	0.78
17.210417	9.125	-10.827778	   NA	34.6918	34.4155	33.3890	34.4098	34.9337	31.0010	34.1225	28.5630	29.2264	30.2444	28.8006	30.1343	31.1245	32.0793	33.8729	33.8821	35.1971	34.3680	0.59	0.26	30.3263	2.07	0.85	32.7150	1.92	0.78
17.335417	9.25	-10.702778	   NA	35.1708	34.8810	33.8499	34.8711	35.3898	31.3918	34.5252	29.0286	29.5911	30.6852	29.2314	30.5395	31.5111	32.5278	34.3302	34.3503	35.6839	34.8325	0.59	0.26	30.7422	2.06	0.84	33.1571	1.96	0.80
17.460417	9.375	-10.577778	   NA	35.6395	35.3364	34.3147	35.3501	35.8722	31.8314	34.9500	29.4570	29.9961	31.1805	29.6717	30.9252	31.9317	32.9615	34.8059	34.8180	36.1758	35.3026	0.60	0.27	31.1811	2.06	0.84	33.6030	2.00	0.81
17.585417	9.5	-10.452778	   NA	36.1048	35.8024	34.7784	35.8272	36.3580	32.2824	35.3871	29.8523	30.4029	31.6688	30.0952	31.3340	32.3657	33.3700	35.2782	35.2897	36.6624	35.7742	0.60	0.27	31.6148	2.08	0.85	34.0500	2.03	0.83
17.710417	9.625	-10.327778	   NA	36.5657	36.2834	35.2349	36.2849	36.8274	32.7301	35.8133	30.2448	30.8121	32.0689	30.4534	31.7737	32.8160	33.7954	35.7320	35.7627	37.1432	36.2393	0.61	0.27	32.0204	2.10	0.86	34.5038	2.04	0.83
17.835417	9.75	-10.202778	   NA	37.0259	36.7595	35.6820	36.7373	37.2866	33.1737	36.2422	30.6505	31.2399	32.4701	30.8349	32.1711	33.2818	34.2383	36.1755	36.2258	37.6261	36.6983	0.61	0.27	32.4352	2.11	0.86	34.9531	2.06	0.84
17.960417	9.875	-10.077778	   NA	37.4859	37.2314	36.1276	37.1866	37.7366	33.6173	36.6578	31.0669	31.6721	32.8689	31.2518	32.5685	33.7391	34.6868	36.6189	36.6793	38.1103	37.1536	0.61	0.27	32.8558	2.11	0.86	35.4005	2.09	0.85
18.085417	10	-9.952778	   NA	37.9478	37.7033	36.5856	37.6338	38.1909	34.0057	37.0649	31.4860	32.0661	33.2308	31.7001	32.9494	34.1374	35.1428	37.0668	37.1210	38.5986	37.6123	0.61	0.27	33.2589	2.10	0.86	35.8360	2.12	0.87
18.210417	10.125	-9.827778	   NA	38.4212	38.1713	37.0553	38.0932	38.6643	34.3619	37.4916	31.8958	32.4190	33.5747	32.1243	33.3582	34.5418	35.5779	37.4993	37.5726	39.0719	38.0811	0.62	0.28	33.6446	2.11	0.86	36.2703	2.14	0.88
18.335417	10.25	-9.702778	   NA	38.9050	38.6272	37.5313	38.5705	39.1357	34.7486	37.9392	32.3252	32.8275	33.9493	32.5237	33.7874	34.9830	35.9701	37.9421	38.0336	39.5519	38.5539	0.62	0.28	34.0523	2.12	0.86	36.7114	2.16	0.88
18.460417	10.375	-9.577778	   NA	39.3816	39.0865	38.0113	39.0548	39.6064	35.1360	38.3801	32.7457	33.2681	34.3237	32.9394	34.2021	35.4143	36.3654	38.4151	38.4995	40.0400	39.0281	0.61	0.27	34.4655	2.12	0.87	37.1561	2.20	0.90
18.585417	10.5	-9.452778	   NA	39.8586	39.5530	38.4806	39.5340	40.0818	35.5166	38.8039	33.1524	33.6983	34.7023	33.3674	34.5869	35.8187	36.8070	38.8771	38.9660	40.5288	39.5016	0.61	0.27	34.8735	2.12	0.87	37.5974	2.23	0.91
18.710417	10.625	-9.327778	   NA	40.3379	40.0257	38.9387	40.0015	40.5468	35.8962	39.2319	33.5468	34.1498	35.1318	33.7788	34.9733	36.2298	37.2245	39.3177	39.4347	41.0106	39.9701	0.62	0.28	35.2892	2.12	0.87	38.0318	2.27	0.93
18.835417	10.75	-9.202778	   NA	40.8130	40.4913	39.4050	40.4648	41.0029	36.2922	39.6472	33.9444	34.5697	35.5929	34.1703	35.3990	36.6840	37.5942	39.7543	39.9086	41.4710	40.4354	0.62	0.28	35.7028	2.13	0.87	38.4685	2.29	0.93
18.960417	10.875	-9.077778	   NA	41.2933	40.9343	39.8783	40.9318	41.4500	36.6669	40.0214	34.3424	34.9350	36.0428	34.5605	35.8532	37.1280	37.9582	40.2021	40.3598	41.9334	40.8975	0.61	0.27	36.0948	2.12	0.87	38.9058	2.30	0.94
19.085417	11	-8.952778	   NA	41.7698	41.3784	40.3414	41.3980	41.9033	37.0374	40.4064	34.7255	35.3061	36.4540	34.9621	36.2945	37.5467	38.3328	40.6671	40.8052	42.4127	41.3582	0.61	0.27	36.4819	2.12	0.87	39.3432	2.32	0.95
19.210417	11.125	-8.827778	   NA	42.2474	41.8442	40.8059	41.8538	42.3703	37.4381	40.8279	35.1238	35.7261	36.8131	35.3694	36.6937	37.9287	38.7568	41.1205	41.2728	42.8838	41.8243	0.62	0.28	36.8831	2.13	0.87	39.7760	2.35	0.96
19.335417	11.25	-8.702778	   NA	42.7370	42.3270	41.2823	42.3022	42.8297	37.8967	41.2716	35.5376	36.1756	37.1599	35.7714	37.0999	38.3085	39.2019	41.5663	41.7528	43.3424	42.2956	0.61	0.27	37.3021	2.14	0.87	40.2120	2.38	0.97
19.460417	11.375	-8.577778	   NA	43.2264	42.8119	41.7592	42.7608	43.2922	38.3661	41.7023	35.9815	36.6243	37.5458	36.1558	37.5464	38.7208	39.5904	42.0286	42.2341	43.8011	42.7701	0.61	0.27	37.7293	2.14	0.88	40.6536	2.40	0.98
19.585417	11.5	-8.452778	   NA	43.7033	43.2827	42.2358	43.2357	43.7751	38.8391	42.1114	36.4372	37.0815	37.9669	36.5583	37.9784	39.1438	39.9585	42.5037	42.7117	44.2622	43.2465	0.61	0.27	38.1657	2.14	0.87	41.0930	2.43	0.99
19.710417	11.625	-8.327778	   NA	44.1797	43.7370	42.7026	43.7142	44.2593	39.2773	42.5057	36.8676	37.4929	38.3973	37.0023	38.3972	39.5725	40.3770	42.9766	43.1766	44.7332	43.7186	0.62	0.28	38.5905	2.12	0.87	41.5388	2.45	1.00
19.835417	11.75	-8.202778	   NA	44.6532	44.1935	43.1519	44.1871	44.7362	39.6652	42.9098	37.2876	37.8664	38.8318	37.4382	38.8409	39.9790	40.8370	43.4282	43.6418	45.2094	44.1844	0.63	0.28	38.9998	2.12	0.86	41.9894	2.47	1.01
19.960417	11.875	-8.077778	   NA	45.1148	44.6542	43.6107	44.6565	45.2044	40.0698	43.3398	37.7024	38.2832	39.2726	37.8512	39.2743	40.3601	41.2914	43.8781	44.1130	45.6675	44.6481	0.63	0.28	39.4198	2.12	0.87	42.4307	2.49	1.02
20.085417	12	-7.952778	   NA	45.5774	45.1269	44.0910	45.1085	45.6540	40.4775	43.8180	38.1030	38.7099	39.7053	38.2519	39.6956	40.7876	41.7335	44.3487	44.5852	46.1159	45.1116	0.62	0.28	39.8443	2.15	0.88	42.8777	2.50	1.02
20.210417	12.125	-7.827778	   NA	46.0378	45.6077	44.5564	45.5582	46.1109	40.9049	44.3476	38.5323	39.1383	40.1218	38.6452	40.1286	41.2183	42.1874	44.8020	45.0505	46.5846	45.5742	0.62	0.28	40.2817	2.19	0.89	43.3286	2.52	1.03
20.335417	12.25	-7.702778	   NA	46.4988	46.0767	45.0167	46.0326	46.5936	41.3803	44.8156	38.9926	39.5942	40.5551	39.0587	40.5572	41.6210	42.6572	45.2403	45.5156	47.0668	46.0437	0.63	0.28	40.7328	2.20	0.90	43.7764	2.54	1.04
20.460417	12.375	-7.577778	   NA	46.9732	46.5454	45.4904	46.5102	47.0728	41.8211	45.2288	39.4201	40.0025	40.9931	39.4891	40.9778	42.0645	43.1217	45.7002	45.9925	47.5437	46.5184	0.63	0.28	41.1591	2.20	0.90	44.2334	2.56	1.04
20.585417	12.5	-7.452778	   NA	47.4524	47.0165	45.9729	46.9840	47.5476	42.2422	45.6747	39.8255	40.3804	41.3863	39.9147	41.4073	42.5192	43.5780	46.1799	46.4672	48.0142	46.9947	0.62	0.28	41.5706	2.22	0.90	44.6943	2.58	1.05
20.710417	12.625	-7.327778	   NA	47.9184	47.4766	46.4396	47.4707	48.0368	42.6685	46.1499	40.2405	40.7626	41.7614	40.3201	41.8605	42.9773	44.0202	46.6456	46.9295	48.5028	47.4684	0.63	0.28	41.9838	2.24	0.92	45.1560	2.59	1.06
20.835417	12.75	-7.202778	   NA	48.3663	47.9299	46.8815	47.9590	48.5291	43.1037	46.5995	40.6842	41.1757	42.1632	40.6938	42.2921	43.4161	44.4272	47.0881	47.3769	49.0059	47.9332	0.64	0.29	42.4034	2.26	0.92	45.6011	2.61	1.07
20.960417	12.875	-7.077778	   NA	48.8283	48.3963	47.3312	48.4311	49.0097	43.5668	46.9972	41.1491	41.6288	42.5786	41.0571	42.7190	43.8195	44.8027	47.5355	47.8212	49.5031	48.3993	0.65	0.29	42.8296	2.25	0.92	46.0335	2.64	1.08
21.085417	13	-6.952778	   NA	49.3220	48.8775	47.7825	48.8894	49.4840	44.0341	47.4317	41.6018	42.0651	42.9900	41.4244	43.1680	44.2456	45.1970	47.9828	48.2747	50.0012	48.8711	0.66	0.30	43.2578	2.26	0.92	46.4782	2.66	1.09
21.210417	13.125	-6.827778	   NA	49.8276	49.3586	48.2339	49.3476	49.9583	44.5014	47.8964	42.0545	42.4995	43.4014	41.7916	43.6246	44.6717	45.5912	48.4295	48.7281	50.4993	49.3452	0.68	0.30	43.6908	2.29	0.93	46.9241	2.68	1.10
21.335417	13.25	-6.702778	   NA	50.3332	49.8398	48.6853	49.8059	50.4325	44.9686	48.3611	42.5072	42.9339	43.8127	42.1589	44.0812	45.0978	45.9854	48.8762	49.1816	50.9974	49.8193	0.69	0.31	44.1237	2.31	0.94	47.3699	2.71	1.10
21.460417	13.375	-6.577778	   NA	50.8388	50.3210	49.1367	50.2641	50.9068	45.4358	48.8258	42.9599	43.3683	44.2241	42.5262	44.5378	45.5239	46.3797	49.3230	49.6350	51.4955	50.2935	0.71	0.32	44.5567	2.33	0.95	47.8158	2.73	1.11
21.585417	13.5	-6.452778	   NA	51.3444	50.8022	49.5881	50.7224	51.3811	45.9030	49.2905	43.4126	43.8027	44.6355	42.8935	44.9945	45.9499	46.7739	49.7697	50.0885	51.9936	50.7676	0.73	0.32	44.9896	2.36	0.96	48.2617	2.75	1.12
21.710417	13.625	-6.327778	   NA	51.8500	51.2834	50.0395	51.1806	51.8554	46.3702	49.7552	43.8653	44.2371	45.0469	43.2607	45.4511	46.3760	47.1681	50.2164	50.5420	52.4917	51.2418	0.74	0.33	45.4226	2.38	0.97	48.7076	2.77	1.13
21.835417	13.75	-6.202778	   NA	52.3556	51.7646	50.4909	51.6389	52.3297	46.8374	50.2199	44.3180	44.6715	45.4583	43.6280	45.9077	46.8021	47.5623	50.6632	50.9954	52.9898	51.7159	0.76	0.34	45.8555	2.40	0.98	49.1534	2.79	1.14
21.960417	13.875	-6.077778	   NA	52.8612	52.2458	50.9423	52.0971	52.8040	47.3046	50.6846	44.7707	45.1059	45.8696	43.9953	46.3643	47.2282	47.9566	51.1099	51.4489	53.4879	52.1901	0.77	0.35	46.2884	2.43	0.99	49.5993	2.81	1.15
22.085417	14	-5.952778	   NA	53.3668	52.7270	51.3937	52.5554	53.2782	47.7719	51.1493	45.2234	45.5402	46.2810	44.3626	46.8209	47.6543	48.3508	51.5566	51.9023	53.9860	52.6642	0.79	0.35	46.7214	2.45	1.00	50.0452	2.84	1.16
22.210417	14.125	-5.827778	   NA	53.8724	53.2082	51.8451	53.0136	53.7525	48.2391	51.6140	45.6761	45.9746	46.6924	44.7299	47.2776	48.0804	48.7450	52.0034	52.3558	54.4841	53.1384	0.81	0.36	47.1544	2.48	1.01	50.4911	2.86	1.17
22.335417	14.25	-5.702778	   NA	54.3780	53.6894	52.2965	53.4719	54.2268	48.7063	52.0787	46.1288	46.4090	47.1038	45.0971	47.7342	48.5065	49.1392	52.4501	52.8093	54.9822	53.6125	0.82	0.37	47.5873	2.51	1.02	50.9369	2.88	1.18
22.460417	14.375	-5.577778	   NA	54.8836	54.1706	52.7479	53.9301	54.7011	49.1735	52.5434	46.5815	46.8434	47.5151	45.4644	48.1908	48.9326	49.5335	52.8968	53.2627	55.4803	54.0867	0.84	0.38	48.0202	2.53	1.03	51.3828	2.91	1.19
22.585417	14.5	-5.452778	   NA	55.3892	54.6518	53.1993	54.3884	55.1754	49.6407	53.0081	47.0342	47.2778	47.9265	45.8317	48.6474	49.3587	49.9277	53.3436	53.7162	55.9784	54.5608	0.86	0.38	48.4532	2.56	1.04	51.8287	2.93	1.20
22.710417	14.625	-5.327778	   NA	55.8948	55.1330	53.6507	54.8466	55.6497	50.1079	53.4728	47.4869	47.7122	48.3379	46.1990	49.1041	49.7848	50.3219	53.7903	54.1696	56.4765	55.0350	0.88	0.39	48.8861	2.58	1.05	52.2745	2.95	1.21
22.835417	14.75	-5.202778	   NA	56.4004	55.6142	54.1021	55.3049	56.1239	50.5752	53.9375	47.9396	48.1466	48.7493	46.5662	49.5607	50.2108	50.7162	54.2370	54.6231	56.9746	55.5091	0.90	0.40	49.3191	2.61	1.07	52.7204	2.98	1.22
22.960417	14.875	-5.077778	   NA	56.9060	56.0954	54.5535	55.7631	56.5982	51.0424	54.4022	48.3923	48.5810	49.1606	46.9335	50.0173	50.6369	51.1104	54.6838	55.0765	57.4727	55.9832	0.91	0.41	49.7520	2.64	1.08	53.1663	3.00	1.23
23.085417	15	-4.952778	   NA	57.4116	56.5766	55.0049	56.2214	57.0725	51.5096	54.8669	48.8450	49.0154	49.5720	47.3008	50.4739	51.0630	51.5046	55.1305	55.5300	57.9708	56.4574	0.93	0.42	50.1850	2.67	1.09	53.6121	3.03	1.24
23.210417	15.125	-4.827778	   NA	57.9172	57.0578	55.4563	56.6796	57.5468	51.9768	55.3316	49.2977	49.4498	49.9834	47.6681	50.9305	51.4891	51.8988	55.5772	55.9835	58.4689	56.9315	0.95	0.42	50.6179	2.69	1.10	54.0580	3.05	1.25
23.335417	15.25	-4.702778	   NA	58.4228	57.5390	55.9077	57.1379	58.0211	52.4440	55.7963	49.7504	49.8842	50.3948	48.0354	51.3872	51.9152	52.2931	56.0240	56.4369	58.9670	57.4057	0.97	0.43	51.0508	2.72	1.11	54.5039	3.07	1.26
23.460417	15.375	-4.577778	   NA	58.9284	58.0202	56.3591	57.5961	58.4953	52.9112	56.2610	50.2031	50.3186	50.8061	48.4026	51.8438	52.3413	52.6873	56.4707	56.8904	59.4651	57.8798	0.99	0.44	51.4838	2.75	1.12	54.9498	3.10	1.27
23.585417	15.5	-4.452778	   NA	59.4340	58.5014	56.8105	58.0544	58.9696	53.3784	56.7257	50.6558	50.7530	51.2175	48.7699	52.3004	52.7674	53.0815	56.9174	57.3438	59.9632	58.3540	1.00	0.45	51.9167	2.78	1.13	55.3956	3.12	1.28
23.710417	15.625	-4.327778	   NA	59.9338	58.9838	57.2620	58.5146	59.4335	53.8559	57.2741	51.1016	51.2023	51.6222	49.1363	52.7587	53.1996	53.4958	57.3706	57.8011	60.4566	58.8255	1.02	0.46	52.3654	2.84	1.16	55.8471	3.15	1.28
23.835417	15.75	-4.202778	   NA	60.4295	59.4639	57.7211	58.9923	59.8950	54.3261	57.8600	51.5233	51.6626	52.0101	49.4942	53.2395	53.6548	53.9427	57.8341	58.2676	60.9318	59.3004	1.03	0.46	52.8127	2.91	1.19	56.3118	3.15	1.29
23.960417	15.875	-4.077778	   NA	60.9186	59.9342	58.1802	59.4837	60.3611	54.7807	58.3968	51.9276	52.0954	52.4069	49.8759	53.7124	54.0795	54.3624	58.2786	58.7310	61.4046	59.7756	1.04	0.46	53.2472	2.97	1.21	56.7614	3.16	1.29
24.085417	16	-3.952778	   NA	61.4050	60.3989	58.6392	59.9721	60.8287	55.2340	58.9136	52.3372	52.5267	52.8213	50.2786	54.1814	54.4563	54.7722	58.7204	59.1894	61.8833	60.2488	1.04	0.47	53.6852	3.01	1.23	57.2005	3.19	1.30
24.210417	16.125	-3.827778	   NA	61.8918	60.8631	59.0970	60.4551	61.2960	55.6897	59.4232	52.7666	52.9400	53.2669	50.7124	54.6492	54.8354	55.1840	59.1754	59.6463	62.3657	60.7206	1.05	0.47	54.1331	3.04	1.24	57.6427	3.21	1.31
24.335417	16.25	-3.702778	   NA	62.3829	61.3364	59.5676	60.9304	61.7730	56.1598	59.9021	53.2021	53.3602	53.7355	51.1630	55.0710	55.2362	55.5939	59.6603	60.1014	62.8608	61.1981	1.06	0.47	54.5871	3.05	1.25	58.0873	3.25	1.33
24.460417	16.375	-3.577778	   NA	62.8661	61.8242	60.0335	61.4033	62.2688	56.6115	60.3361	53.6173	53.7508	54.1813	51.5820	55.4759	55.6728	56.0095	60.1350	60.5601	63.3583	61.6792	1.07	0.48	55.0132	3.06	1.25	58.5353	3.28	1.34
24.585417	16.5	-3.452778	   NA	63.3386	62.3192	60.5094	61.8782	62.7723	57.0616	60.7612	54.0356	54.1450	54.6094	51.9662	55.9410	56.0825	56.4465	60.6141	61.0236	63.8423	62.1635	1.07	0.48	55.4298	3.08	1.26	58.9917	3.30	1.35
24.710417	16.625	-3.327778	   NA	63.8085	62.8148	60.9937	62.3584	63.2696	57.4770	61.1753	54.4504	54.5483	55.0311	52.3430	56.4161	56.5001	56.9071	61.0935	61.4881	64.3292	62.6490	1.07	0.48	55.8375	3.09	1.26	59.4557	3.32	1.35
24.835417	16.75	-3.202778	   NA	64.2881	63.2982	61.4751	62.8432	63.7565	57.8919	61.5997	54.8787	54.9416	55.4152	52.7447	56.8490	56.9545	57.4590	61.5683	61.9479	64.8328	63.1322	1.07	0.48	56.2453	3.09	1.26	59.9353	3.32	1.36
24.960417	16.875	-3.077778	   NA	64.7766	63.7785	61.9631	63.3254	64.2477	58.3169	62.0365	55.3332	55.3186	55.8384	53.1822	57.2771	57.3861	58.0632	62.0611	62.4049	65.3411	63.6183	1.07	0.48	56.6710	3.10	1.26	60.4222	3.33	1.36
25.085417	17	-2.952778	   NA	65.2669	64.2666	62.4416	63.8083	64.7439	58.7247	62.4620	55.7902	55.6931	56.3233	53.5973	57.7202	57.7841	58.5925	62.5484	62.8636	65.8378	64.1055	1.08	0.48	57.0984	3.10	1.26	60.8911	3.35	1.37
25.210417	17.125	-2.827778	   NA	65.7597	64.7526	62.9106	64.2993	65.2375	59.1209	62.8820	56.2243	56.1027	56.7563	53.9948	58.1495	58.2101	59.0496	63.0330	63.3216	66.3322	64.5919	1.09	0.49	57.5135	3.10	1.27	61.3493	3.37	1.38
25.335417	17.25	-2.702778	   NA	66.2436	65.2387	63.3758	64.7946	65.7366	59.5347	63.3051	56.6404	56.5331	57.1567	54.4213	58.5596	58.6591	59.4774	63.5158	63.7821	66.8283	65.0779	1.09	0.49	57.9319	3.10	1.26	61.8037	3.40	1.39
25.460417	17.375	-2.577778	   NA	66.7315	65.7300	63.8479	65.2822	66.2265	60.0107	63.7365	57.0829	56.9694	57.5639	54.8400	58.9981	59.0734	59.9276	63.9973	64.2449	67.3162	65.5636	1.10	0.49	58.3672	3.11	1.27	62.2596	3.43	1.40
25.585417	17.5	-2.452778	   NA	67.2361	66.2206	64.3290	65.7641	66.7062	60.4364	64.1773	57.5211	57.3581	57.9404	55.2431	59.4649	59.5009	60.3924	64.4862	64.7065	67.8120	66.0512	1.11	0.50	58.7794	3.12	1.27	62.7271	3.45	1.41
25.710417	17.625	-2.327778	   NA	67.7469	66.7023	64.8089	66.2573	67.1932	60.8760	64.6202	57.9238	57.7548	58.3312	55.6801	59.8858	59.9667	60.8175	64.9791	65.1674	68.3081	66.5417	1.12	0.50	59.1977	3.13	1.28	63.1874	3.47	1.42
25.835417	17.75	-2.202778	   NA	68.2458	67.1827	65.2883	66.7514	67.6872	61.3483	65.0448	58.3173	58.2013	58.7489	56.1427	60.2622	60.4531	61.2316	65.4591	65.6271	68.7966	67.0311	1.12	0.50	59.6339	3.13	1.28	63.6383	3.50	1.43
25.960417	17.875	-2.077778	   NA	68.7265	67.6603	65.7632	67.2261	68.1843	61.7995	65.4394	58.7162	58.6220	59.1625	56.5930	60.6758	60.9563	61.6410	65.9269	66.0830	69.2946	67.5121	1.13	0.50	60.0554	3.12	1.27	64.0963	3.52	1.44
26.085417	18	-1.952778	   NA	69.2029	68.1297	66.2381	67.6915	68.6677	62.2113	65.8362	59.1254	59.0384	59.6030	57.0365	61.1251	61.4294	62.0230	66.3900	66.5355	69.7931	67.9860	1.13	0.51	60.4751	3.11	1.27	64.5494	3.54	1.45
26.210417	18.125	-1.827778	   NA	69.6760	68.5984	66.7151	68.1667	69.1448	62.5928	66.2250	59.5306	59.4816	60.0518	57.4782	61.5189	61.8528	62.4182	66.8469	66.9882	70.2913	68.4602	1.13	0.50	60.8933	3.08	1.26	64.9861	3.58	1.46
26.335417	18.25	-1.702778	   NA	70.1453	69.0683	67.1869	68.6532	69.6336	62.9825	66.6032	59.9558	59.8701	60.4868	57.9127	61.9005	62.2455	62.8279	67.3016	67.4424	70.7892	68.9375	1.13	0.51	61.3019	3.06	1.25	65.4179	3.62	1.48
26.460417	18.375	-1.577778	   NA	70.6237	69.5363	67.6575	69.1444	70.1278	63.3646	67.0156	60.4129	60.2490	60.9356	58.3597	62.3193	62.6455	63.1997	67.7614	67.8937	71.2913	69.4179	1.13	0.51	61.7229	3.05	1.25	65.8518	3.67	1.50
26.585417	18.5	-1.452778	   NA	71.1067	70.0033	68.1324	69.6327	70.6209	63.7876	67.4120	60.8752	60.6744	61.3882	58.7955	62.7258	63.0793	63.5775	68.2385	68.3423	71.7974	69.8992	1.14	0.51	62.1555	3.03	1.24	66.2935	3.71	1.51
26.710417	18.625	-1.327778	   NA	71.5870	70.4840	68.6116	70.1123	71.1142	64.2132	67.8041	61.3451	61.0710	61.8285	59.2070	63.1044	63.5316	64.0286	68.7279	68.7933	72.2851	70.3818	1.14	0.51	62.5782	3.02	1.23	66.7451	3.74	1.53
26.835417	18.75	-1.202778	   NA	72.0646	70.9809	69.0941	70.5850	71.6089	64.6473	68.2055	61.8173	61.4768	62.2718	59.6158	63.4916	63.9659	64.4975	69.2011	69.2472	72.7721	70.8667	1.14	0.51	63.0057	3.02	1.23	67.1959	3.76	1.54
26.960417	18.875	-1.077778	   NA	72.5464	71.4722	69.5709	71.0624	72.0984	65.0697	68.6655	62.2560	61.9193	62.7038	60.0385	63.9136	64.3989	64.9157	69.6521	69.7014	73.2709	71.3501	1.15	0.51	63.4421	3.03	1.24	67.6421	3.79	1.55
27.085417	19	-0.952778	   NA	73.0318	71.9416	70.0404	71.5463	72.5854	65.4651	69.1685	62.6470	62.3259	63.1223	60.4872	64.3499	64.8704	65.3217	70.1102	70.1543	73.7639	71.8291	1.15	0.52	63.8693	3.05	1.25	68.0951	3.81	1.56
27.210417	19.125	-0.827778	   NA	73.5201	72.4011	70.5056	72.0282	73.0677	65.9179	69.6019	63.0167	62.7352	63.5649	60.9532	64.7455	65.3405	65.7219	70.5774	70.6071	74.2558	72.3045	1.16	0.52	64.2983	3.05	1.25	68.5414	3.84	1.57
27.335417	19.25	-0.702778	   NA	74.0143	72.8639	70.9758	72.5160	73.5456	66.4076	70.0169	63.3926	63.1807	63.9955	61.4183	65.1287	65.7961	66.1092	71.0373	71.0628	74.7400	72.7831	1.17	0.52	64.7353	3.05	1.24	68.9790	3.87	1.58
27.460417	19.375	-0.577778	   NA	74.5085	73.3406	71.4521	73.0073	74.0298	66.8711	70.4462	63.7834	63.6345	64.4044	61.8843	65.5436	66.2603	66.5273	71.5090	71.5237	75.2194	73.2677	1.17	0.52	65.1706	3.05	1.24	69.4305	3.89	1.59
27.585417	19.5	-0.452778	   NA	74.9975	73.8284	71.9214	73.4949	74.5193	67.3288	70.8407	64.1924	64.0826	64.8382	62.3319	65.9642	66.7202	66.9688	71.9977	71.9886	75.7147	73.7523	1.18	0.53	65.6024	3.03	1.24	69.8924	3.92	1.60
27.710417	19.625	-0.327778	   NA	75.4914	74.3030	72.3938	73.9824	75.0119	67.7722	71.2492	64.6461	64.4967	65.2660	62.7708	66.4004	67.1576	67.4311	72.4918	72.4551	76.2117	74.2365	1.19	0.53	66.0335	3.02	1.23	70.3580	3.94	1.61
27.835417	19.75	-0.202778	   NA	76.0033	74.7644	72.8775	74.4648	75.4997	68.1720	71.7087	65.1323	64.8906	65.6639	63.2424	66.8491	67.5871	67.9132	72.9961	72.9216	76.7012	74.7219	1.20	0.53	66.4683	3.02	1.23	70.8281	3.96	1.62
27.960417	19.875	-0.077778	   NA	76.5205	75.2258	73.3612	74.9428	75.9849	68.5711	72.1804	65.6185	65.2846	66.0527	63.7311	67.2996	68.0165	68.3952	73.5009	73.3881	77.1907	75.2070	1.20	0.54	66.9064	3.02	1.23	71.2985	3.98	1.62
28.038194	19.952778	0	   NA	0.0000	0.0000	0.0000	0.0000	0.0000	0.0000	0.0000	0.0000	0.0000	0.0000	0.0000	0.0000	0.0000	0.0000	0.0000	0.0000	0.0000	0.0000	0.00	0.00	0.0000	0.00	0.00	0.0000	0.00	0.00
28.163194	20.077778	0.125	   NA	0.4328	0.4490	0.4220	0.4533	0.4260	0.3402	0.3386	0.3790	0.3543	0.3332	0.3646	0.4359	0.3923	0.3937	0.4132	0.4062	0.4364	0.4366	0.01	0.01	0.3517	0.02	0.01	0.4129	0.02	0.01
28.288194	20.202778	0.25	   NA	0.8535	0.8982	0.8295	0.9069	0.8495	0.6780	0.6616	0.7580	0.7058	0.6677	0.7218	0.8717	0.7846	0.7875	0.8012	0.8124	0.8728	0.8675	0.03	0.01	0.6988	0.04	0.02	0.8217	0.04	0.02
28.413194	20.327778	0.375	   NA	1.2565	1.3615	1.2613	1.3674	1.2757	1.0358	0.9775	1.0869	1.0667	1.0195	1.0592	1.3076	1.1709	1.1163	1.1871	1.1919	1.2902	1.3045	0.06	0.02	1.0409	0.04	0.02	1.2107	0.07	0.03
28.538194	20.452778	0.5	   NA	1.7052	1.8532	1.7265	1.8639	1.7542	1.4128	1.3771	1.4725	1.4396	1.4247	1.4657	1.7435	1.6291	1.4477	1.6161	1.6103	1.7489	1.7806	0.07	0.03	1.4321	0.04	0.01	1.6326	0.11	0.05
28.663194	20.577778	0.625	   NA	2.1770	2.3648	2.2051	2.3748	2.2443	1.7894	1.8511	1.8727	1.8154	1.8169	1.8486	2.1793	2.1281	1.8883	2.0730	2.0695	2.2556	2.2732	0.09	0.04	1.8324	0.03	0.01	2.0990	0.12	0.05
28.788194	20.702778	0.75	   NA	2.6597	2.8968	2.6611	2.8949	2.7411	2.1538	2.3980	2.2626	2.1685	2.2280	2.2545	2.6152	2.5926	2.4686	2.5356	2.5607	2.7676	2.7707	0.12	0.05	2.2442	0.09	0.04	2.5900	0.10	0.04
28.913194	20.827778	0.875	   NA	3.1276	3.3721	3.0999	3.3828	3.2311	2.5042	2.9448	2.5920	2.5044	2.6279	2.6785	3.0511	3.0452	2.9871	2.9887	3.0489	3.2788	3.2427	0.13	0.06	2.6420	0.16	0.07	3.0666	0.11	0.04
29.038194	20.952778	1	   NA	3.5860	3.8454	3.5186	3.8608	3.7174	2.8418	3.4986	2.9208	2.8476	3.0301	3.1005	3.4521	3.4978	3.4867	3.4323	3.5340	3.7898	3.7056	0.15	0.07	3.0399	0.25	0.10	3.5321	0.13	0.05
29.163194	21.077778	1.125	   NA	4.0429	4.3189	3.9741	4.3223	4.2049	3.2096	3.9907	3.2708	3.2451	3.4685	3.5166	3.8179	3.8903	3.8950	3.8795	3.9941	4.2942	4.1726	0.16	0.07	3.4502	0.29	0.12	3.9618	0.17	0.07
29.288194	21.202778	1.25	   NA	4.5184	4.8186	4.4427	4.8184	4.6937	3.6325	4.3873	3.7020	3.6824	3.9904	3.9070	4.2057	4.2824	4.3250	4.3374	4.4713	4.7989	4.6584	0.17	0.08	3.8836	0.28	0.12	4.4034	0.21	0.09
29.413194	21.327778	1.375	   NA	5.0003	5.2988	4.9107	5.3375	5.1721	4.0882	4.7802	4.1666	4.1050	4.5296	4.2708	4.6411	4.7152	4.7832	4.7955	4.9627	5.3105	5.1439	0.19	0.08	4.3234	0.28	0.11	4.8680	0.24	0.10
29.538194	21.452778	1.5	   NA	5.4698	5.7914	5.3944	5.8606	5.6666	4.5465	5.1934	4.6290	4.5295	5.0137	4.6493	5.0958	5.1405	5.2457	5.2383	5.4587	5.8144	5.6366	0.20	0.09	4.7602	0.28	0.11	5.3322	0.27	0.11
29.663194	21.577778	1.625	   NA	5.9335	6.3060	5.8736	6.3855	6.1811	4.9990	5.6003	5.0853	4.9849	5.4427	5.0318	5.5453	5.5537	5.6928	5.6890	5.9736	6.3027	6.1359	0.23	0.10	5.1907	0.26	0.11	5.7929	0.29	0.12
29.788194	21.702778	1.75	   NA	6.4146	6.8193	6.3458	6.9118	6.6923	5.4415	6.0141	5.5009	5.4472	5.8898	5.4511	6.0065	5.9975	6.0986	6.1627	6.4914	6.8149	6.6368	0.25	0.11	5.6241	0.26	0.11	6.2619	0.33	0.13
29.913194	21.827778	1.875	   NA	6.9099	7.3242	6.8232	7.4283	7.1975	5.8580	6.4372	5.8749	5.9057	6.3670	5.9160	6.4790	6.4816	6.5188	6.6443	7.0001	7.3261	7.1366	0.26	0.12	6.0598	0.27	0.11	6.7417	0.35	0.14
30.038194	21.952778	2	   NA	7.4207	7.8316	7.2979	7.9337	7.6974	6.2977	6.8505	6.2514	6.3583	6.8466	6.3945	6.9341	6.9659	6.9339	7.1247	7.5105	7.8386	7.6363	0.27	0.12	6.4998	0.27	0.11	7.2179	0.38	0.15
30.163194	22.077778	2.125	   NA	7.9268	8.3417	7.7695	8.4361	8.2086	6.7340	7.2789	6.6651	6.7736	7.3686	6.8527	7.3869	7.4364	7.3436	7.5973	8.0232	8.3620	8.1365	0.28	0.13	6.9455	0.30	0.12	7.6916	0.41	0.17
30.288194	22.202778	2.25	   NA	8.4144	8.8435	8.2535	8.9352	8.7337	7.1340	7.7101	7.1008	7.1519	7.9046	7.3062	7.8533	7.8892	7.7508	8.0596	8.5256	8.8982	8.6361	0.29	0.13	7.3846	0.34	0.14	8.1628	0.45	0.18
30.413194	22.327778	2.375	   NA	8.8956	9.3500	8.7505	9.4298	9.2618	7.5429	8.1414	7.5289	7.5375	8.4278	7.7381	8.3290	8.3362	8.1530	8.5192	9.0118	9.4383	9.1375	0.30	0.13	7.8194	0.38	0.16	8.6312	0.49	0.20
30.538194	22.452778	2.5	   NA	9.3810	9.8724	9.2479	9.9201	9.7778	7.9295	8.6028	7.9804	7.9480	8.9017	8.1166	8.8276	8.7610	8.5839	8.9892	9.4935	9.9828	9.6398	0.31	0.14	8.2465	0.41	0.17	9.1063	0.53	0.22
30.663194	22.577778	2.625	   NA	9.8662	10.4010	9.7440	10.4035	10.2928	8.3578	9.1291	8.4305	8.3321	9.3413	8.4915	9.3035	9.1897	9.0163	9.4575	9.9810	10.5276	10.1415	0.31	0.14	8.6804	0.44	0.18	9.5793	0.57	0.23
30.788194	22.702778	2.75	   NA	10.3545	10.9221	10.2344	10.8949	10.8142	8.8451	9.6151	8.8509	8.6890	9.8233	8.8757	9.7256	9.6333	9.4189	9.9217	10.4795	11.0677	10.6440	0.32	0.15	9.1165	0.48	0.19	10.0411	0.62	0.25
30.913194	22.827778	2.875	   NA	10.8377	11.4359	10.7154	11.3854	11.3278	9.3189	9.9948	9.2807	9.0908	10.2803	9.2841	10.1476	10.0541	9.8149	10.3790	10.9838	11.6046	11.1404	0.34	0.15	9.5416	0.48	0.19	10.4973	0.67	0.27
31.038194	22.952778	3	   NA	11.3289	11.9482	11.1936	11.8727	11.8369	9.7541	10.3813	9.7219	9.5068	10.7395	9.7241	10.5763	10.4741	10.2195	10.8439	11.4871	12.1292	11.6361	0.35	0.16	9.9713	0.48	0.20	10.9550	0.72	0.29
31.163194	23.077778	3.125	   NA	11.8223	12.4550	11.6659	12.3713	12.3490	10.1756	10.8231	10.1544	9.8747	11.2379	10.1686	11.0392	10.9042	10.6309	11.3157	11.9897	12.6264	12.1327	0.36	0.16	10.4057	0.51	0.21	11.4177	0.75	0.31
31.288194	23.202778	3.25	   NA	12.3004	12.9548	12.1295	12.8787	12.8664	10.6276	11.3269	10.5944	10.2662	11.6961	10.5821	11.5116	11.3511	11.0514	11.7680	12.4945	13.1194	12.6260	0.38	0.17	10.8489	0.54	0.22	11.8827	0.78	0.32
31.413194	23.327778	3.375	   NA	12.7770	13.4577	12.6006	13.3845	13.3870	11.0803	11.8994	11.0391	10.7198	12.1128	11.0035	11.9566	11.7810	11.5068	12.2214	13.0009	13.6152	13.1214	0.40	0.18	11.3092	0.56	0.23	12.3470	0.80	0.33
31.538194	23.452778	3.5	   NA	13.2612	13.9617	13.0798	13.8779	13.9070	11.5462	12.4459	11.4717	11.1907	12.5605	11.4680	12.3811	12.2172	11.9704	12.6795	13.5072	14.1048	13.6175	0.41	0.19	11.7805	0.57	0.23	12.8100	0.83	0.34
31.663194	23.577778	3.625	   NA	13.7608	14.4653	13.5527	14.3618	14.4230	11.9557	12.9109	11.9150	11.6318	13.0118	11.9015	12.8390	12.6177	12.4401	13.1372	14.0103	14.5945	14.1127	0.42	0.19	12.2211	0.59	0.24	13.2731	0.85	0.35
31.788194	23.702778	3.75	   NA	14.2597	14.9719	14.0313	14.8546	14.9383	12.3242	13.3786	12.3508	12.0505	13.4579	12.3181	13.3199	12.9936	12.9306	13.5950	14.5091	15.0823	14.6112	0.43	0.19	12.6467	0.61	0.25	13.7384	0.87	0.36
31.913194	23.827778	3.875	   NA	14.7577	15.4793	14.5186	15.3542	15.4539	12.7475	13.8495	12.7656	12.4927	13.9063	12.7355	13.8074	13.3986	13.4113	14.0532	15.0069	15.5650	15.1127	0.44	0.20	13.0829	0.62	0.25	14.2071	0.89	0.36
32.038194	23.952778	4	   NA	15.2557	15.9867	15.0059	15.8539	15.9694	13.1708	14.3204	13.1805	12.9348	14.3548	13.1529	14.2954	13.8035	13.8920	14.5115	15.5048	16.0478	15.6143	0.45	0.20	13.5190	0.64	0.26	14.6758	0.91	0.37
32.163194	24.077778	4.125	   NA	15.7536	16.4941	15.4932	16.3535	16.4849	13.5941	14.7913	13.5954	13.3770	14.8032	13.5704	14.7833	14.2085	14.3727	14.9697	16.0026	16.5305	16.1159	0.46	0.21	13.9552	0.66	0.27	15.1445	0.93	0.38
32.288194	24.202778	4.25	   NA	16.2516	17.0015	15.9805	16.8531	17.0004	14.0174	15.2622	14.0103	13.8191	15.2517	13.9878	15.2713	14.6135	14.8534	15.4279	16.5005	17.0133	16.6174	0.47	0.21	14.3914	0.67	0.28	15.6133	0.95	0.39
32.413194	24.327778	4.375	   NA	16.7496	17.5089	16.4678	17.3527	17.5160	14.4407	15.7331	14.4252	14.2613	15.7001	14.4053	15.7593	15.0184	15.3340	15.8861	16.9983	17.4961	17.1190	0.48	0.22	14.8276	0.69	0.28	16.0820	0.97	0.39
32.538194	24.452778	4.5	   NA	17.2476	18.0164	16.9551	17.8523	18.0315	14.8640	16.2040	14.8401	14.7167	16.1486	14.8227	16.2473	15.4234	15.8147	16.3443	17.4962	17.9788	17.6206	0.49	0.22	15.2660	0.71	0.29	16.5508	0.99	0.40
32.663194	24.577778	4.625	   NA	17.7456	18.5238	17.4424	18.3520	18.5470	15.2873	16.6749	15.2550	15.1748	16.5970	15.2401	16.7352	15.8284	16.2954	16.8025	17.9940	18.4616	18.1222	0.50	0.22	15.7049	0.72	0.29	17.0195	1.01	0.41
32.788194	24.702778	4.75	   NA	18.2436	19.0312	17.9297	18.8516	19.0626	15.7107	17.1458	15.6698	15.6328	17.0455	15.6576	17.2232	16.2334	16.7761	17.2608	18.4919	18.9443	18.6237	0.51	0.23	16.1437	0.74	0.30	17.4883	1.03	0.42
32.913194	24.827778	4.875	   NA	18.7415	19.5386	18.4170	19.3512	19.5781	16.1340	17.6167	16.0847	16.0908	17.4939	16.0750	17.7112	16.6383	17.2568	17.7190	18.9897	19.4271	19.1253	0.52	0.23	16.5825	0.75	0.31	17.9570	1.06	0.43
33.038194	24.952778	5	   NA	19.2395	20.0460	18.9043	19.8508	20.0936	16.5573	18.0876	16.5032	16.5488	17.9424	16.4925	18.1991	17.0440	17.7233	18.1772	19.4874	19.9099	19.6268	0.53	0.24	17.0220	0.77	0.31	18.4235	1.08	0.44
33.163194	25.077778	5.125	   NA	19.7273	20.5519	19.3897	20.3508	20.6109	17.0251	18.5537	16.9390	16.9860	18.4034	16.9318	18.6602	17.4655	18.1205	18.6350	19.9848	20.3946	20.1261	0.54	0.24	17.4732	0.78	0.32	18.8768	1.11	0.45
33.288194	25.202778	5.25	   NA	20.2160	21.0600	19.8767	20.8464	21.1205	17.4676	19.0048	17.3923	17.3779	18.8861	17.3994	19.0637	17.8658	18.5181	19.0969	20.4911	20.8879	20.6239	0.55	0.25	17.9214	0.79	0.32	19.3206	1.16	0.47
33.413194	25.327778	5.375	   NA	20.7248	21.5866	20.3604	21.3278	21.6079	17.8991	19.4484	17.8414	17.7711	19.3616	17.8500	19.4730	18.2808	18.9417	19.5656	21.0033	21.3880	21.1215	0.56	0.25	18.3619	0.81	0.33	19.7754	1.20	0.49
33.538194	25.452778	5.5	   NA	21.2440	22.1115	20.8407	21.8074	22.0908	18.3338	19.9047	18.2960	18.1763	19.8257	18.2818	19.9318	18.7296	19.4003	20.0318	21.5094	21.8905	21.6189	0.56	0.25	18.8031	0.82	0.34	20.2489	1.22	0.50
33.663194	25.577778	5.625	   NA	21.7525	22.6198	21.3158	22.3025	22.5959	18.7354	20.3431	18.7570	18.5736	20.2935	18.7215	20.3711	19.1572	19.8505	20.4898	22.0018	22.4113	22.1173	0.57	0.25	19.2374	0.84	0.34	20.7136	1.26	0.51
33.788194	25.702778	5.75	   NA	22.2501	23.1248	21.7922	22.8034	23.1057	19.1327	20.7453	19.2213	18.9805	20.7537	19.1563	20.7742	19.5703	20.3008	20.9569	22.4978	22.9271	22.6152	0.58	0.26	19.6650	0.84	0.34	21.1712	1.29	0.53
33.913194	25.827778	5.875	   NA	22.7499	23.6323	22.2703	23.2980	23.6016	19.5723	21.1428	19.6853	19.4054	21.2016	19.5766	21.1925	20.0336	20.7692	21.4299	22.9982	23.4372	23.1104	0.59	0.26	20.0973	0.84	0.34	21.6434	1.32	0.54
34.038194	25.952778	6	   NA	23.2484	24.1344	22.7473	23.7934	24.1045	20.0343	21.5378	20.1535	19.8604	21.6441	19.9830	21.6135	20.5172	21.2527	21.8915	23.4878	23.9707	23.6056	0.60	0.27	20.5355	0.82	0.34	22.1222	1.34	0.55
34.163194	26.077778	6.125	   NA	23.7435	24.6357	23.2233	24.2957	24.6230	20.4589	21.9440	20.6083	20.2865	22.0688	20.3745	22.0247	20.9588	21.7337	22.3470	23.9782	24.5025	24.1042	0.61	0.27	20.9568	0.82	0.34	22.5908	1.37	0.56
34.288194	26.202778	6.25	   NA	24.2386	25.1367	23.7005	24.8020	25.1390	20.9024	22.3767	21.0308	20.6824	22.4726	20.7668	22.4557	21.3527	22.1781	22.8154	24.4724	25.0325	24.6034	0.62	0.28	21.3720	0.82	0.34	23.0511	1.41	0.58
34.413194	26.327778	6.375	   NA	24.7327	25.6464	24.1844	25.2979	25.6430	21.3850	22.8218	21.4263	21.1161	22.8785	21.1753	22.9078	21.7295	22.5787	23.2989	24.9727	25.5405	25.1009	0.63	0.28	21.8005	0.82	0.34	23.5047	1.46	0.60
34.538194	26.452778	6.5	   NA	25.2317	26.1566	24.6603	25.7872	26.1390	21.8367	23.2618	21.8518	21.5506	23.3379	21.6205	23.3531	22.1069	22.9687	23.7764	25.4640	26.0482	25.5950	0.64	0.29	22.2432	0.83	0.34	23.9529	1.51	0.62
34.663194	26.577778	6.625	   NA	25.7461	26.6566	25.1300	26.2859	26.6281	22.2386	23.6803	22.3174	21.9371	23.8121	22.0680	23.7694	22.4938	23.3979	24.2411	25.9460	26.5852	26.0893	0.65	0.29	22.6756	0.84	0.34	24.4056	1.56	0.64
34.788194	26.702778	6.75	   NA	26.2511	27.1447	25.5969	26.7952	27.1197	22.6327	24.0966	22.7669	22.2964	24.2553	22.4939	24.1910	22.9363	23.8554	24.6975	26.4290	27.1201	26.5815	0.66	0.29	23.0903	0.86	0.35	24.8715	1.60	0.65
34.913194	26.827778	6.875	   NA	26.7359	27.6134	26.0631	27.3035	27.6196	23.0379	24.5284	23.1943	22.6715	24.6934	22.9174	24.6268	23.3681	24.2967	25.1545	26.8999	27.6395	27.0671	0.67	0.30	23.5072	0.87	0.36	25.3309	1.63	0.66
35.038194	26.952778	7	   NA	27.1940	28.0952	26.5338	27.7884	28.1251	23.4499	24.9938	23.6230	23.0724	25.1463	23.3498	25.0738	23.7948	24.7069	25.6210	27.3800	28.1385	27.5473	0.68	0.30	23.9392	0.90	0.37	25.7858	1.66	0.68
35.163194	27.077778	7.125	   NA	27.6621	28.6094	27.0116	28.2639	28.6221	23.8407	25.4427	24.0207	23.4662	25.5676	23.7425	25.5081	24.2565	25.0708	26.0965	27.8813	28.6150	28.0338	0.69	0.31	24.3467	0.92	0.37	26.2380	1.68	0.69
35.288194	27.202778	7.25	   NA	28.1380	29.1234	27.4904	28.7465	29.1266	24.2357	25.8954	24.4280	23.8644	25.9944	24.1562	25.9103	24.7453	25.4273	26.5639	28.3921	29.0904	28.5250	0.71	0.32	24.7624	0.93	0.38	26.6882	1.71	0.70
35.413194	27.327778	7.375	   NA	28.6260	29.6389	27.9673	29.2294	29.6336	24.6635	26.3421	24.8382	24.2963	26.4704	24.6215	26.2935	25.2040	25.8267	27.0163	28.9051	29.5688	29.0190	0.72	0.32	25.2053	0.95	0.39	27.1357	1.74	0.71
35.538194	27.452778	7.5	   NA	29.1283	30.1633	28.4396	29.7083	30.1319	25.1221	26.7620	25.3002	24.7549	26.9074	25.0422	26.7096	25.6196	26.2720	27.4656	29.4182	30.0471	29.5143	0.73	0.33	25.6481	0.94	0.38	27.5887	1.78	0.73
35.663194	27.577778	7.625	   NA	29.6376	30.6917	28.9077	30.1990	30.6471	25.5791	27.1709	25.7638	25.2187	27.3503	25.4750	27.1102	26.0235	26.7270	27.9230	29.9282	30.5319	30.0166	0.75	0.34	26.0930	0.92	0.38	28.0406	1.81	0.74
35.788194	27.702778	7.75	   NA	30.1348	31.2196	29.3805	30.7015	31.1796	26.0133	27.6066	26.1743	25.6720	27.8284	25.9303	27.4800	26.4307	27.1432	28.4044	30.4374	31.0197	30.5232	0.78	0.35	26.5375	0.93	0.38	28.4859	1.86	0.76
35.913194	27.827778	7.875	   NA	30.6245	31.7193	29.8621	31.2112	31.7075	26.4295	28.0571	26.5863	26.0972	28.3010	26.3847	27.8713	26.8538	27.5582	28.8971	30.9333	31.5229	31.0249	0.79	0.35	26.9760	0.95	0.39	28.9394	1.90	0.78
36.038194	27.952778	8	   NA	31.1229	32.2028	30.3434	31.7159	32.2268	26.8375	28.5059	27.0050	26.5000	28.7776	26.8558	28.3188	27.2653	27.9923	29.3750	31.4222	32.0347	31.5224	0.80	0.36	27.4136	0.97	0.40	29.4014	1.94	0.79
36.163194	28.077778	8.125	   NA	31.6133	32.6943	30.8208	32.2167	32.7421	27.2742	28.9624	27.3820	26.9247	29.2084	27.2921	28.7914	27.6779	28.3920	29.8442	31.9187	32.5304	32.0174	0.81	0.36	27.8406	0.98	0.40	29.8591	1.97	0.80
36.288194	28.202778	8.25	   NA	32.1030	33.1871	31.2973	32.7270	33.2642	27.7142	29.3997	27.7918	27.3615	29.6548	27.7397	29.2352	28.1163	28.8108	30.3220	32.4120	33.0354	32.5157	0.82	0.37	28.2770	0.98	0.40	30.3219	2.00	0.82
36.413194	28.327778	8.375	   NA	32.6103	33.6679	31.7727	33.2457	33.7992	28.1467	29.8119	28.2497	27.8070	30.1505	28.2270	29.6446	28.5476	29.2638	30.8049	32.9040	33.5592	33.0192	0.84	0.37	28.7321	0.99	0.40	30.7873	2.04	0.83
36.538194	28.452778	8.5	   NA	33.1146	34.1480	32.2557	33.7671	34.3382	28.5782	30.2501	28.7095	28.2642	30.6466	28.7090	30.0355	28.9592	29.7122	31.2949	33.3958	34.0818	33.5247	0.85	0.38	29.1929	0.99	0.41	31.2466	2.08	0.85
36.663194	28.577778	8.625	   NA	33.6177	34.6398	32.7409	34.2690	34.8595	28.9899	30.7236	29.1867	28.6955	31.1323	29.1713	30.4425	29.3948	30.1823	31.7945	33.8946	34.5892	34.0254	0.86	0.38	29.6499	1.01	0.41	31.7163	2.12	0.86
36.788194	28.702778	8.75	   NA	34.1180	35.1432	33.2163	34.7479	35.3663	29.3866	31.1958	29.6348	29.1060	31.5704	29.6238	30.9039	29.8833	30.6709	32.2924	34.3911	35.0997	34.5183	0.87	0.39	30.0862	1.03	0.42	32.2069	2.13	0.87
36.913194	28.827778	8.875	   NA	34.6187	35.6472	33.6997	35.2275	35.8706	29.7796	31.6864	30.0371	29.5167	32.0105	30.0938	31.3984	30.3602	31.1286	32.7851	34.8828	35.6162	35.0127	0.88	0.39	30.5207	1.05	0.43	32.6952	2.14	0.87
37.038194	28.952778	9	   NA	35.1308	36.1511	34.1971	35.7144	36.3652	30.2099	32.1805	30.4318	29.9329	32.4688	30.5489	31.8832	30.8188	31.5763	33.2789	35.3735	36.1335	35.5117	0.87	0.39	30.9621	1.08	0.44	33.1774	2.16	0.88
37.163194	29.077778	9.125	   NA	35.6393	36.6459	34.6918	36.2084	36.8645	30.6794	32.7015	30.8349	30.3728	32.8936	30.9656	32.3547	31.2776	31.9857	33.7726	35.8790	36.6456	36.0100	0.87	0.39	31.4080	1.10	0.45	33.6525	2.19	0.90
37.288194	29.202778	9.25	   NA	36.1404	37.1595	35.1823	36.7007	37.3846	31.1634	33.1809	31.2675	30.8289	33.3577	31.3820	32.8003	31.7453	32.4113	34.2577	36.3837	37.1763	36.5135	0.88	0.40	31.8634	1.11	0.45	34.1291	2.23	0.91
37.413194	29.327778	9.375	   NA	36.6436	37.6773	35.6745	37.2030	37.9177	31.6547	33.6243	31.6976	31.2754	33.8282	31.8039	33.2653	32.2183	32.8471	34.7474	36.8760	37.7274	37.0232	0.90	0.40	32.3140	1.11	0.45	34.6136	2.26	0.92
37.538194	29.452778	9.5	   NA	37.1666	38.1810	36.1636	37.7234	38.4448	32.1185	34.0974	32.0897	31.7008	34.2647	32.2391	33.7623	32.7120	33.2511	35.2467	37.3708	38.2816	37.5359	0.91	0.41	32.7517	1.12	0.46	35.1041	2.29	0.93
37.663194	29.577778	9.625	   NA	37.7028	38.7055	36.6482	38.2417	38.9744	32.5617	34.5560	32.5110	32.1351	34.7444	32.7165	34.2360	33.1845	33.6697	35.7384	37.8813	38.8170	38.0545	0.92	0.41	33.2041	1.14	0.46	35.5878	2.32	0.95
37.788194	29.702778	9.75	   NA	38.2425	39.2493	37.1371	38.7439	39.5161	33.0189	34.9830	32.9926	32.5871	35.2433	33.2034	34.6894	33.6309	34.1344	36.2266	38.4040	39.3258	38.5778	0.94	0.42	33.6714	1.14	0.46	36.0685	2.35	0.96
37.913194	29.827778	9.875	   NA	38.7770	39.7846	37.6250	39.2532	40.0570	33.4693	35.4342	33.4514	33.0095	35.7195	33.6722	35.1719	34.1033	34.5882	36.7207	38.9278	39.8335	39.0994	0.96	0.43	34.1260	1.15	0.47	36.5576	2.37	0.97
38.038194	29.952778	10	   NA	39.3030	40.3162	38.1022	39.7655	40.5863	33.9364	35.9141	33.8513	33.4319	36.1725	34.1241	35.6783	34.5640	34.9989	37.2121	39.4446	40.3587	39.6146	0.98	0.44	34.5717	1.17	0.48	37.0428	2.41	0.98
38.163194	30.077778	10.125	   NA	39.8260	40.8581	38.5748	40.2571	41.1081	34.4171	36.3521	34.2849	33.8909	36.6322	34.5544	36.1554	34.9769	35.4175	37.7011	39.9446	40.9011	40.1248	1.00	0.45	35.0219	1.16	0.48	37.5161	2.45	1.00
38.288194	30.202778	10.25	   NA	40.3559	41.3817	39.0536	40.7499	41.6210	34.8540	36.8081	34.7452	34.3557	37.0851	34.9914	36.6119	35.3941	35.8814	38.1934	40.4360	41.4500	40.6324	1.02	0.45	35.4733	1.16	0.48	37.9945	2.49	1.02
38.413194	30.327778	10.375	   NA	40.8943	41.9059	39.5393	41.2456	42.1286	35.2697	37.3048	35.1706	34.8123	37.5048	35.4269	37.0909	35.8608	36.3410	38.6831	40.9329	41.9978	41.1427	1.02	0.46	35.9149	1.17	0.48	38.4844	2.52	1.03
38.538194	30.452778	10.5	   NA	41.4365	42.4370	40.0266	41.7545	42.6392	35.6881	37.8039	35.5825	35.2479	37.9554	35.8793	37.5796	36.3679	36.7700	39.1712	41.4412	42.5432	41.6588	1.04	0.46	36.3595	1.20	0.49	38.9789	2.55	1.04
38.663194	30.577778	10.625	   NA	41.9682	42.9496	40.5212	42.2843	43.1705	36.0956	38.3022	36.0246	35.6623	38.4353	36.3528	38.0903	36.8821	37.2253	39.6791	41.9527	43.0792	42.1788	1.05	0.47	36.8121	1.23	0.50	39.4848	2.56	1.05
38.788194	30.702778	10.75	   NA	42.4763	43.4614	41.0128	42.7946	43.7226	36.5048	38.7895	36.4870	36.0710	38.8807	36.7737	38.5734	37.3877	37.7039	40.1981	42.4527	43.6112	42.6935	1.06	0.48	37.2511	1.25	0.51	39.9878	2.58	1.05
38.913194	30.827778	10.875	   NA	42.9864	43.9671	41.4943	43.3009	44.2563	36.9564	39.2441	36.9467	36.4966	39.3109	37.1744	39.0545	37.8896	38.1851	40.6984	42.9456	44.1428	43.2010	1.08	0.48	37.6882	1.25	0.51	40.4860	2.59	1.06
39.038194	30.952778	11	   NA	43.4983	44.4528	41.9839	43.8012	44.7664	37.4192	39.6712	37.3854	36.9264	39.7133	37.5454	39.5112	38.3851	38.6585	41.1833	43.4127	44.6595	43.7005	1.08	0.48	38.1101	1.24	0.51	40.9684	2.60	1.06
39.163194	31.077778	11.125	   NA	44.0140	44.9174	42.4665	44.3147	45.2653	37.8854	40.1047	37.8406	37.3673	40.1544	37.9687	39.9556	38.8769	39.1353	41.6628	43.8771	45.1761	44.1956	1.08	0.48	38.5535	1.24	0.51	41.4473	2.61	1.07
39.288194	31.202778	11.25	   NA	44.5115	45.3908	42.9433	44.8260	45.7937	38.3747	40.5705	38.3102	37.8403	40.6327	38.4233	40.4449	39.3433	39.6068	42.1443	44.3419	45.7017	44.6931	1.10	0.49	39.0253	1.24	0.51	41.9305	2.62	1.07
39.413194	31.327778	11.375	   NA	44.9906	45.8901	43.4219	45.3196	46.3237	38.8641	41.0313	38.7659	38.3111	41.1019	38.8694	40.9265	39.7860	40.0650	42.6277	44.8091	46.2295	45.1892	1.11	0.50	39.4906	1.24	0.51	42.4073	2.64	1.08
39.538194	31.452778	11.5	   NA	45.4839	46.3962	43.9082	45.8147	46.8237	39.3439	41.4992	39.2201	38.7687	41.5863	39.3384	41.4021	40.2356	40.5035	43.1128	45.2871	46.7465	45.6853	1.12	0.50	39.9594	1.24	0.51	42.8813	2.67	1.09
39.663194	31.577778	11.625	   NA	45.9801	46.9053	44.3954	46.3188	47.3251	39.8006	41.9199	39.6536	39.2054	42.0674	39.8195	41.8277	40.6767	40.9105	43.5970	45.7865	47.2667	46.1849	1.13	0.50	40.4111	1.25	0.51	43.3442	2.71	1.11
39.788194	31.702778	11.75	   NA	46.4507	47.4198	44.8776	46.7964	47.8326	40.2222	42.3332	40.0920	39.6044	42.5448	40.2947	42.2403	41.0822	41.3277	44.0907	46.2958	47.7854	46.6754	1.14	0.51	40.8486	1.26	0.51	43.8037	2.76	1.13
39.913194	31.827778	11.875	   NA	46.9387	47.9286	45.3608	47.2528	48.3096	40.6333	42.8002	40.5386	39.9979	42.9886	40.7528	42.6763	41.4794	41.7653	44.5862	46.8061	48.2730	47.1581	1.14	0.51	41.2852	1.27	0.52	44.2644	2.80	1.14
40.038194	31.952778	12	   NA	47.4318	48.4132	45.8390	47.7341	48.8091	41.0459	43.2724	40.9629	40.4181	43.3760	41.1605	43.0740	41.9135	42.1988	45.0777	47.3017	48.7580	47.6454	1.15	0.51	41.7060	1.28	0.52	44.7206	2.83	1.16
40.163194	32.077778	12.125	   NA	47.9239	48.8705	46.3004	48.2414	49.3199	41.4730	43.7379	41.3735	40.8546	43.7670	41.5735	43.4899	42.3706	42.6219	45.5616	47.7851	49.2541	48.1312	1.16	0.52	42.1299	1.28	0.52	45.1805	2.86	1.17
40.288194	32.202778	12.25	   NA	48.4090	49.3244	46.7583	48.7541	49.8240	41.9082	44.1694	41.7943	41.2912	44.1592	41.9932	43.9300	42.8059	43.0418	46.0270	48.2731	49.7559	48.6140	1.17	0.52	42.5526	1.27	0.52	45.6389	2.89	1.18
40.413194	32.327778	12.375	   NA	48.8730	49.7774	47.2283	49.2675	50.3508	42.3645	44.5995	42.2599	41.7332	44.5882	42.4135	44.3769	43.2200	43.4857	46.4922	48.7569	50.2624	49.0994	1.18	0.53	42.9931	1.26	0.52	46.0990	2.92	1.19
40.538194	32.452778	12.5	   NA	49.3398	50.2437	47.7058	49.7555	50.8743	42.8598	45.0490	42.7085	42.1803	45.0445	42.8550	44.8402	43.6216	43.9181	46.9838	49.2380	50.7689	49.5838	1.20	0.53	43.4495	1.26	0.52	46.5618	2.95	1.21
40.663194	32.577778	12.625	   NA	49.8055	50.7453	48.1720	50.2308	51.3929	43.3442	45.4913	43.1349	42.6153	45.4921	43.2899	45.3022	44.0278	44.3418	47.4812	49.7314	51.2878	50.0693	1.21	0.54	43.8946	1.26	0.52	47.0287	3.00	1.22
40.788194	32.702778	12.75	   NA	50.3027	51.2698	48.6270	50.7143	51.8933	43.7775	45.9116	43.5799	43.0253	45.9440	43.7256	45.7426	44.4468	44.7789	47.9619	50.2454	51.7990	50.5614	1.24	0.55	44.3273	1.27	0.52	47.4958	3.03	1.24
40.913194	32.827778	12.875	   NA	50.8144	51.7708	49.0840	51.1998	52.3770	44.1828	46.3452	44.0458	43.4434	46.3624	44.1736	46.1630	44.8786	45.2279	48.4303	50.7634	52.2882	51.0492	1.25	0.56	44.7589	1.26	0.52	47.9586	3.07	1.25
41.038194	32.952778	13	   NA	51.2992	52.2378	49.5504	51.6968	52.8807	44.6270	46.8216	44.5240	43.8864	46.7860	44.6284	46.6188	45.3454	45.6935	48.9127	51.2672	52.7683	51.5330	1.26	0.56	45.2122	1.26	0.52	48.4343	3.08	1.26
41.163194	33.077778	13.125	   NA	51.7759	52.7214	50.0271	52.2030	53.3994	45.0938	47.2633	44.9532	44.3366	47.2161	45.0369	47.0727	45.8183	46.1259	49.3985	51.7669	53.2449	52.0254	1.27	0.57	45.6500	1.26	0.51	48.9045	3.09	1.26
41.288194	33.202778	13.25	   NA	52.2585	53.2195	50.4958	52.7137	53.9091	45.5662	47.6780	45.3689	44.7811	47.6428	45.4432	47.5150	46.2649	46.5452	49.8600	52.2743	53.7165	52.5193	1.29	0.58	46.0800	1.25	0.51	49.3626	3.12	1.27
41.413194	33.327778	13.375	   NA	52.7639	53.7105	50.9567	53.2170	54.3948	46.0293	48.1264	45.7963	45.2103	48.0909	45.8759	47.9841	46.6884	46.9787	50.3104	52.7688	54.2061	53.0086	1.30	0.58	46.5215	1.26	0.51	49.8227	3.14	1.28
41.538194	33.452778	13.5	   NA	53.2837	54.2041	51.4316	53.7020	54.8616	46.5053	48.5832	46.2050	45.6481	48.5131	46.2924	48.4587	47.0963	47.3908	50.7796	53.2488	54.7190	53.4966	1.30	0.58	46.9579	1.26	0.52	50.2822	3.18	1.30
41.663194	33.577778	13.625	   NA	53.8095	54.6814	51.9222	54.1948	55.3415	46.9999	49.0355	46.6329	46.0799	48.9459	46.7288	48.9312	47.5186	47.8158	51.2743	53.7293	55.2361	53.9899	1.29	0.58	47.4038	1.27	0.52	50.7509	3.21	1.31
41.788194	33.702778	13.75	   NA	54.3125	55.1551	52.4148	54.7109	55.8258	47.4622	49.4709	47.0908	46.4677	49.4324	47.2143	49.3704	47.9596	48.2747	51.7657	54.2216	55.7573	54.4838	1.29	0.58	47.8564	1.28	0.52	51.2249	3.24	1.32
41.913194	33.827778	13.875	   NA	54.8056	55.6574	52.9006	55.2152	56.3103	47.9245	49.8816	47.5278	46.8287	49.8827	47.6839	49.7651	48.4031	48.7286	52.2396	54.7318	56.2824	54.9778	1.29	0.58	48.2882	1.29	0.53	51.6918	3.28	1.34
42.038194	33.952778	14	   NA	55.3192	56.1652	53.3694	55.7041	56.7829	48.3690	50.3009	47.9234	47.1728	50.3232	48.1339	50.1777	48.8345	49.1568	52.7033	55.2377	56.8072	55.4682	1.29	0.58	48.7039	1.31	0.53	52.1529	3.33	1.36
42.163194	34.077778	14.125	   NA	55.8195	56.6705	53.8437	56.1873	57.2674	48.7789	50.7419	48.3146	47.5436	50.8008	48.5877	50.6299	49.2293	49.5768	53.1849	55.7297	57.3250	55.9577	1.30	0.58	49.1279	1.34	0.55	52.6126	3.37	1.38
42.288194	34.202778	14.25	   NA	56.3081	57.1752	54.3290	56.6617	57.7560	49.2227	51.1562	48.7564	47.9686	51.2899	49.0304	51.0485	49.6154	50.0046	53.6795	56.2203	57.8270	56.4460	1.30	0.58	49.5707	1.35	0.55	53.0659	3.42	1.39
42.413194	34.327778	14.375	   NA	56.8020	57.6766	54.7976	57.1437	58.2489	49.6430	51.5384	49.2005	48.3999	51.7687	49.4713	51.4388	50.0517	50.4166	54.1704	56.7085	58.3254	56.9338	1.31	0.59	50.0036	1.35	0.55	53.5186	3.45	1.41
42.538194	34.452778	14.5	   NA	57.2830	58.1695	55.2629	57.6410	58.7595	50.0525	51.9740	49.6288	48.8217	52.2189	49.9012	51.8849	50.5078	50.8358	54.6547	57.2077	58.8309	57.4232	1.33	0.59	50.4329	1.36	0.55	53.9870	3.49	1.42
42.663194	34.577778	14.625	   NA	57.7574	58.6649	55.7443	58.1307	59.2822	50.4830	52.4259	50.0627	49.2357	52.6666	50.3281	52.3560	50.9284	51.2597	55.1391	57.7154	59.3424	57.9159	1.34	0.60	50.8670	1.37	0.56	54.4568	3.52	1.44
42.788194	34.702778	14.75	   NA	58.2328	59.1842	56.2310	58.6100	59.8135	50.9279	52.8571	50.4779	49.6530	53.1163	50.7619	52.8321	51.3624	51.6755	55.6356	58.2073	59.8738	58.4143	1.36	0.61	51.2990	1.38	0.56	54.9311	3.56	1.45
42.913194	34.827778	14.875	   NA	58.7192	59.7031	56.7167	59.0854	60.3252	51.4032	53.2659	50.9058	50.1051	53.5535	51.1761	53.2726	51.8379	52.1201	56.1116	58.6856	60.4090	58.9099	1.37	0.61	51.7349	1.37	0.56	55.4061	3.59	1.46
43.038194	34.952778	15	   NA	59.2319	60.1975	57.2025	59.5731	60.8167	51.8491	53.6895	51.3529	50.5344	54.0141	51.6160	53.7007	52.3161	52.5797	56.5708	59.1689	60.9172	59.4043	1.37	0.61	52.1760	1.38	0.56	55.8756	3.61	1.47
43.163194	35.077778	15.125	   NA	59.7549	60.6823	57.6803	60.0695	61.2978	52.2880	54.1602	51.7622	50.9541	54.4706	52.0885	54.1813	52.7731	53.0065	57.0316	59.6608	61.4156	59.8970	1.37	0.61	52.6206	1.39	0.57	56.3448	3.63	1.48
43.288194	35.202778	15.25	   NA	60.2607	61.1695	58.1569	60.5676	61.7917	52.7655	54.6460	52.1453	51.4043	54.8874	52.5445	54.6832	53.2094	53.4005	57.4877	60.1536	61.9329	60.3893	1.38	0.62	53.0655	1.40	0.57	56.8112	3.66	1.49
43.413194	35.327778	15.375	   NA	60.7438	61.6622	58.6300	61.0754	62.3152	53.2443	55.1337	52.5433	51.8583	55.2764	52.9899	55.1832	53.6589	53.8062	57.9489	60.6569	62.4442	60.8853	1.40	0.62	53.5077	1.40	0.57	57.2830	3.69	1.51
43.538194	35.452778	15.5	   NA	61.2334	62.1720	59.1065	61.5742	62.8356	53.7303	55.6140	52.9532	52.3198	55.6547	53.4195	55.6865	54.1157	54.2160	58.4338	61.1692	62.9403	61.3843	1.41	0.63	53.9486	1.39	0.57	57.7603	3.72	1.52
43.663194	35.577778	15.625	   NA	61.7489	62.7024	59.5912	62.0581	63.3338	54.2110	56.0842	53.3463	52.7729	56.0559	53.8488	56.1784	54.5437	54.6070	58.9259	61.6795	63.4451	61.8869	1.42	0.64	54.3865	1.39	0.57	58.2299	3.76	1.53
43.788194	35.702778	15.75	   NA	62.2741	63.2292	60.0652	62.5486	63.8259	54.6856	56.5552	53.7187	53.2178	56.4723	54.3183	56.6647	54.9729	54.9999	59.4008	62.1835	63.9664	62.3886	1.43	0.64	54.8280	1.40	0.57	58.6980	3.80	1.55
43.913194	35.827778	15.875	   NA	62.7826	63.7441	60.5396	63.0435	64.3376	55.1680	57.0368	54.0906	53.6659	56.8573	54.7762	57.1554	55.4028	55.3997	59.8624	62.6757	64.5033	62.8895	1.45	0.65	55.2658	1.40	0.57	59.1665	3.84	1.57
44.038194	35.952778	16	   NA	63.2882	64.2592	61.0234	63.5411	64.8506	55.6500	57.6109	54.4926	54.1211	57.2692	55.2081	57.5794	55.8227	55.8019	60.3171	63.1615	65.0428	63.3925	1.46	0.65	55.7253	1.44	0.59	59.6209	3.89	1.59
44.163194	36.077778	16.125	   NA	63.7935	64.7719	61.5010	64.0572	65.3640	56.1264	58.1431	54.9467	54.5678	57.7274	55.6191	57.9932	56.2491	56.2200	60.7987	63.6590	65.5658	63.8975	1.47	0.66	56.1884	1.46	0.60	60.0810	3.93	1.61
44.288194	36.202778	16.25	   NA	64.3002	65.2866	61.9659	64.5755	65.8844	56.5680	58.5327	55.4267	55.0078	58.1719	56.0017	58.4265	56.6892	56.6514	61.2985	64.1630	66.0649	64.4025	1.50	0.67	56.6181	1.45	0.59	60.5489	3.97	1.62
44.413194	36.327778	16.375	   NA	64.8137	65.7951	62.4322	65.0832	66.3824	56.9685	58.9317	55.8706	55.4182	58.6260	56.4139	58.8501	57.1162	57.0497	61.7904	64.6595	66.5528	64.9013	1.51	0.68	57.0382	1.45	0.59	61.0031	4.00	1.63
44.538194	36.452778	16.5	   NA	65.3222	66.2915	62.9024	65.5936	66.8797	57.3785	59.3766	56.2658	55.8012	59.0735	56.8424	59.3144	57.5281	57.4378	62.2837	65.1631	67.0506	65.3979	1.52	0.68	57.4563	1.47	0.60	61.4629	4.05	1.65
44.663194	36.577778	16.625	   NA	65.8368	66.7863	63.3707	66.1129	67.3969	57.8239	59.8075	56.6692	56.2214	59.4969	57.2435	59.7627	57.9818	57.8798	62.7840	65.6750	67.5551	65.9007	1.54	0.69	57.8771	1.48	0.60	61.9397	4.08	1.66
44.788194	36.702778	16.75	   NA	66.3443	67.2824	63.8365	66.6332	67.9043	58.2796	60.1888	57.1022	56.6651	59.9435	57.6510	60.1586	58.4684	58.3551	63.2870	66.1829	68.0495	66.4001	1.55	0.70	58.3050	1.47	0.60	62.4169	4.10	1.67
44.913194	36.827778	16.875	   NA	66.8491	67.7838	64.3040	67.1539	68.4116	58.7007	60.6032	57.5294	57.0760	60.3860	58.0600	60.5800	58.9423	58.8161	63.7750	66.6836	68.5372	66.9005	1.57	0.70	58.7259	1.47	0.60	62.8890	4.11	1.68
45.038194	36.952778	17	   NA	67.3457	68.2880	64.7766	67.6617	68.9202	59.1117	61.1460	57.9540	57.4904	60.8252	58.4791	61.0448	59.3854	59.2615	64.2439	67.1785	69.0248	67.3984	1.59	0.71	59.1677	1.51	0.62	63.3565	4.13	1.69
45.163194	37.077778	17.125	   NA	67.8344	68.7731	65.2511	68.1479	69.4246	59.5163	61.6880	58.4162	57.9043	61.3012	58.9292	61.4940	59.8233	59.6960	64.7047	67.6754	69.5121	67.8862	1.59	0.71	59.6259	1.55	0.63	63.8176	4.16	1.70
45.288194	37.202778	17.25	   NA	68.3215	69.2603	65.7252	68.6257	69.9232	59.9380	62.1492	58.8808	58.3027	61.7595	59.3741	61.9436	60.2476	60.1086	65.1674	68.1650	70.0075	68.3712	1.60	0.72	60.0674	1.56	0.64	64.2733	4.19	1.71
45.413194	37.327778	17.375	   NA	68.7951	69.7736	66.1965	69.1007	70.4420	60.3626	62.6083	59.3083	58.7093	62.1639	59.8143	62.4004	60.6748	60.5358	65.6342	68.6445	70.5248	68.8616	1.62	0.72	60.4945	1.57	0.64	64.7357	4.22	1.72
45.538194	37.452778	17.5	   NA	69.2783	70.2867	66.6614	69.5797	70.9559	60.7833	63.0224	59.7135	59.1372	62.5888	60.2702	62.8285	61.1401	60.9722	66.0947	69.1249	71.0503	69.3524	1.64	0.73	60.9192	1.57	0.64	65.2018	4.25	1.74
45.663194	37.577778	17.625	   NA	69.7779	70.7949	67.1259	70.0590	71.4508	61.2055	63.4328	60.1225	59.5902	63.0287	60.7009	63.2770	61.6005	61.4050	66.5454	69.6020	71.5802	69.8417	1.65	0.74	61.3468	1.56	0.64	65.6684	4.28	1.75
45.788194	37.702778	17.75	   NA	70.2703	71.3142	67.5907	70.5328	71.9552	61.6432	63.8692	60.5688	60.0362	63.4302	61.1105	63.7147	62.0021	61.8584	67.0172	70.0767	72.1053	70.3326	1.67	0.75	61.7764	1.55	0.63	66.1291	4.32	1.76
45.913194	37.827778	17.875	   NA	70.7450	71.8200	68.0452	71.0063	72.4619	62.1246	64.2536	61.0173	60.4788	63.8410	61.5345	64.0814	62.3714	62.2889	67.5084	70.5556	72.6027	70.8157	1.69	0.76	62.2083	1.53	0.63	66.5681	4.37	1.78
46.038194	37.952778	18	   NA	71.2266	72.3018	68.5034	71.4893	72.9417	62.5452	64.6241	61.4467	60.9224	64.2820	61.9765	64.4625	62.7787	62.7166	67.9710	71.0395	73.0957	71.2926	1.70	0.76	62.6328	1.51	0.62	67.0107	4.41	1.80
46.163194	38.077778	18.125	   NA	71.7303	72.7826	68.9710	71.9857	73.4154	62.9683	65.0017	61.8750	61.3732	64.7328	62.4095	64.9106	63.1977	63.1847	68.4125	71.5197	73.6123	71.7770	1.70	0.76	63.0601	1.50	0.61	67.4729	4.43	1.81
46.288194	38.202778	18.25	   NA	72.2203	73.2760	69.4290	72.4797	73.9125	63.4459	65.3595	62.3042	61.8275	65.1997	62.8283	65.3675	63.6069	63.6235	68.8811	71.9979	74.1389	72.2635	1.72	0.77	63.4942	1.49	0.61	67.9360	4.47	1.82
46.413194	38.327778	18.375	   NA	72.7103	73.7848	69.8792	72.9593	74.4107	63.9165	65.7443	62.7259	62.2863	65.6513	63.2745	65.7830	64.0304	64.0479	69.3701	72.4908	74.6458	72.7489	1.74	0.78	63.9331	1.47	0.60	68.3947	4.51	1.84
46.538194	38.452778	18.5	   NA	73.2096	74.2948	70.3332	73.4350	74.8989	64.3872	66.1452	63.1580	62.7235	66.0507	63.7414	66.1627	64.4354	64.5084	69.8330	72.9836	75.1417	73.2343	1.76	0.79	64.3677	1.45	0.59	68.8441	4.54	1.85
46.663194	38.577778	18.625	   NA	73.7045	74.8038	70.7870	73.9092	75.3806	64.8319	66.5572	63.5981	63.1564	66.4259	64.2108	66.5540	64.8227	64.9783	70.2907	73.4600	75.6560	73.7170	1.77	0.79	64.7967	1.43	0.58	69.2936	4.58	1.87
46.788194	38.702778	18.75	   NA	74.2088	75.3118	71.2413	74.3883	75.8551	65.2600	66.9509	64.0161	63.5703	66.8376	64.6726	66.9835	65.2252	65.4946	70.7694	73.9332	76.1835	74.2011	1.79	0.80	65.2179	1.42	0.58	69.7649	4.61	1.88
46.913194	38.827778	18.875	   NA	74.7188	75.8057	71.7026	74.8852	76.3377	65.6919	67.3575	64.4240	63.9492	67.2894	65.0978	67.4370	65.6503	66.0439	71.2394	74.4093	76.7118	74.6900	1.80	0.80	65.6350	1.44	0.59	70.2486	4.62	1.89
47.038194	38.952778	19	   NA	75.2225	76.3030	72.1710	75.3784	76.8219	66.1306	67.7957	64.8343	64.3617	67.7309	65.5186	67.8589	66.0882	66.5149	71.6905	74.8851	77.2411	75.1794	1.81	0.81	66.0620	1.45	0.59	70.7131	4.65	1.90
47.163194	39.077778	19.125	   NA	75.7136	76.8141	72.6403	75.8504	77.3051	66.5393	68.2283	65.2553	64.7818	68.1433	65.9256	68.2679	66.5272	66.9454	72.1322	75.3547	77.7719	75.6647	1.82	0.81	66.4789	1.45	0.59	71.1666	4.69	1.91
47.288194	39.202778	19.25	   NA	76.2024	77.3251	73.1032	76.3128	77.7804	66.9339	68.6852	65.7062	65.1720	68.5304	66.3098	68.7265	66.9410	67.3979	72.5728	75.8166	78.3005	76.1448	1.83	0.82	66.8896	1.46	0.59	71.6259	4.72	1.93
47.413194	39.327778	19.375	   NA	76.6850	77.8374	73.5688	76.7890	78.2508	67.3799	69.1499	66.1398	65.5688	68.9366	66.7083	69.2100	67.3257	67.8370	73.0211	76.2845	78.8188	76.6262	1.84	0.82	67.3139	1.47	0.60	72.0828	4.75	1.94
47.538194	39.452778	19.5	   NA	77.1764	78.3408	74.0316	77.2826	78.7203	67.8336	69.5625	66.5131	65.9746	69.3953	67.1102	69.6760	67.7365	68.2572	73.4893	76.7633	79.3294	77.1103	1.85	0.83	67.7315	1.49	0.61	72.5419	4.78	1.95
47.663194	39.577778	19.625	   NA	77.6645	78.8203	74.4881	77.7812	79.2138	68.3027	69.9440	66.8650	66.3970	69.8806	67.5293	70.0888	68.1797	68.6736	73.9627	77.2337	79.8503	77.5936	1.86	0.83	68.1531	1.51	0.61	72.9981	4.82	1.97
47.788194	39.702778	19.75	   NA	78.1496	79.3026	74.9422	78.2704	79.7085	68.7487	70.3670	67.2535	66.7905	70.3370	67.9395	70.4969	68.6224	69.0824	74.4254	77.6993	80.3729	78.0747	1.87	0.84	68.5727	1.53	0.62	73.4499	4.86	1.98
47.913194	39.827778	19.875	   NA	78.6330	79.8019	75.3956	78.7541	80.2008	69.1756	70.7739	67.6738	67.1549	70.7754	68.3433	70.8986	69.0731	69.4764	74.8750	78.1818	80.8653	78.5571	1.89	0.85	68.9828	1.54	0.63	73.8950	4.89	2.00
