days.origin	days.water	days.manure	F07	F08	F09	F10	F11	F12	GW01	GW02	GW03	GW04	GW05	GW06	GWL01	GWL02	GWL03	GWL04	GWo01	GWo02	mean.F	sd.F	se.F	mean.GW	sd.GW	se.GW	mean.GWL	sd.GWL	se.GWL
3.125	-4.960417	-24.913194	   NA	7.5536	12.2083	5.5986	8.5251	7.9560	9.7205	12.7054	9.8403	9.8139	12.0306	10.2217	4.5750	30.7473	10.3564	9.1610	10.8540	47.1910	8.3683	2.41	1.08	10.7221	1.30	0.53	18.8141	16.60	6.78
3.25	-4.835417	-24.788194	   NA	6.5016	9.2083	5.5912	6.8294	6.6927	9.5181	9.7054	7.8313	9.8457	10.5057	8.8923	3.7751	27.7473	8.1290	8.8285	8.5187	44.1910	6.9646	1.34	0.60	9.3831	0.92	0.38	16.8649	15.79	6.45
3.375	-4.710417	-24.663194	   NA	6.7391	7.2960	5.7900	7.0866	6.9448	9.8585	8.8100	8.1325	10.2014	10.9084	9.2320	3.9144	24.7473	8.4378	9.1468	8.8406	41.1910	6.7713	0.58	0.26	9.5238	1.00	0.41	16.0463	14.23	5.81
3.5	-4.585417	-24.538194	   NA	6.9611	7.5563	5.9805	7.3354	7.1882	10.1836	9.1300	8.4269	10.5490	11.3076	9.5672	4.0488	21.7473	8.7375	9.4535	9.1558	38.1910	7.0043	0.61	0.27	9.8607	1.03	0.42	15.2223	12.71	5.19
3.625	-4.460417	-24.413194	   NA	7.1696	7.8087	6.1660	7.5763	7.4231	10.5003	9.4452	8.7149	10.8902	11.7015	9.8978	4.1796	18.7473	9.0293	9.7528	9.4681	35.1910	7.2287	0.64	0.29	10.1916	1.07	0.44	14.3947	11.23	4.58
3.75	-4.335417	-24.288194	   NA	7.3695	8.0539	6.3527	7.8110	7.6516	10.8140	9.7566	8.9979	11.2281	12.0901	10.2262	4.3125	15.7473	9.3153	10.0492	9.7782	32.1910	7.4477	0.66	0.30	10.5188	1.10	0.45	13.5656	9.82	4.01
3.875	-4.210417	-24.163194	   NA	7.5795	8.3010	6.5533	8.0480	7.8843	11.1437	10.0715	9.2801	11.5856	12.4778	10.5580	4.4468	12.7473	9.6010	10.3607	10.0909	29.1910	7.6732	0.68	0.30	10.8528	1.13	0.46	12.7396	8.51	3.47
4	-4.085417	-24.038194	   NA	7.8046	8.5576	6.7610	8.2938	8.1257	11.4874	10.3921	9.5691	11.9554	12.8688	10.8952	4.5859	9.7473	9.8932	10.6835	10.4139	26.1910	7.9085	0.70	0.31	11.1947	1.17	0.48	11.9191	7.35	3.00
4.125	-3.960417	-23.913194	   NA	8.0458	8.8245	6.9748	8.5498	8.3757	11.8433	10.7204	9.8670	12.3339	13.2646	11.2378	4.7330	6.7473	10.1959	11.0132	10.7461	23.1910	8.1541	0.72	0.32	11.5445	1.20	0.49	11.1044	6.43	2.62
4.25	-3.835417	-23.788194	   NA	8.2925	9.0923	7.1872	8.8085	8.6275	12.1998	11.0541	10.1699	12.7125	13.6619	11.5815	4.8816	6.4068	10.5036	11.3412	11.0790	23.2160	8.4016	0.74	0.33	11.8966	1.24	0.51	11.2380	6.45	2.63
4.375	-3.710417	-23.663194	   NA	8.5337	9.3589	7.3852	9.0661	8.8761	12.5429	11.3868	10.4744	13.0763	14.0575	11.9242	5.0252	6.5964	10.8097	11.6582	11.4089	23.6244	8.6440	0.76	0.34	12.2437	1.27	0.52	11.5205	6.53	2.67
4.5	-3.585417	-23.538194	   NA	8.7548	9.6152	7.5679	9.3123	9.1126	12.8671	11.7111	10.7687	13.4322	14.4462	12.2596	5.1598	6.7779	11.1063	11.9580	11.7304	23.9646	8.8726	0.79	0.35	12.5808	1.30	0.53	11.7828	6.60	2.69
4.625	-3.460417	-23.413194	   NA	8.9585	9.8565	7.7512	9.5446	9.3380	13.1842	12.0279	11.0530	13.7825	14.8275	12.5860	5.2905	6.9478	11.3895	12.2501	12.0436	24.2557	9.0898	0.82	0.37	12.9102	1.33	0.54	12.0295	6.65	2.72
4.75	-3.335417	-23.288194	   NA	9.1658	10.0947	7.9486	9.7746	9.5637	13.5111	12.3460	11.3362	14.1401	15.2056	12.9117	5.4264	7.1131	11.6686	12.5500	12.3546	24.5216	9.3095	0.83	0.37	13.2418	1.36	0.56	12.2724	6.69	2.73
4.875	-3.210417	-23.163194	   NA	9.3910	10.3427	8.1583	10.0135	9.7986	13.8559	12.6719	11.6238	14.5137	15.5866	13.2432	5.5695	7.2831	11.9543	12.8638	12.6751	24.7840	9.5408	0.85	0.38	13.5825	1.40	0.57	12.5216	6.73	2.75
5	-3.085417	-23.038194	   NA	9.6318	10.6002	8.3695	10.2621	10.0422	14.2117	13.0053	11.9175	14.8951	15.9716	13.5794	5.7155	7.4607	12.2490	13.1858	13.0041	25.0500	9.7812	0.86	0.39	13.9301	1.43	0.58	12.7775	6.77	2.76
5.125	-2.960417	-22.913194	   NA	9.8782	10.8610	8.5762	10.5149	10.2883	14.5671	13.3413	12.2154	15.2753	16.3564	13.9175	5.8615	7.6431	12.5482	13.5075	13.3338	25.3151	10.0237	0.88	0.40	14.2788	1.46	0.60	13.0349	6.81	2.78
5.25	-2.835417	-22.788194	   NA	10.1239	11.1224	8.7776	10.7678	10.5332	14.9177	13.6780	12.5140	15.6516	16.7396	14.2563	6.0065	7.8267	12.8478	13.8250	13.6607	25.5745	10.2650	0.91	0.41	14.6262	1.49	0.61	13.2902	6.85	2.80
5.375	-2.710417	-22.663194	   NA	10.3644	11.3814	8.9716	11.0178	10.7747	15.2605	14.0145	12.8101	16.0215	17.1218	14.5929	6.1482	8.0082	13.1444	14.1361	13.9845	25.8257	10.5020	0.93	0.42	14.9702	1.52	0.62	13.5412	6.88	2.81
5.5	-2.585417	-22.538194	   NA	10.5949	11.6338	9.1581	11.2610	11.0095	15.5929	14.3468	13.1030	16.3846	17.5023	14.9249	6.2851	8.1846	13.4347	14.4398	14.3054	26.0670	10.7315	0.96	0.43	15.3091	1.55	0.63	13.7861	6.92	2.82
5.625	-2.460417	-22.413194	   NA	10.8141	11.8785	9.3406	11.4972	11.2374	15.9186	14.6735	13.3925	16.7434	17.8800	15.2546	6.4188	8.3553	13.7189	14.7416	14.6230	26.2978	10.9536	0.98	0.44	15.6438	1.58	0.64	14.0259	6.95	2.84
5.75	-2.335417	-22.288194	   NA	11.0297	12.1190	9.5290	11.7296	11.4621	16.2486	14.9978	13.6793	17.1076	18.2569	15.5841	6.5538	8.5211	13.9987	15.0450	14.9380	26.5208	11.1739	1.00	0.45	15.9791	1.61	0.66	14.2629	6.98	2.85
5.875	-2.210417	-22.163194	   NA	11.2555	12.3641	9.7271	11.9657	11.6911	16.5914	15.3260	13.9680	17.4833	18.6356	15.9162	6.6946	8.6884	14.2810	15.3527	15.2554	26.7467	11.4007	1.02	0.46	16.3201	1.64	0.67	14.5031	7.01	2.86
6	-2.085417	-22.038194	   NA	11.4918	12.6163	9.9258	12.2083	11.9261	16.9417	15.6579	14.2600	17.8639	19.0155	16.2517	6.8391	8.8621	14.5707	15.6643	15.5808	26.9826	11.6337	1.04	0.46	16.6651	1.67	0.68	14.7499	7.05	2.88
6.125	-1.960417	-21.913194	   NA	11.7285	12.8689	10.1208	12.4512	12.1611	17.2928	15.9887	14.5524	18.2421	19.3936	16.5856	6.9823	9.0392	14.8618	15.9756	15.9093	27.2215	11.8661	1.06	0.47	17.0092	1.71	0.70	14.9983	7.08	2.89
6.25	-1.835417	-21.788194	   NA	11.9632	13.1199	10.3121	12.6921	12.3937	17.6408	16.3193	14.8448	18.6158	19.7709	16.9172	7.1242	9.2152	15.1502	16.2849	16.2321	27.4563	12.0962	1.08	0.48	17.3515	1.74	0.71	15.2438	7.12	2.91
6.375	-1.710417	-21.663194	   NA	12.1956	13.3686	10.4982	12.9311	12.6240	17.9819	16.6514	15.1405	18.9865	20.1482	17.2483	7.2649	9.3877	15.4378	16.5893	16.5488	27.6872	12.3235	1.11	0.49	17.6928	1.77	0.72	15.4860	7.16	2.92
6.5	-1.585417	-21.538194	   NA	12.4203	13.6133	10.6757	13.1661	12.8501	18.3137	16.9813	15.4344	19.3518	20.5225	17.5777	7.4015	9.5569	15.7239	16.8847	16.8626	27.9128	12.5451	1.13	0.51	18.0302	1.79	0.73	15.7237	7.19	2.94
6.625	-1.460417	-21.413194	   NA	12.6309	13.8503	10.8462	13.3939	13.0683	18.6372	17.3051	15.7207	19.7089	20.8914	17.9025	7.5325	9.7192	16.0024	17.1706	17.1702	28.1268	12.7579	1.16	0.52	18.3610	1.82	0.74	15.9536	7.22	2.95
6.75	-1.335417	-21.288194	   NA	12.8346	14.0807	11.0220	13.6167	13.2815	18.9623	17.6263	16.0050	20.0688	21.2557	18.2241	7.6633	9.8757	16.2731	17.4566	17.4749	28.3316	12.9671	1.18	0.53	18.6904	1.85	0.76	16.1792	7.26	2.96
6.875	-1.210417	-21.163194	   NA	13.0483	14.3157	11.2087	13.8435	13.4992	19.2997	17.9527	16.2922	20.4398	21.6210	18.5481	7.8006	10.0341	16.5455	17.7512	17.7830	28.5398	13.1831	1.20	0.54	19.0256	1.88	0.77	16.4090	7.29	2.98
7	-1.085417	-21.038194	   NA	13.2734	14.5591	11.3982	14.0710	13.7223	19.6479	18.2838	16.5825	20.8170	21.9888	18.8754	7.9430	10.1981	16.8237	18.0517	18.0969	28.7570	13.4048	1.22	0.54	19.3659	1.91	0.78	16.6451	7.32	2.99
7.125	-0.960417	-20.913194	   NA	13.5014	14.8041	11.5855	14.3024	13.9463	20.0011	18.6152	16.8743	21.1954	22.3562	19.2035	8.0857	10.3638	17.1052	18.3533	18.4148	28.9788	13.6279	1.24	0.55	19.7076	1.94	0.79	16.8836	7.36	3.00
7.25	-0.835417	-20.788194	   NA	13.7299	15.0481	11.7689	14.5340	14.1706	20.3523	18.9457	17.1666	21.5700	22.7222	19.5302	8.2267	10.5291	17.3911	18.6534	18.7321	29.2014	13.8503	1.26	0.56	20.0478	1.97	0.80	17.1223	7.40	3.02
7.375	-0.710417	-20.663194	   NA	13.9544	15.2909	11.9462	14.7643	14.3928	20.6937	19.2753	17.4586	21.9360	23.0860	19.8540	8.3648	10.6944	17.6789	18.9475	19.0449	29.4209	14.0697	1.28	0.57	20.3839	1.99	0.81	17.3586	7.43	3.03
7.5	-0.585417	-20.538194	   NA	14.1680	15.5283	12.1155	14.9891	14.6086	21.0230	19.6022	17.7481	22.2919	23.4474	20.1753	8.4981	10.8571	17.9607	19.2323	19.3523	29.6333	14.2819	1.31	0.59	20.7146	2.02	0.82	17.5890	7.47	3.05
7.625	-0.460417	-20.413194	   NA	14.3701	15.7573	12.2794	15.2071	14.8162	21.3445	19.9243	18.0351	22.6401	23.8044	20.4930	8.6270	11.0134	18.2324	19.5094	19.6561	29.8368	14.4860	1.33	0.60	21.0402	2.04	0.83	17.8125	7.51	3.06
7.75	-0.335417	-20.288194	   NA	14.5653	15.9805	12.4447	15.4195	15.0180	21.6671	20.2430	18.3168	22.9850	24.1581	20.8076	8.7547	11.1631	18.5038	19.7833	19.9555	30.0311	14.6856	1.36	0.61	21.3629	2.07	0.84	18.0319	7.54	3.08
7.875	-0.210417	-20.163194	   NA	14.7585	16.2026	12.6169	15.6301	15.2191	21.9989	20.5787	18.5959	23.3336	24.5105	21.1208	8.8851	11.3110	18.7702	20.0609	20.2545	30.2237	14.8854	1.38	0.61	21.6897	2.09	0.85	18.2509	7.57	3.09
8	-0.085417	-20.038194	   NA	14.9518	16.4248	12.8862	15.8407	15.4209	22.3525	20.9626	18.8761	23.6928	24.8617	21.4333	9.0814	11.4592	19.0372	20.3603	20.5555	30.4181	15.1049	1.35	0.61	22.0298	2.11	0.86	18.4853	7.59	3.10
8.085417	0	-19.952778	   NA	0.0000	0.0000	0.0000	0.0000	0.0000	0.0000	0.0000	0.0000	0.0000	0.0000	0.0000	0.0000	0.0000	0.0000	0.0000	0.0000	0.0000	0.0000	0.00	0.00	0.0000	0.00	0.00	0.0000	0.00	0.00
8.210417	0.125	-19.827778	   NA	0.2533	0.2085	0.6206	0.1887	0.2213	0.4128	0.4645	0.4041	0.3652	0.3855	0.3359	0.5488	0.3049	0.2597	0.3992	0.2017	0.2735	0.2985	0.18	0.08	0.3947	0.04	0.02	0.3313	0.12	0.05
8.335417	0.25	-19.702778	   NA	0.5324	0.4119	1.2318	0.3684	0.4544	0.8255	0.9289	0.8082	0.7304	0.7710	0.6719	1.0997	0.6326	0.5164	0.8072	0.3787	0.5598	0.5998	0.36	0.16	0.7893	0.09	0.04	0.6657	0.26	0.10
8.460417	0.375	-19.577778	   NA	0.8084	0.6065	1.7088	0.5375	0.6974	1.2479	1.3953	1.2537	1.0943	1.1719	1.0194	1.6110	1.0884	0.7660	1.1799	0.4819	0.9003	0.8717	0.48	0.21	1.1971	0.13	0.05	1.0046	0.39	0.16
8.585417	0.5	-19.452778	   NA	1.0689	0.8004	2.1839	0.7081	0.9438	1.6607	1.8627	1.7722	1.4528	1.5868	1.3733	2.1004	1.5416	1.0178	1.5382	0.5865	1.2282	1.1410	0.60	0.27	1.6181	0.19	0.08	1.3355	0.52	0.21
8.710417	0.625	-19.327778	   NA	1.3220	0.9942	2.6668	0.8807	1.1942	2.0710	2.3212	2.2804	1.8147	1.9985	1.7242	2.5821	1.9959	1.2792	1.9002	0.6923	1.5480	1.4116	0.72	0.32	2.0350	0.24	0.10	1.6663	0.65	0.27
8.835417	0.75	-19.202778	   NA	1.5733	1.1883	3.1726	1.0547	1.4487	2.4859	2.7719	2.7817	2.1787	2.4090	2.0729	3.0679	2.4518	1.5519	2.2440	0.8004	1.8647	1.6875	0.86	0.38	2.4500	0.29	0.12	1.9968	0.78	0.32
8.960417	0.875	-19.077778	   NA	1.8292	1.3821	3.6789	1.2289	1.7047	2.9082	3.2169	3.2807	2.5366	2.8175	2.4160	3.5730	2.9075	1.8246	2.5845	0.9091	2.1814	1.9648	0.99	0.44	2.8627	0.35	0.14	2.3300	0.92	0.38
9.085417	1	-18.952778	   NA	2.0915	1.5750	4.2007	1.4030	1.9589	3.3370	3.6597	3.7752	2.8888	3.2251	2.7541	4.0941	3.3609	2.0973	2.9250	1.0188	2.4975	2.2458	1.13	0.50	3.2733	0.41	0.17	2.6656	1.06	0.43
9.210417	1.125	-18.827778	   NA	2.3559	1.7671	4.7228	1.5773	2.2118	3.7694	4.1020	4.2689	3.2373	3.6339	3.0914	4.6187	3.8083	2.3700	3.2655	1.1283	2.8104	2.5270	1.27	0.57	3.6838	0.46	0.19	3.0002	1.21	0.49
9.335417	1.25	-18.702778	   NA	2.6178	1.9581	5.2464	1.7532	2.4647	4.1991	4.5438	4.7606	3.5784	4.0436	3.4284	5.1397	4.2483	2.6427	3.6060	1.2381	3.1201	2.8080	1.41	0.63	4.0923	0.52	0.21	3.3325	1.35	0.55
9.460417	1.375	-18.577778	   NA	2.8749	2.1482	5.7615	1.9296	2.7155	4.6208	4.9823	5.2487	3.9099	4.4528	3.7636	5.6595	4.6791	2.9154	3.9465	1.3486	3.4265	3.0859	1.55	0.69	4.4964	0.58	0.24	3.6626	1.49	0.61
9.585417	1.5	-18.452778	   NA	3.1284	2.3383	6.2719	2.1043	2.9635	5.0384	5.4162	5.7327	4.2401	4.8614	4.0970	6.1757	5.1027	3.1881	4.2870	1.4594	3.7286	3.3613	1.68	0.75	4.8976	0.64	0.26	3.9903	1.63	0.66
9.710417	1.625	-18.327778	   NA	3.3824	2.5289	6.7919	2.2780	3.2098	5.4590	5.8496	6.2150	4.5780	5.2701	4.4314	6.6916	5.5182	3.4608	4.6275	1.5692	4.0272	3.6382	1.82	0.81	5.3005	0.70	0.29	4.3158	1.76	0.72
9.835417	1.75	-18.202778	   NA	3.6407	2.7206	7.3296	2.4524	3.4544	5.8912	6.2872	6.6984	4.9239	5.6820	4.7705	7.2084	5.9260	3.7335	4.9680	1.6810	4.3229	3.9195	1.97	0.88	5.7089	0.75	0.31	4.6400	1.90	0.78
9.960417	1.875	-18.077778	   NA	3.9036	2.9128	7.8814	2.6276	3.6973	6.3380	6.7310	7.1853	5.2780	6.1011	5.1142	7.7272	6.3292	4.0062	5.3085	1.7973	4.6183	4.2045	2.12	0.95	6.1246	0.81	0.33	4.9645	2.03	0.83
10.085417	2	-17.952778	   NA	4.1694	3.1047	8.4364	2.8031	3.9387	6.7912	7.1784	7.6765	5.6365	6.5259	5.4607	8.2486	6.7303	4.2789	5.6490	1.9166	4.9133	4.4905	2.28	1.02	6.5449	0.87	0.35	5.2895	2.17	0.89
10.210417	2.125	-17.827778	   NA	4.4380	3.2963	8.9900	2.9791	4.1790	7.2399	7.6263	8.1709	5.9923	6.9527	5.8098	8.7702	7.1299	4.5544	5.9895	2.0354	5.2049	4.7765	2.43	1.09	6.9653	0.92	0.38	5.6141	2.30	0.94
10.335417	2.25	-17.702778	   NA	4.7062	3.4889	9.5391	3.1568	4.4187	7.6795	8.0738	8.6665	6.3381	7.3803	6.1603	9.2893	7.5247	4.8371	6.3030	2.1542	5.4947	5.0619	2.58	1.16	7.3831	0.98	0.40	5.9338	2.43	0.99
10.460417	2.375	-17.577778	   NA	4.9711	3.6832	10.0809	3.3362	4.6579	8.1081	8.5208	9.1599	6.6834	7.8087	6.5114	9.8040	7.9153	5.1210	6.6116	2.2754	5.7851	5.3459	2.73	1.22	7.7987	1.04	0.42	6.2521	2.56	1.05
10.585417	2.5	-17.452778	   NA	5.2349	3.8783	10.6205	3.5152	4.8963	8.5267	8.9681	9.6511	7.0256	8.2384	6.8631	10.3161	8.3030	5.4056	6.9212	2.3990	6.0755	5.6290	2.88	1.29	8.2122	1.09	0.45	6.5701	2.69	1.10
10.710417	2.625	-17.327778	   NA	5.5003	4.0735	11.1662	3.6944	5.1337	8.9448	9.4172	10.1423	7.3731	8.6722	7.2149	10.8297	8.6861	5.6876	7.2334	2.5216	6.3644	5.9136	3.03	1.35	8.6274	1.15	0.47	6.8871	2.82	1.15
10.835417	2.75	-17.202778	   NA	5.7694	4.2699	11.7217	3.8744	5.3695	9.3686	9.8695	10.6357	7.7275	9.1098	7.5686	11.3467	9.0681	5.9700	7.5482	2.6447	6.6541	6.2010	3.18	1.42	9.0466	1.20	0.49	7.2053	2.95	1.20
10.960417	2.875	-17.077778	   NA	6.0438	4.4670	12.2837	4.0545	5.6033	9.7989	10.3258	11.1329	8.0875	9.5504	7.9267	11.8665	9.4507	6.2532	7.8624	2.7698	6.9434	6.4905	3.34	1.49	9.4704	1.26	0.51	7.5243	3.07	1.25
11.085417	3	-16.952778	   NA	6.3225	4.6639	12.8486	4.2352	5.8359	10.2332	10.7873	11.6329	8.4497	9.9973	8.2888	12.3858	9.8330	6.5349	8.1784	2.8960	7.2327	6.7812	3.50	1.56	9.8982	1.31	0.54	7.8435	3.20	1.31
11.210417	3.125	-16.827778	   NA	6.6028	4.8603	13.4126	4.4157	6.0695	10.6689	11.2505	12.1362	8.8124	10.4495	8.6525	12.9042	10.2149	6.8159	8.4946	3.0238	7.5211	7.0722	3.65	1.63	10.3283	1.37	0.56	8.1624	3.33	1.36
11.335417	3.25	-16.702778	   NA	6.8844	5.0568	13.9733	4.5970	6.3042	11.1065	11.7138	12.6416	9.1752	10.9074	9.0176	13.4204	10.5967	7.1000	8.8097	3.1505	7.8078	7.3631	3.81	1.70	10.7603	1.42	0.58	8.4809	3.46	1.41
11.460417	3.375	-16.577778	   NA	7.1667	5.2539	14.5348	4.7797	6.5387	11.5441	12.1786	13.1500	9.5384	11.3697	9.3845	13.9350	10.9774	7.3876	9.1257	3.2750	8.0937	7.6548	3.96	1.77	11.1942	1.48	0.60	8.7991	3.58	1.46
11.585417	3.5	-16.452778	   NA	7.4475	5.4527	15.0951	4.9636	6.7713	11.9801	12.6460	13.6620	9.9018	11.8347	9.7535	14.4494	11.3564	7.6790	9.4413	3.3999	8.3785	7.9460	4.12	1.84	11.6297	1.54	0.63	9.1174	3.71	1.51
11.710417	3.625	-16.327778	   NA	7.7284	5.6536	15.6507	5.1479	7.0016	12.4171	13.1142	14.1744	10.2649	12.3011	10.1219	14.9621	11.7343	7.9730	9.7579	3.5259	8.6635	8.2364	4.27	1.91	12.0656	1.60	0.65	9.4361	3.84	1.57
11.835417	3.75	-16.202778	   NA	8.0105	5.8559	16.2058	5.3332	7.2306	12.8549	13.5817	14.6848	10.6302	12.7693	10.4898	15.4733	12.1116	8.2666	10.0769	3.6527	8.9491	8.5272	4.42	1.98	12.5018	1.65	0.68	9.7550	3.96	1.62
11.960417	3.875	-16.077778	   NA	8.2950	6.0592	16.7648	5.5199	7.4589	13.2975	14.0514	15.1964	11.0024	13.2387	10.8601	15.9851	12.4881	8.5582	10.4000	3.7810	9.2349	8.8196	4.58	2.05	12.9411	1.71	0.70	10.0746	4.09	1.67
12.085417	4	-15.952778	   NA	8.5830	6.2626	17.3257	5.7058	7.6878	13.7451	14.5257	15.7111	11.3783	13.7087	11.2321	16.4970	12.8638	8.8495	10.7253	3.9103	9.5188	9.1130	4.73	2.12	13.3835	1.77	0.72	10.3941	4.21	1.72
12.210417	4.125	-15.827778	   NA	8.8708	6.4663	17.8847	5.8919	7.9165	14.1941	15.0030	16.2275	11.7541	14.1824	11.6049	17.0087	13.2381	9.1414	11.0491	4.0407	9.7986	9.4060	4.88	2.18	13.8277	1.82	0.74	10.7128	4.33	1.77
12.335417	4.25	-15.702778	   NA	9.1567	6.6705	18.4433	6.0800	8.1443	14.6426	15.4796	16.7453	12.1300	14.6600	11.9789	17.5203	13.6113	9.4335	11.3711	4.1726	10.0751	9.6990	5.04	2.25	14.2727	1.88	0.77	11.0306	4.46	1.82
12.460417	4.375	-15.577778	   NA	9.4428	6.8753	19.0003	6.2698	8.3714	15.0907	15.9568	17.2646	12.5097	15.1360	12.3539	18.0294	13.9837	9.7265	11.6937	4.3036	10.3515	9.9919	5.19	2.32	14.7186	1.94	0.79	11.3481	4.58	1.87
12.585417	4.5	-15.452778	   NA	9.7309	7.0809	19.5586	6.4612	8.5991	15.5412	16.4364	17.7862	12.8915	15.6144	12.7303	18.5385	14.3539	10.0209	12.0172	4.4356	10.6291	10.2861	5.34	2.39	15.1667	2.00	0.82	11.6659	4.70	1.92
12.710417	4.625	-15.327778	   NA	10.0193	7.2878	20.1173	6.6537	8.8278	15.9939	16.9164	18.3100	13.2718	16.1013	13.1095	19.0465	14.7221	10.3173	12.3401	4.5726	10.9073	10.5812	5.49	2.46	15.6172	2.05	0.84	11.9843	4.82	1.97
12.835417	4.75	-15.202778	   NA	10.3073	7.4962	20.6750	6.8463	9.0560	16.4478	17.3973	18.8333	13.6533	16.5932	13.4906	19.5536	15.0890	10.6156	12.6623	4.7132	11.1859	10.8762	5.64	2.52	16.0693	2.11	0.86	12.3033	4.94	2.02
12.960417	4.875	-15.077778	   NA	10.5982	7.7067	21.2305	7.0392	9.2859	16.9032	17.8795	19.3581	14.0362	17.0847	13.8721	20.0620	15.4543	10.9155	12.9859	4.8568	11.4637	11.1721	5.79	2.59	16.5223	2.17	0.89	12.6230	5.06	2.07
13.085417	5	-14.952778	   NA	10.8918	7.9186	21.7861	7.2326	9.5171	17.3606	18.3650	19.8866	14.4199	17.5769	14.2547	20.5698	15.8169	11.2170	13.3115	5.0032	11.7410	11.4692	5.94	2.66	16.9773	2.23	0.91	12.9432	5.18	2.11
13.210417	5.125	-14.827778	   NA	11.1869	8.1312	22.3438	7.4267	9.7471	17.8197	18.8527	20.4178	14.8049	18.0728	14.6390	21.0776	16.1778	11.5201	13.6400	5.1494	12.0171	11.7671	6.09	2.72	17.4345	2.29	0.93	13.2637	5.29	2.16
13.335417	5.25	-14.702778	   NA	11.4842	8.3457	22.9003	7.6213	9.9768	18.2803	19.3399	20.9505	15.1890	18.5717	15.0233	21.5858	16.5380	11.8229	13.9696	5.2966	12.2919	12.0657	6.24	2.79	17.8925	2.35	0.96	13.5841	5.41	2.21
13.460417	5.375	-14.577778	   NA	11.7818	8.5630	23.4545	7.8171	10.2086	18.7394	19.8281	21.4846	15.5703	19.0699	15.4055	22.0928	16.8978	12.1240	14.2990	5.4458	12.5666	12.3650	6.39	2.86	18.3496	2.41	0.98	13.9043	5.53	2.26
13.585417	5.5	-14.452778	   NA	12.0771	8.7829	24.0087	8.0150	10.4417	19.1979	20.3194	22.0200	15.9530	19.5671	15.7877	22.5984	17.2567	12.4267	14.6293	5.5950	12.8410	12.6651	6.53	2.92	18.8075	2.47	1.01	14.2245	5.64	2.30
13.710417	5.625	-14.327778	   NA	12.3708	9.0039	24.5623	8.2135	10.6743	19.6589	20.8122	22.5560	16.3374	20.0640	16.1721	23.1023	17.6141	12.7318	14.9596	5.7436	13.1155	12.9650	6.68	2.99	19.2668	2.54	1.04	14.5445	5.76	2.35
13.835417	5.75	-14.202778	   NA	12.6652	9.2260	25.1165	8.4125	10.9085	20.1200	21.3059	23.0915	16.7195	20.5617	16.5573	23.6063	17.9704	13.0388	15.2911	5.8910	13.3899	13.2657	6.82	3.05	19.7260	2.60	1.06	14.8646	5.87	2.40
13.960417	5.875	-14.077778	   NA	12.9596	9.4497	25.6739	8.6113	11.1446	20.5825	21.8008	23.6256	17.1008	21.0623	16.9484	24.1125	18.3230	13.3500	15.6235	6.0383	13.6643	13.5678	6.97	3.12	20.1867	2.66	1.09	15.1853	5.98	2.44
14.085417	6	-13.952778	   NA	13.2533	9.6744	26.2342	8.8102	11.3801	21.0559	22.2930	24.1589	17.4810	21.5622	17.3414	24.6042	18.6730	13.6635	15.9580	6.1869	13.9393	13.8704	7.12	3.18	20.6487	2.72	1.11	15.5042	6.09	2.49
14.210417	6.125	-13.827778	   NA	13.5469	9.8996	26.7902	9.0092	11.6155	21.5311	22.7848	24.6922	17.8637	22.0612	17.7345	25.0943	19.0229	13.9770	16.2927	6.3356	14.2142	14.1723	7.26	3.25	21.1113	2.78	1.14	15.8228	6.20	2.53
14.335417	6.25	-13.702778	   NA	13.8363	10.1257	27.3301	9.2085	11.8478	22.0141	23.2729	25.2241	18.2574	22.5533	18.1342	25.5669	19.3712	14.2923	16.6286	6.4846	14.4885	14.4697	7.40	3.31	21.5760	2.84	1.16	16.1387	6.31	2.57
14.460417	6.375	-13.577778	   NA	14.1235	10.3525	27.8563	9.4084	12.0794	22.4959	23.7587	25.7541	18.6634	23.0418	18.5354	26.0399	19.7160	14.6086	16.9639	6.6338	14.7599	14.7640	7.54	3.37	22.0416	2.89	1.18	16.4537	6.41	2.62
14.585417	6.5	-13.452778	   NA	14.4120	10.5805	28.3816	9.6093	12.3122	22.9780	24.2436	26.2796	19.0753	23.5305	18.9383	26.5137	20.0561	14.9251	17.3002	6.7825	15.0278	15.0591	7.67	3.43	22.5075	2.93	1.20	16.7676	6.51	2.66
14.710417	6.625	-13.327778	   NA	14.7002	10.8110	28.9065	9.8114	12.5453	23.4593	24.7275	26.8011	19.4852	24.0191	19.3435	26.9870	20.3918	15.2441	17.6374	6.9314	15.2947	15.3549	7.80	3.49	22.9726	2.98	1.22	17.0811	6.62	2.70
14.835417	6.75	-13.202778	   NA	14.9883	11.0444	29.4316	10.0137	12.7791	23.9349	25.2124	27.3260	19.8824	24.5018	19.7480	27.4556	20.7257	15.5644	17.9758	7.0821	15.5607	15.6514	7.93	3.55	23.4343	3.03	1.24	17.3941	6.72	2.74
14.960417	6.875	-13.077778	   NA	15.2800	11.2807	29.9588	10.2163	13.0141	24.4102	25.7050	27.8566	20.2772	24.9821	20.1506	27.9192	21.0600	15.8831	18.3144	7.2354	15.8262	15.9500	8.06	3.61	23.8970	3.08	1.26	17.7064	6.82	2.78
15.085417	7	-12.952778	   NA	15.5746	11.5191	30.4925	10.4201	13.2519	24.8845	26.2053	28.3889	20.6663	25.4699	20.5541	28.3817	21.3941	16.2012	18.6545	7.3900	16.0902	16.2516	8.20	3.67	24.3615	3.14	1.28	18.0186	6.92	2.82
15.210417	7.125	-12.827778	   NA	15.8719	11.7604	31.0275	10.6244	13.4933	25.3608	26.7083	28.9203	21.0600	25.9625	20.9585	28.8415	21.7265	16.5208	18.9927	7.5456	16.3514	16.5555	8.33	3.72	24.8284	3.19	1.30	18.3298	7.01	2.86
15.335417	7.25	-12.702778	   NA	16.1693	12.0038	31.5589	10.8293	13.7348	25.8367	27.2112	29.4506	21.4530	26.4555	21.3630	29.2985	22.0579	16.8412	19.3286	7.7036	16.6114	16.8592	8.46	3.78	25.2950	3.25	1.33	18.6402	7.11	2.90
15.460417	7.375	-12.577778	   NA	16.4627	12.2476	32.0907	11.0346	13.9740	26.3133	27.7144	29.9804	21.8452	26.9479	21.7667	29.7538	22.3885	17.1610	19.6654	7.8618	16.8720	17.1619	8.59	3.84	25.7613	3.31	1.35	18.9504	7.20	2.94
15.585417	7.5	-12.452778	   NA	16.7559	12.4932	32.6217	11.2411	14.2130	26.7919	28.2190	30.5104	22.2371	27.4401	22.1723	30.2129	22.7177	17.4799	20.0038	8.0181	17.1337	17.4650	8.72	3.90	26.2285	3.36	1.37	19.2610	7.30	2.98
15.710417	7.625	-12.327778	   NA	17.0517	12.7410	33.1497	11.4488	14.4537	27.2716	28.7250	31.0404	22.6292	27.9340	22.5795	30.6736	23.0450	17.8001	20.3437	8.1749	17.3968	17.7690	8.85	3.96	26.6966	3.42	1.39	19.5724	7.40	3.02
15.835417	7.75	-12.202778	   NA	17.3468	12.9918	33.6758	11.6566	14.6954	27.7476	29.2314	31.5703	23.0218	28.4292	22.9856	31.1311	23.3721	18.1205	20.6836	8.3320	17.6601	18.0733	8.98	4.01	27.1643	3.47	1.42	19.8832	7.49	3.06
15.960417	7.875	-12.077778	   NA	17.6524	13.2477	34.2023	11.8662	14.9438	28.2245	29.7475	32.1087	23.4186	28.9346	23.4006	31.5898	23.7029	18.4428	21.0264	8.4895	17.9260	18.3825	9.10	4.07	27.6391	3.53	1.44	20.1962	7.59	3.10
16.085417	8	-11.952778	   NA	17.9587	13.5056	34.7303	12.0765	15.1930	28.7058	30.2638	32.6517	23.8187	29.4427	23.8171	32.0671	24.0374	18.7668	21.3812	8.6477	18.1948	18.6928	9.23	4.13	28.1166	3.58	1.46	20.5158	7.69	3.14
16.210417	8.125	-11.827778	   NA	18.2726	13.7658	35.2570	12.2893	15.4479	29.1874	30.7819	33.1992	24.2053	29.9578	24.2374	32.5504	24.3738	19.0968	21.7343	8.8084	18.4658	19.0065	9.35	4.18	28.5948	3.65	1.49	20.8382	7.80	3.18
16.335417	8.25	-11.702778	   NA	18.5799	14.0270	35.7793	12.5022	15.7029	29.6695	31.2875	33.7416	24.5799	30.4691	24.6520	33.0227	24.7095	19.4270	22.0756	8.9706	18.7366	19.3183	9.47	4.24	29.0666	3.71	1.51	21.1570	7.89	3.22
16.460417	8.375	-11.577778	   NA	18.8868	14.2895	36.2970	12.7154	15.9581	30.1507	31.7905	34.2779	24.9578	30.9771	25.0632	33.4926	25.0405	19.7499	22.4134	9.1323	19.0048	19.6294	9.59	4.29	29.5362	3.77	1.54	21.4722	7.99	3.26
16.585417	8.5	-11.452778	   NA	19.1938	14.5558	36.8123	12.9309	16.2137	30.6308	32.2930	34.8118	25.3373	31.4852	25.4725	33.9621	25.3697	20.0733	22.7495	9.2943	19.2726	19.9413	9.71	4.34	30.0051	3.83	1.56	21.7869	8.09	3.30
16.710417	8.625	-11.327778	   NA	19.4985	14.8261	37.3284	13.1475	16.4709	31.1080	32.7915	35.3446	25.7152	31.9939	25.8820	34.4318	25.6987	20.4018	23.0845	9.4571	19.5399	20.2543	9.83	4.40	30.4725	3.89	1.59	22.1023	8.19	3.34
16.835417	8.75	-11.202778	   NA	19.8043	15.0993	37.8461	13.3622	16.7296	31.5826	33.2893	35.8767	26.0936	32.5009	26.2914	34.9024	26.0266	20.7298	23.4204	9.6192	19.8074	20.5683	9.95	4.45	30.9391	3.95	1.61	22.4176	8.29	3.38
16.960417	8.875	-11.077778	   NA	20.1125	15.3764	38.3662	13.5770	16.9908	32.0591	33.7892	36.4087	26.4739	33.0083	26.7020	35.3730	26.3522	21.0550	23.7586	9.7809	20.0741	20.8846	10.06	4.50	31.4069	4.00	1.63	22.7323	8.39	3.42
17.085417	9	-10.952778	   NA	20.4210	15.6588	38.8875	13.7946	17.2557	32.5380	34.2921	36.9420	26.8565	33.5188	27.1154	35.8439	26.6778	21.3815	24.0981	9.9439	20.3396	21.2035	10.18	4.55	31.8771	4.06	1.66	23.0475	8.48	3.46
17.210417	9.125	-10.827778	   NA	20.7289	15.9447	39.4060	14.0130	17.5222	33.0161	34.7965	37.4768	27.2409	34.0312	27.5300	36.3174	27.0045	21.7107	24.4361	10.1076	20.6047	21.5230	10.30	4.60	32.3486	4.12	1.68	23.3635	8.58	3.50
17.335417	9.25	-10.702778	   NA	21.0347	16.2316	39.9205	14.2320	17.7887	33.4935	35.2971	38.0118	27.6247	34.5440	27.9429	36.7915	27.3303	22.0416	24.7705	10.2720	20.8687	21.8415	10.41	4.65	32.8190	4.18	1.71	23.6791	8.68	3.54
17.460417	9.375	-10.577778	   NA	21.3373	16.5195	40.4328	14.4519	18.0551	33.9706	35.7957	38.5465	28.0067	35.0562	28.3552	37.2631	27.6553	22.3733	25.1015	10.4378	21.1311	22.1593	10.52	4.70	33.2885	4.24	1.73	23.9937	8.78	3.58
17.585417	9.5	-10.452778	   NA	21.6381	16.8089	40.9434	14.6716	18.3219	34.4424	36.2928	39.0799	28.3864	35.5672	28.7686	37.7315	27.9805	22.7034	25.4301	10.6053	21.3926	22.4768	10.63	4.75	33.7562	4.30	1.75	24.3072	8.87	3.62
17.710417	9.625	-10.327778	   NA	21.9388	17.1031	41.4575	14.8917	18.5909	34.9117	36.7874	39.6111	28.7715	36.0771	29.1810	38.1977	28.3058	23.0338	25.7578	10.7737	21.6576	22.7964	10.74	4.80	34.2233	4.35	1.78	24.6211	8.97	3.66
17.835417	9.75	-10.202778	   NA	22.2586	17.4065	41.9832	15.1160	18.8640	35.3899	37.2899	40.1516	29.1768	36.5946	29.5946	38.6680	28.6339	23.3710	26.0901	10.9451	21.9263	23.1257	10.86	4.85	34.6996	4.41	1.80	24.9391	9.06	3.70
17.960417	9.875	-10.077778	   NA	22.5826	17.7139	42.5088	15.3419	19.1375	35.8681	37.7923	40.6984	29.6017	37.1143	30.0085	39.1384	28.9654	23.7123	26.4223	11.1185	22.1958	23.4569	10.97	4.91	35.1806	4.46	1.82	25.2588	9.16	3.74
18.085417	10	-9.952778	   NA	22.9003	18.0221	43.0436	15.5674	19.4131	36.3515	38.2996	41.2449	30.0256	37.6299	30.4224	39.6098	29.2984	24.0527	26.7599	11.2920	22.4692	23.7893	11.09	4.96	35.6623	4.51	1.84	25.5803	9.25	3.78
18.210417	10.125	-9.827778	   NA	23.2106	18.3280	43.5700	15.7909	19.6912	36.8282	38.8085	41.7825	30.4527	38.1394	30.8357	40.0804	29.6253	24.3861	27.0972	11.4635	22.7374	24.1181	11.20	5.01	36.1412	4.56	1.86	25.8983	9.35	3.82
18.335417	10.25	-9.702778	   NA	23.5166	18.6347	44.0871	16.0144	19.9704	37.2975	39.3147	42.3180	30.8795	38.6482	31.2478	40.5487	29.9487	24.7228	27.4305	11.6359	23.0031	24.4446	11.31	5.06	36.6176	4.61	1.88	26.2150	9.44	3.86
18.460417	10.375	-9.577778	   NA	23.8184	18.9437	44.5960	16.2389	20.2499	37.7608	39.8170	42.8512	31.3041	39.1555	31.6587	41.0135	30.2706	25.0659	27.7595	11.8094	23.2672	24.7694	11.41	5.10	37.0912	4.65	1.90	26.5310	9.54	3.89
18.585417	10.5	-9.452778	   NA	24.1164	19.2541	45.1012	16.4638	20.5295	38.2211	40.3151	43.3812	31.7259	39.6598	32.0669	41.4745	30.5906	25.4107	28.0845	11.9836	23.5299	25.0930	11.52	5.15	37.5617	4.70	1.92	26.8456	9.63	3.93
18.710417	10.625	-9.327778	   NA	24.4135	19.5669	45.6077	16.6887	20.8090	38.6810	40.8099	43.9102	32.1493	40.1628	32.4722	41.9350	30.9081	25.7580	28.4127	12.1582	23.7926	25.4172	11.62	5.20	38.0309	4.75	1.94	27.1608	9.72	3.97
18.835417	10.75	-9.202778	   NA	24.7154	19.8824	46.1241	16.9146	21.0902	39.1441	41.3062	44.4411	32.5801	40.6684	32.8774	42.4008	31.2271	26.1073	28.7417	12.3345	24.0547	25.7453	11.73	5.25	38.5029	4.79	1.96	27.4777	9.81	4.01
18.960417	10.875	-9.077778	   NA	25.0246	20.2000	46.6461	17.1437	21.3738	39.6130	41.8064	44.9758	33.0173	41.1781	33.2851	42.8716	31.5492	26.4599	29.0763	12.5138	24.3174	26.0776	11.84	5.29	38.9793	4.84	1.98	27.7980	9.90	4.04
19.085417	11	-8.952778	   NA	25.3381	20.5209	47.1671	17.3754	21.6578	40.0828	42.3092	45.5143	33.4548	41.6897	33.6952	43.3430	31.8730	26.8165	29.4126	12.6967	24.5829	26.4119	11.95	5.34	39.4577	4.89	2.00	28.1208	10.00	4.08
19.210417	11.125	-8.827778	   NA	25.6531	20.8431	47.6870	17.6102	21.9433	40.5550	42.8129	46.0550	33.8922	42.2012	34.1060	43.8139	32.1966	27.1750	29.7475	12.8814	24.8483	26.7473	12.05	5.39	39.9370	4.93	2.01	28.4438	10.09	4.12
19.335417	11.25	-8.702778	   NA	25.9656	21.1646	48.1997	17.8475	22.2307	41.0240	43.3149	46.5956	34.3276	42.7116	34.5172	44.2827	32.5202	27.5327	30.0774	13.0691	25.1110	27.0816	12.16	5.44	40.4151	4.98	2.03	28.7655	10.18	4.15
19.460417	11.375	-8.577778	   NA	26.2723	21.4871	48.7051	18.0843	22.5176	41.4869	43.8123	47.1342	34.7555	43.2185	34.9274	44.7470	32.8439	27.8890	30.4014	13.2580	25.3733	27.4133	12.26	5.48	40.8891	5.03	2.05	29.0854	10.27	4.19
19.585417	11.5	-8.452778	   NA	26.5764	21.8113	49.2111	18.3200	22.8037	41.9453	44.3046	47.6699	35.1794	43.7215	35.3364	45.2089	33.1672	28.2470	30.7228	13.4466	25.6335	27.7445	12.36	5.53	41.3595	5.08	2.07	29.4043	10.35	4.23
19.710417	11.625	-8.327778	   NA	26.8816	22.1364	49.7205	18.5556	23.0911	42.4019	44.7949	48.2044	35.6057	44.2225	35.7439	45.6724	33.4915	28.6078	31.0446	13.6356	25.8942	28.0770	12.46	5.57	41.8289	5.12	2.09	29.7244	10.44	4.26
19.835417	11.75	-8.202778	   NA	27.1912	22.4637	50.2393	18.7914	23.3808	42.8633	45.2866	48.7404	36.0352	44.7234	36.1509	46.1387	33.8181	28.9743	31.3706	13.8263	26.1588	28.4133	12.56	5.62	42.3000	5.17	2.11	30.0478	10.53	4.30
19.960417	11.875	-8.077778	   NA	27.5065	22.7934	50.7661	19.0281	23.6723	43.3310	45.7805	49.2795	36.4673	45.2246	36.5603	46.6076	34.1463	29.3465	31.7021	14.0174	26.4252	28.7533	12.67	5.67	42.7739	5.22	2.13	30.3742	10.62	4.33
20.085417	12	-7.952778	   NA	27.8259	23.1256	51.2930	19.2650	23.9654	43.8002	46.2755	49.8211	36.9019	45.7251	36.9717	47.0777	34.4756	29.7193	32.0354	14.2093	26.6911	29.0950	12.78	5.71	43.2492	5.26	2.15	30.7014	10.71	4.37
20.210417	12.125	-7.827778	   NA	28.1457	23.4591	51.8146	19.5025	24.2604	44.2704	46.7694	50.3630	37.3373	46.2238	37.3824	47.5466	34.8054	30.0908	32.3667	14.4030	26.9570	29.4365	12.88	5.76	43.7244	5.31	2.17	31.0282	10.80	4.41
20.335417	12.25	-7.702778	   NA	28.4633	23.7925	52.3288	19.7413	24.5575	44.7395	47.2627	50.9045	37.7711	46.7216	37.7921	48.0150	35.1347	30.4650	32.6937	14.5999	27.2212	29.7767	12.98	5.81	44.1986	5.35	2.19	31.3549	10.88	4.44
20.460417	12.375	-7.577778	   NA	28.7785	24.1259	52.8398	19.9812	24.8546	45.2009	47.7535	51.4454	38.2021	47.2190	38.2018	48.4793	35.4643	30.8402	33.0177	14.8006	27.4867	30.1160	13.08	5.85	44.6705	5.40	2.21	31.6815	10.97	4.48
20.585417	12.5	-7.452778	   NA	29.0903	24.4581	53.3461	20.2221	25.1506	45.6552	48.2395	51.9831	38.6246	47.7141	38.6103	48.9372	35.7935	31.2176	33.3390	15.0015	27.7565	30.4534	13.18	5.89	45.1378	5.45	2.22	32.0076	11.05	4.51
20.710417	12.625	-7.327778	   NA	29.4002	24.7909	53.8523	20.4625	25.4465	46.1094	48.7225	52.5173	39.0429	48.2060	39.0173	49.3930	36.1206	31.5945	33.6591	15.2006	28.0316	30.7905	13.28	5.94	45.6026	5.50	2.24	32.3332	11.13	4.55
20.835417	12.75	-7.202778	   NA	29.7123	25.1278	54.3655	20.7046	25.7446	46.5638	49.2069	53.0516	39.4663	48.6959	39.4240	49.8527	36.4466	31.9761	33.9830	15.4006	28.3088	31.1310	13.38	5.98	46.0681	5.54	2.26	32.6613	11.22	4.58
20.960417	12.875	-7.077778	   NA	30.0296	25.4793	54.8876	20.9566	26.0604	47.0230	49.6954	53.5896	39.8962	49.1887	39.8376	50.3175	36.7771	32.3708	34.3113	15.6073	28.5864	31.4827	13.47	6.03	46.5384	5.59	2.28	32.9951	11.30	4.61
21.085417	13	-6.952778	   NA	30.3538	25.8518	55.4050	21.2206	26.3891	47.4940	50.1829	54.1322	40.3131	49.6859	40.2575	50.7813	37.1184	32.7917	34.6361	15.8267	28.8679	31.8441	13.56	6.07	47.0109	5.63	2.30	33.3370	11.38	4.64
21.210417	13.125	-6.827778	   NA	30.6809	26.2243	55.9221	21.4847	26.7179	47.9669	50.6689	54.6748	40.7288	50.1832	40.6774	51.2442	37.4596	33.2126	34.9599	16.0461	29.1494	32.2060	13.65	6.11	47.4833	5.68	2.32	33.6786	11.46	4.68
21.335417	13.25	-6.702778	   NA	31.0079	26.5967	56.4391	21.7487	27.0467	48.4399	51.1549	55.2174	41.1445	50.6804	41.0972	51.7070	37.8009	33.6335	35.2837	16.2655	29.4309	32.5678	13.74	6.15	47.9557	5.73	2.34	34.0202	11.53	4.71
21.460417	13.375	-6.577778	   NA	31.3350	26.9692	56.9562	22.0127	27.3754	48.9128	51.6409	55.7600	41.5602	51.1777	41.5171	52.1699	38.1421	34.0544	35.6075	16.4849	29.7124	32.9297	13.83	6.19	48.4281	5.78	2.36	34.3619	11.61	4.74
21.585417	13.5	-6.452778	   NA	31.6621	27.3416	57.4733	22.2767	27.7042	49.3857	52.1269	56.3026	41.9758	51.6749	41.9370	52.6327	38.4834	34.4753	35.9312	16.7043	29.9940	33.2916	13.92	6.23	48.9005	5.82	2.38	34.7035	11.69	4.77
21.710417	13.625	-6.327778	   NA	31.9891	27.7141	57.9904	22.5407	28.0330	49.8587	52.6128	56.8452	42.3915	52.1722	42.3569	53.0956	38.8247	34.8962	36.2550	16.9237	30.2755	33.6535	14.01	6.27	49.3729	5.87	2.40	35.0451	11.77	4.81
21.835417	13.75	-6.202778	   NA	32.3162	28.0866	58.5074	22.8047	28.3617	50.3316	53.0988	57.3878	42.8072	52.6694	42.7768	53.5584	39.1659	35.3171	36.5788	17.1431	30.5570	34.0153	14.10	6.31	49.8453	5.92	2.42	35.3867	11.85	4.84
21.960417	13.875	-6.077778	   NA	32.6432	28.4590	59.0245	23.0687	28.6905	50.8045	53.5848	57.9304	43.2229	53.1666	43.1967	54.0213	39.5072	35.7380	36.9026	17.3625	30.8385	34.3772	14.19	6.35	50.3177	5.97	2.44	35.7283	11.93	4.87
22.085417	14	-5.952778	   NA	32.9703	28.8315	59.5416	23.3327	29.0192	51.2774	54.0708	58.4730	43.6385	53.6639	43.6166	54.4841	39.8484	36.1589	37.2264	17.5819	31.1200	34.7391	14.28	6.39	50.7900	6.01	2.46	36.0699	12.01	4.90
22.210417	14.125	-5.827778	   NA	33.2973	29.2040	60.0587	23.5968	29.3480	51.7504	54.5568	59.0156	44.0542	54.1611	44.0365	54.9470	40.1897	36.5798	37.5501	17.8013	31.4015	35.1010	14.37	6.43	51.2624	6.06	2.48	36.4116	12.09	4.93
22.335417	14.25	-5.702778	   NA	33.6244	29.5764	60.5757	23.8608	29.6768	52.2233	55.0428	59.5582	44.4699	54.6584	44.4564	55.4098	40.5309	37.0007	37.8739	18.0207	31.6830	35.4628	14.46	6.47	51.7348	6.11	2.49	36.7532	12.17	4.97
22.460417	14.375	-5.577778	   NA	33.9514	29.9489	61.0928	24.1248	30.0055	52.6962	55.5288	60.1008	44.8855	55.1556	44.8762	55.8727	40.8722	37.4216	38.1977	18.2401	31.9646	35.8247	14.55	6.51	52.2072	6.16	2.51	37.0948	12.25	5.00
22.585417	14.5	-5.452778	   NA	34.2785	30.3213	61.6099	24.3888	30.3343	53.1692	56.0148	60.6434	45.3012	55.6528	45.2961	56.3355	41.2134	37.8425	38.5215	18.4595	32.2461	36.1866	14.64	6.55	52.6796	6.21	2.53	37.4364	12.33	5.03
22.710417	14.625	-5.327778	   NA	34.6055	30.6938	62.1270	24.6528	30.6631	53.6421	56.5007	61.1860	45.7169	56.1501	45.7160	56.7983	41.5547	38.2634	38.8453	18.6789	32.5276	36.5484	14.73	6.59	53.1520	6.25	2.55	37.7780	12.41	5.07
22.835417	14.75	-5.202778	   NA	34.9326	31.0663	62.6440	24.9168	30.9918	54.1150	56.9867	61.7286	46.1326	56.6473	46.1359	57.2612	41.8959	38.6843	39.1690	18.8983	32.8091	36.9103	14.83	6.63	53.6243	6.30	2.57	38.1196	12.49	5.10
22.960417	14.875	-5.077778	   NA	35.2596	31.4387	63.1611	25.1808	31.3206	54.5880	57.4727	62.2712	46.5482	57.1446	46.5558	57.7240	42.2372	39.1052	39.4928	19.1177	33.0906	37.2722	14.92	6.67	54.0968	6.35	2.59	38.4612	12.57	5.13
23.085417	15	-4.952778	   NA	35.5867	31.8112	63.6782	25.4448	31.6494	55.0609	57.9587	62.8139	46.9639	57.6418	46.9757	58.1869	42.5784	39.5261	39.8166	19.3371	33.3721	37.6341	15.01	6.71	54.5692	6.40	2.61	38.8029	12.65	5.16
23.210417	15.125	-4.827778	   NA	35.9137	32.1837	64.1953	25.7089	31.9781	55.5338	58.4447	63.3565	47.3796	58.1391	47.3956	58.6497	42.9197	39.9470	40.1404	19.5565	33.6536	37.9959	15.10	6.75	55.0416	6.45	2.63	39.1445	12.73	5.20
23.335417	15.25	-4.702778	   NA	36.2408	32.5561	64.7123	25.9729	32.3069	56.0067	58.9307	63.8991	47.7953	58.6363	47.8155	59.1126	43.2609	40.3679	40.4642	19.7759	33.9352	38.3578	15.19	6.79	55.5139	6.49	2.65	39.4861	12.81	5.23
23.460417	15.375	-4.577778	   NA	36.5678	32.9286	65.2294	26.2369	32.6357	56.4797	59.4167	64.4417	48.2109	59.1335	48.2354	59.5754	43.6022	40.7888	40.7879	19.9953	34.2167	38.7197	15.28	6.83	55.9863	6.54	2.67	39.8277	12.89	5.26
23.585417	15.5	-4.452778	   NA	36.8949	33.3011	65.7465	26.5009	32.9644	56.9526	59.9027	64.9843	48.6266	59.6308	48.6552	60.0383	43.9434	41.2097	41.1117	20.2147	34.4982	39.0816	15.37	6.87	56.4587	6.59	2.69	40.1693	12.97	5.30
23.710417	15.625	-4.327778	   NA	37.2219	33.6735	66.2636	26.7649	33.2932	57.4255	60.3887	65.5269	49.0423	60.1280	49.0751	60.5011	44.2847	41.6306	41.4355	20.4341	34.7797	39.4434	15.46	6.91	56.9311	6.64	2.71	40.5110	13.05	5.33
23.835417	15.75	-4.202778	   NA	37.5490	34.0460	66.7806	27.0289	33.6220	57.8985	60.8746	66.0695	49.4580	60.6253	49.4950	60.9640	44.6259	42.0515	41.7593	20.6535	35.0612	39.8053	15.55	6.95	57.4035	6.69	2.73	40.8526	13.13	5.36
23.960417	15.875	-4.077778	   NA	37.8760	34.4184	67.2977	27.2929	33.9507	58.3714	61.3606	66.6121	49.8736	61.1225	49.9149	61.4268	44.9672	42.4724	42.0831	20.8729	35.3427	40.1671	15.64	7.00	57.8758	6.73	2.75	41.1942	13.22	5.40
24.085417	16	-3.952778	   NA	38.2031	34.7909	67.8148	27.5570	34.2795	58.8443	61.8466	67.1547	50.2893	61.6197	50.3348	61.8897	45.3084	42.8932	42.4068	21.0923	35.6242	40.5291	15.73	7.04	58.3482	6.78	2.77	41.5358	13.30	5.43
24.210417	16.125	-3.827778	   NA	38.5301	35.1634	68.3319	27.8210	34.6083	59.3173	62.3326	67.6973	50.7050	62.1170	50.7547	62.3525	45.6497	43.3141	42.7306	21.3117	35.9058	40.8909	15.82	7.08	58.8207	6.83	2.79	41.8774	13.38	5.46
24.335417	16.25	-3.702778	   NA	38.8572	35.5358	68.8489	28.0850	34.9370	59.7902	62.8186	68.2399	51.1207	62.6142	51.1746	62.8154	45.9909	43.7350	43.0544	21.5311	36.1873	41.2528	15.92	7.12	59.2930	6.88	2.81	42.2190	13.46	5.49
24.460417	16.375	-3.577778	   NA	39.1842	35.9083	69.3660	28.3490	35.2658	60.2631	63.3046	68.7825	51.5363	63.1115	51.5945	63.2782	46.3322	44.1559	43.3782	21.7505	36.4688	41.6147	16.01	7.16	59.7654	6.92	2.83	42.5606	13.54	5.53
24.585417	16.5	-3.452778	   NA	39.5113	36.2808	69.8831	28.6130	35.5946	60.7360	63.7906	69.3251	51.9520	63.6087	52.0143	63.7410	46.6734	44.5768	43.7020	21.9699	36.7503	41.9766	16.10	7.20	60.2378	6.97	2.85	42.9022	13.62	5.56
24.710417	16.625	-3.327778	   NA	39.8383	36.6532	70.4002	28.8770	35.9233	61.2090	64.2766	69.8677	52.3677	64.1060	52.4342	64.2039	47.0147	44.9977	44.0257	22.1893	37.0318	42.3384	16.19	7.24	60.7102	7.02	2.87	43.2439	13.70	5.59
24.835417	16.75	-3.202778	   NA	40.1654	37.0257	70.9172	29.1410	36.2521	61.6819	64.7626	70.4103	52.7834	64.6032	52.8541	64.6667	47.3559	45.4186	44.3495	22.4087	37.3133	42.7003	16.28	7.28	61.1826	7.07	2.89	43.5855	13.79	5.63
24.960417	16.875	-3.077778	   NA	40.4924	37.3981	71.4343	29.4050	36.5808	62.1548	65.2485	70.9529	53.1990	65.1004	53.2740	65.1296	47.6972	45.8395	44.6733	22.6281	37.5948	43.0621	16.37	7.32	61.6549	7.12	2.91	43.9271	13.87	5.66
25.085417	17	-2.952778	   NA	40.8195	37.7706	71.9514	29.6691	36.9096	62.6278	65.7345	71.4955	53.6147	65.5977	53.6939	65.5924	48.0385	46.2604	44.9971	22.8475	37.8764	43.4240	16.46	7.36	62.1273	7.16	2.92	44.2687	13.95	5.70
25.210417	17.125	-2.827778	   NA	41.1466	38.1431	72.4685	29.9331	37.2384	63.1007	66.2205	72.0381	54.0304	66.0949	54.1138	66.0553	48.3797	46.6813	45.3209	23.0669	38.1579	43.7859	16.55	7.40	62.5997	7.21	2.94	44.6103	14.03	5.73
25.335417	17.25	-2.702778	   NA	41.4736	38.5155	72.9855	30.1971	37.5671	63.5736	66.7065	72.5807	54.4461	66.5922	54.5337	66.5181	48.7210	47.1022	45.6447	23.2864	38.4394	44.1478	16.65	7.44	63.0721	7.26	2.96	44.9520	14.12	5.76
25.460417	17.375	-2.577778	   NA	41.8007	38.8880	73.5026	30.4611	37.8959	64.0466	67.1925	73.1233	54.8617	67.0894	54.9536	66.9810	49.0622	47.5231	45.9684	23.5058	38.7209	44.5097	16.74	7.49	63.5445	7.31	2.98	45.2936	14.20	5.80
25.585417	17.5	-2.452778	   NA	42.1277	39.2605	74.0197	30.7251	38.2247	64.5195	67.6785	73.6660	55.2774	67.5866	55.3735	67.4438	49.4035	47.9440	46.2922	23.7252	39.0024	44.8715	16.83	7.53	64.0169	7.36	3.00	45.6352	14.28	5.83
25.710417	17.625	-2.327778	   NA	42.4567	39.6480	74.5360	30.9998	38.5698	65.0018	68.1645	74.2100	55.6924	68.0877	55.8010	67.9013	49.7466	48.3778	46.6106	23.9485	39.2855	45.2421	16.92	7.56	64.4929	7.40	3.02	45.9784	14.36	5.86
25.835417	17.75	-2.202778	   NA	42.7879	40.0539	75.0454	31.2842	38.9214	65.4898	68.6441	74.7547	56.0947	68.5909	56.2317	68.3604	50.0964	48.8340	46.9350	24.1783	39.5730	45.6186	16.99	7.60	64.9677	7.45	3.04	46.3295	14.44	5.89
25.960417	17.875	-2.077778	   NA	43.1236	40.4641	75.5631	31.5707	39.2720	65.9868	69.1232	75.2995	56.5020	69.0939	56.6624	68.8242	50.4502	49.2969	47.2687	24.4067	39.8623	45.9987	17.08	7.64	65.4446	7.50	3.06	46.6848	14.52	5.93
26.085417	18	-1.952778	   NA	43.4629	40.8765	76.0833	31.8597	39.6218	66.4860	69.6027	75.8463	56.9072	69.5957	57.0932	69.2885	50.8078	49.7696	47.6062	24.6374	40.1542	46.3808	17.16	7.67	65.9218	7.55	3.08	47.0440	14.60	5.96
26.210417	18.125	-1.827778	   NA	43.8027	41.2872	76.6006	32.1496	39.9708	66.9862	70.0795	76.3925	57.3092	70.0952	57.5231	69.7501	51.1641	50.2492	47.9435	24.8702	40.4492	46.7622	17.24	7.71	66.3976	7.60	3.10	47.4044	14.68	5.99
26.335417	18.25	-1.702778	   NA	44.1387	41.6962	77.1091	32.4392	40.3191	67.4806	70.5507	76.9364	57.7038	70.5923	57.9512	70.2073	51.5171	50.7289	48.2760	25.1016	40.7438	47.1405	17.32	7.74	66.8692	7.65	3.12	47.7625	14.76	6.03
26.460417	18.375	-1.577778	   NA	44.4682	42.1057	77.6031	32.7281	40.6671	67.9638	71.0135	77.4761	58.0868	71.0841	58.3759	70.6566	51.8670	51.2047	48.5986	25.3290	41.0349	47.5144	17.39	7.78	67.3334	7.70	3.14	48.1151	14.84	6.06
26.585417	18.5	-1.452778	   NA	44.7942	42.5153	78.0956	33.0167	41.0153	68.4434	71.4725	78.0107	58.4676	71.5705	58.7973	71.1035	52.2148	51.6796	48.9196	25.5535	41.3228	47.8874	17.46	7.81	67.7937	7.75	3.17	48.4656	14.92	6.09
26.710417	18.625	-1.327778	   NA	45.1190	42.9265	78.5953	33.3062	41.3639	68.9212	71.9309	78.5426	58.8501	72.0545	59.2163	71.5528	52.5639	52.1540	49.2447	25.7801	41.6099	48.2622	17.53	7.84	68.2526	7.80	3.19	48.8176	15.00	6.12
26.835417	18.75	-1.202778	   NA	45.4470	43.3409	79.1020	33.5986	41.7125	69.4003	72.3887	79.0734	59.2340	72.5384	59.6344	72.0041	52.9143	52.6311	49.5748	26.0088	41.8948	48.6402	17.61	7.88	68.7115	7.85	3.21	49.1713	15.08	6.16
26.960417	18.875	-1.077778	   NA	45.7838	43.7571	79.6185	33.8956	42.0621	69.8880	72.8488	79.6057	59.6251	73.0245	60.0556	72.4604	53.2672	53.1150	49.9136	26.2381	42.1814	49.0234	17.69	7.91	69.1746	7.90	3.22	49.5293	15.16	6.19
27.085417	19	-0.952778	   NA	46.1257	44.1744	80.1369	34.1944	42.4127	70.3805	73.3092	80.1406	60.0178	73.5111	60.4796	72.9185	53.6234	53.6025	50.2573	26.4690	42.4741	49.4088	17.77	7.95	69.6398	7.95	3.24	49.8908	15.24	6.22
27.210417	19.125	-0.827778	   NA	46.4659	44.5912	80.6490	34.4921	42.7650	70.8742	73.7666	80.6750	60.4073	73.9940	60.9028	73.3733	53.9788	54.0960	50.5999	26.7040	42.7703	49.7926	17.84	7.98	70.1033	7.99	3.26	50.2537	15.32	6.26
27.335417	19.25	-0.702778	   NA	46.8020	45.0066	81.1511	34.7910	43.1198	71.3639	74.2203	81.2074	60.7899	74.4731	61.3246	73.8230	54.3320	54.5975	50.9380	26.9441	43.0658	50.1741	17.92	8.01	70.5632	8.04	3.28	50.6167	15.40	6.29
27.460417	19.375	-0.577778	   NA	47.1271	45.4213	81.6327	35.0907	43.4727	71.8338	74.6643	81.7338	61.1646	74.9461	61.7416	74.2669	54.6823	55.0956	51.2627	27.1852	43.3577	50.5489	17.98	8.04	71.0140	8.09	3.30	50.9751	15.47	6.32
27.585417	19.5	-0.452778	   NA	47.4430	45.8354	82.1115	35.3891	43.8236	72.2956	75.1004	82.2501	61.5390	75.4121	62.1524	74.7099	55.0263	55.5900	51.5841	27.4227	43.6445	50.9205	18.04	8.07	71.4583	8.14	3.32	51.3296	15.55	6.35
27.710417	19.625	-0.327778	   NA	47.7615	46.2503	82.6029	35.6881	44.1768	72.7623	75.5364	82.7614	61.9100	75.8759	62.5611	75.1514	55.3665	56.0920	51.9149	27.6573	43.9300	51.2959	18.11	8.10	71.9012	8.18	3.34	51.6854	15.63	6.38
27.835417	19.75	-0.202778	   NA	48.0837	46.6658	83.0952	35.9896	44.5316	73.2279	75.9731	83.2727	62.2794	76.3400	62.9692	75.5933	55.7083	56.5995	52.2482	27.8920	44.2178	51.6732	18.18	8.13	72.3437	8.23	3.36	52.0432	15.71	6.41
27.960417	19.875	-0.077778	   NA	48.4066	47.0814	83.5874	36.2921	44.8865	73.6936	76.4099	83.7840	62.6488	76.8043	63.3770	76.0352	56.0501	57.1070	52.5817	28.1266	44.5055	52.0508	18.25	8.16	72.7863	8.27	3.38	52.4010	15.78	6.44
28.038194	19.952778	0	   NA	0.0000	0.0000	0.0000	0.0000	0.0000	0.0000	0.0000	0.0000	0.0000	0.0000	0.0000	0.0000	0.0000	0.0000	0.0000	0.0000	0.0000	0.0000	0.00	0.00	0.0000	0.00	0.00	0.0000	0.00	0.00
28.163194	20.077778	0.125	   NA	0.6705	0.3961	1.0058	0.2065	0.3179	0.9567	0.8433	0.8836	0.7911	0.7774	0.7726	0.5513	0.4696	0.5086	0.3909	0.5389	0.5348	0.5194	0.32	0.14	0.8374	0.07	0.03	0.4990	0.06	0.02
28.288194	20.202778	0.25	   NA	1.4158	0.7923	2.1997	0.4055	0.6357	2.0778	1.7872	1.7673	1.7374	1.5926	1.5983	1.1026	0.9391	1.0172	0.7935	1.0778	1.0697	1.0898	0.72	0.32	1.7601	0.18	0.07	1.0000	0.12	0.05
28.413194	20.327778	0.375	   NA	2.3524	1.1833	3.3992	0.5096	0.9535	3.3400	2.9511	2.9932	2.7204	2.7267	2.6782	1.6539	1.5601	1.5707	1.2129	1.9103	1.8330	1.6796	1.18	0.53	2.9016	0.25	0.10	1.6235	0.25	0.10
28.538194	20.452778	0.5	   NA	3.2976	1.6525	4.5876	0.6231	1.2714	4.5828	4.1152	4.2908	3.7019	3.8628	3.7702	2.2051	2.3325	2.2563	1.6966	2.8997	2.7509	2.2864	1.62	0.73	4.0540	0.34	0.14	2.3569	0.43	0.18
28.663194	20.577778	0.625	   NA	4.3317	2.2303	5.8820	0.7366	1.5817	5.8298	5.2483	5.6975	4.7881	5.0164	4.9164	2.7564	3.0891	2.9536	2.2871	3.9775	3.5740	2.9525	2.11	0.94	5.2494	0.43	0.17	3.1063	0.60	0.24
28.788194	20.702778	0.75	   NA	5.3386	2.7992	7.1097	0.8501	1.8630	6.9266	6.2058	6.9943	5.8013	6.1457	5.9703	3.3077	3.6235	3.6508	2.8767	4.9678	4.3685	3.5921	2.58	1.15	6.3407	0.50	0.20	3.7992	0.75	0.31
28.913194	20.827778	0.875	   NA	6.2214	3.2478	8.2667	0.9636	2.1437	7.8729	7.1634	7.9737	6.7257	7.0688	6.8278	3.8590	4.0964	4.1832	3.4158	5.7618	5.1629	4.1686	3.01	1.35	7.2721	0.53	0.22	4.4132	0.88	0.36
29.038194	20.952778	1	   NA	7.0170	3.6783	9.2240	1.0771	2.4272	8.6640	7.9697	8.9069	7.4440	7.9196	7.6151	4.4417	4.5693	4.6876	3.8681	6.5181	5.9559	4.6847	3.36	1.50	8.0865	0.58	0.24	5.0068	1.01	0.41
29.163194	21.077778	1.125	   NA	7.6714	4.0320	10.0524	1.1906	2.7178	9.3485	8.6036	9.6518	8.0505	8.5874	8.2627	4.9983	4.8991	5.0965	4.2376	7.1298	6.4836	5.1328	3.65	1.63	8.7508	0.62	0.25	5.4742	1.09	0.45
29.288194	21.202778	1.25	   NA	8.2510	4.3544	10.8141	1.3041	3.0100	9.9880	9.1971	10.3477	8.6121	9.2124	8.8615	5.4908	5.2120	5.4780	4.5609	7.6854	6.9637	5.5467	3.90	1.75	9.3698	0.67	0.27	5.8985	1.18	0.48
29.413194	21.327778	1.375	   NA	8.7875	4.6577	11.5365	1.4176	3.2915	10.6016	9.7636	11.0163	9.1475	9.8260	9.4302	5.9524	5.5129	5.8395	4.8535	8.2069	7.4158	5.9382	4.14	1.85	9.9642	0.71	0.29	6.2968	1.26	0.51
29.538194	21.452778	1.5	   NA	9.3004	4.9508	12.2376	1.5312	3.5575	11.2017	10.3132	11.6679	9.6678	10.4111	9.9791	6.3986	5.7950	6.1893	5.1261	8.7015	7.8532	6.3155	4.37	1.95	10.5401	0.76	0.31	6.6773	1.34	0.55
29.663194	21.577778	1.625	   NA	9.7991	5.2378	12.9258	1.6447	3.8090	11.7946	10.8519	12.3082	10.1772	10.9886	10.5151	6.8393	6.0658	6.5353	5.3866	9.1810	8.2785	6.6833	4.59	2.05	11.1059	0.80	0.33	7.0478	1.42	0.58
29.788194	21.702778	1.75	   NA	10.2932	5.5225	13.6050	1.7582	4.0488	12.3852	11.3908	12.9418	10.6788	11.5629	11.0483	7.2836	6.3322	6.8790	5.6458	9.6547	8.6910	7.0455	4.82	2.15	11.6680	0.85	0.35	7.4144	1.50	0.61
29.913194	21.827778	1.875	   NA	10.7893	5.8095	14.2824	1.8717	4.2831	13.0044	11.9347	13.5807	11.1757	12.1411	11.5855	7.7307	6.6011	7.2288	5.9058	10.1281	9.1111	7.4072	5.04	2.25	12.2370	0.90	0.37	7.7843	1.58	0.65
30.038194	21.952778	2	   NA	11.2861	6.0982	14.9586	1.9852	4.5111	13.6390	12.4847	14.2219	11.6706	12.7227	12.1208	8.1803	6.8736	7.5826	6.1630	10.6001	9.5326	7.7678	5.27	2.35	12.8099	0.96	0.39	8.1554	1.66	0.68
30.163194	22.077778	2.125	   NA	11.7745	6.3884	15.6307	2.0987	4.7318	14.2503	13.0251	14.8604	12.1610	13.3019	12.6480	8.6133	7.1541	7.9435	6.4123	11.0709	9.9553	8.1248	5.49	2.45	13.3744	1.01	0.41	8.5249	1.74	0.71
30.288194	22.202778	2.25	   NA	12.2648	6.6817	16.3019	2.2233	4.9480	14.8626	13.5634	15.4984	12.6522	13.8808	13.1760	9.0428	7.4403	8.3146	6.6639	11.5445	10.3826	8.4839	5.71	2.55	13.9389	1.06	0.43	8.8981	1.83	0.75
30.413194	22.327778	2.375	   NA	12.7604	6.9791	16.9747	2.3513	5.1601	15.4726	14.1011	16.1394	13.1452	14.4605	13.7074	9.4746	7.7290	8.6933	6.9193	12.0245	10.8206	8.8451	5.93	2.65	14.5044	1.12	0.46	9.2769	1.91	0.78
30.538194	22.452778	2.5	   NA	13.2613	7.2807	17.6464	2.4779	5.3694	16.0761	14.6376	16.7817	13.6376	15.0416	14.2416	9.9112	8.0177	9.0768	7.1773	12.5095	11.2672	9.2071	6.15	2.75	15.0694	1.17	0.48	9.6600	2.00	0.82
30.663194	22.577778	2.625	   NA	13.7643	7.5869	18.3185	2.6038	5.5771	16.6728	15.1729	17.4239	14.1310	15.6208	14.7764	10.3504	8.3074	9.4683	7.4389	12.9932	11.7184	9.5701	6.37	2.85	15.6330	1.22	0.50	10.0461	2.08	0.85
30.788194	22.702778	2.75	   NA	14.2682	7.8983	18.9919	2.7298	5.7828	17.2675	15.7067	18.0652	14.6273	16.1953	15.3102	10.8130	8.6010	9.8667	7.7056	13.4796	12.1694	9.9342	6.60	2.95	16.1954	1.27	0.52	10.4392	2.17	0.89
30.913194	22.827778	2.875	   NA	14.7840	8.2156	19.6706	2.8571	5.9876	17.8870	16.2498	18.7101	15.1288	16.7737	15.8487	11.2756	8.8986	10.2675	7.9829	13.9707	12.6189	10.3030	6.82	3.05	16.7663	1.33	0.54	10.8357	2.25	0.92
31.038194	22.952778	3	   NA	15.3036	8.5368	20.3503	2.9852	6.1915	18.5060	16.7904	19.3564	15.6307	17.3546	16.3882	11.7474	9.1970	10.6680	8.2639	14.4630	13.0681	10.6735	7.05	3.15	17.3377	1.38	0.56	11.2346	2.34	0.95
31.163194	23.077778	3.125	   NA	15.8147	8.8589	21.0363	3.1132	6.3919	19.0894	17.3147	19.9944	16.1356	17.9284	16.9208	12.2110	9.4958	11.0688	8.5375	14.9527	13.5151	11.0430	7.28	3.26	17.8972	1.43	0.58	11.6302	2.42	0.99
31.288194	23.202778	3.25	   NA	16.3199	9.1804	21.7166	3.2410	6.5887	19.6578	17.8294	20.6206	16.6346	18.4938	17.4452	12.6726	9.7901	11.4700	8.8092	15.4313	13.9554	11.4093	7.50	3.36	18.4469	1.47	0.60	12.0214	2.51	1.02
31.413194	23.327778	3.375	   NA	16.8189	9.5016	22.3869	3.3682	6.7831	20.2257	18.3360	21.2383	17.1248	19.0522	17.9617	13.1265	10.0783	11.8665	9.0782	15.9012	14.3862	11.7717	7.73	3.46	18.9898	1.52	0.62	12.4062	2.59	1.06
31.538194	23.452778	3.5	   NA	17.3113	9.8217	23.0505	3.4947	6.9759	20.7836	18.8359	21.8491	17.6100	19.6052	18.4718	13.5765	10.3623	12.2593	9.3452	16.3657	14.8111	12.1308	7.95	3.55	19.5259	1.56	0.64	12.7867	2.67	1.09
31.663194	23.577778	3.625	   NA	17.7994	10.1400	23.7086	3.6203	7.1667	21.3392	19.3305	22.4548	18.0924	20.1571	18.9766	14.0260	10.6483	12.6536	9.6093	16.8254	15.2391	12.4870	8.16	3.65	20.0584	1.61	0.66	13.1669	2.75	1.12
31.788194	23.702778	3.75	   NA	18.2799	10.4575	24.3593	3.7438	7.3544	21.8928	19.8108	23.0527	18.5695	20.7032	19.4688	14.4765	10.9317	13.0515	9.8735	17.2789	15.6651	12.8390	8.38	3.75	20.5830	1.66	0.68	13.5462	2.82	1.15
31.913194	23.827778	3.875	   NA	18.7589	10.7747	24.9967	3.8664	7.5414	22.4379	20.2884	23.6449	19.0409	21.2458	19.9562	14.9216	11.2099	13.4538	10.1361	17.7273	16.0790	13.1876	8.59	3.84	21.1024	1.70	0.70	13.9213	2.90	1.18
32.038194	23.952778	4	   NA	19.2379	11.0920	25.6340	3.9889	7.7283	22.9830	20.7661	24.2372	19.5124	21.7884	20.4436	15.3661	11.4881	13.8561	10.3988	18.1757	16.4929	13.5362	8.80	3.94	21.6218	1.75	0.71	14.2963	2.98	1.22
32.163194	24.077778	4.125	   NA	19.7168	11.4092	26.2713	4.1115	7.9152	23.5281	21.2438	24.8294	19.9839	22.3310	20.9310	15.8107	11.7662	14.2584	10.6614	18.6241	16.9069	13.8848	9.01	4.03	22.1412	1.79	0.73	14.6713	3.05	1.25
32.288194	24.202778	4.25	   NA	20.1958	11.7265	26.9087	4.2340	8.1021	24.0732	21.7215	25.4217	20.4554	22.8737	21.4184	16.2552	12.0444	14.6608	10.9241	19.0725	17.3208	14.2334	9.22	4.12	22.6606	1.84	0.75	15.0463	3.13	1.28
32.413194	24.327778	4.375	   NA	20.6747	12.0437	27.5460	4.3566	8.2890	24.6183	22.1992	26.0140	20.9269	23.4163	21.9059	16.6997	12.3226	15.0631	11.1867	19.5209	17.7347	14.5820	9.43	4.22	23.1801	1.89	0.77	15.4213	3.21	1.31
32.538194	24.452778	4.5	   NA	21.1537	12.3610	28.1833	4.4791	8.4759	25.1634	22.6768	26.6062	21.3934	23.9589	22.3933	17.1443	12.6008	15.4654	11.4494	19.9693	18.1487	14.9306	9.64	4.31	23.6987	1.94	0.79	15.7963	3.29	1.34
32.663194	24.577778	4.625	   NA	21.6327	12.6782	28.8207	4.6017	8.6628	25.7084	23.1545	27.1985	21.8590	24.5015	22.8807	17.5888	12.8790	15.8677	11.7120	20.4177	18.5626	15.2792	9.85	4.41	24.2171	1.98	0.81	16.1713	3.36	1.37
32.788194	24.702778	4.75	   NA	22.1116	12.9955	29.4580	4.7242	8.8497	26.2535	23.6322	27.7908	22.3245	25.0442	23.3681	18.0333	13.1571	16.2700	11.9747	20.8661	18.9765	15.6278	10.06	4.50	24.7355	2.03	0.83	16.5463	3.44	1.41
32.913194	24.827778	4.875	   NA	22.5906	13.3127	30.0953	4.8468	9.0367	26.7986	24.1099	28.3830	22.7900	25.5868	23.8555	18.4779	13.4353	16.6723	12.2373	21.3145	19.3905	15.9764	10.27	4.59	25.2540	2.08	0.85	16.9213	3.52	1.44
33.038194	24.952778	5	   NA	23.0695	13.6300	30.7327	4.9693	9.2236	27.3437	24.5876	28.9743	23.2556	26.1294	24.3429	18.9224	13.7134	17.0771	12.5000	21.7625	19.8031	16.3250	10.48	4.69	25.7722	2.13	0.87	17.2964	3.60	1.47
33.163194	25.077778	5.125	   NA	23.5442	13.9474	31.3547	5.0917	9.4087	27.8820	25.0577	29.5626	23.7179	26.6683	24.8243	19.3611	13.9885	17.4939	12.7625	22.2077	20.1992	16.6693	10.69	4.78	26.2855	2.18	0.89	17.6688	3.67	1.50
33.288194	25.202778	5.25	   NA	24.0136	14.2659	31.9699	5.2136	9.5911	28.4176	25.5215	30.1509	24.1782	27.1997	25.2967	19.7958	14.2613	17.9104	13.0246	22.6524	20.5931	17.0108	10.89	4.87	26.7941	2.23	0.91	18.0396	3.75	1.53
33.413194	25.327778	5.375	   NA	24.4800	14.5861	32.5835	5.3353	9.7723	28.9504	25.9830	30.7356	24.6373	27.7281	25.7672	20.2303	14.5354	18.3291	13.2873	23.0953	20.9865	17.3514	11.09	4.96	27.3003	2.28	0.93	18.4107	3.83	1.56
33.538194	25.452778	5.5	   NA	24.9452	14.9076	33.1967	5.4568	9.9536	29.4820	26.4418	31.3180	25.0941	28.2543	26.2369	20.6648	14.8130	18.7503	13.5530	23.5423	21.3802	17.6920	11.30	5.05	27.8045	2.32	0.95	18.7839	3.90	1.59
33.663194	25.577778	5.625	   NA	25.4088	15.2329	33.8074	5.5788	10.1343	30.0105	26.8988	31.8976	25.5500	28.7801	26.7042	21.1000	15.0892	19.1692	13.8208	23.9945	21.7692	18.0324	11.50	5.14	28.3069	2.37	0.97	19.1572	3.98	1.62
33.788194	25.702778	5.75	   NA	25.8705	15.5616	34.4138	5.7019	10.3133	30.5357	27.3538	32.4741	26.0063	29.3044	27.1681	21.5354	15.3632	19.5890	14.0876	24.4490	22.1525	18.3722	11.69	5.23	28.8071	2.42	0.99	19.5295	4.05	1.65
33.913194	25.827778	5.875	   NA	26.3321	15.8922	35.0178	5.8261	10.4912	31.0606	27.8076	33.0475	26.4636	29.8272	27.6302	21.9713	15.6367	20.0069	14.3541	24.9035	22.5357	18.7119	11.89	5.32	29.3061	2.47	1.01	19.9014	4.13	1.69
34.038194	25.952778	6	   NA	26.7954	16.2264	35.6256	5.9507	10.6702	31.5851	28.2618	33.6180	26.9215	30.3496	28.0914	22.4117	15.9075	20.4240	14.6217	25.3591	22.9192	19.0537	12.09	5.41	29.8046	2.52	1.03	20.2739	4.21	1.72
34.163194	26.077778	6.125	   NA	27.2607	16.5616	36.2332	6.0754	10.8510	32.1075	28.7149	34.1862	27.3764	30.8715	28.5519	22.8539	16.1837	20.8442	14.8898	25.8135	23.3016	19.3964	12.29	5.49	30.3014	2.56	1.05	20.6478	4.28	1.75
34.288194	26.202778	6.25	   NA	27.7256	16.8963	36.8324	6.2009	11.0314	32.6282	29.1651	34.7523	27.8283	31.3923	29.0111	23.2924	16.4660	21.2676	15.1576	26.2642	23.6830	19.7373	12.48	5.58	30.7962	2.61	1.06	21.0218	4.36	1.78
34.413194	26.327778	6.375	   NA	28.1903	17.2320	37.4256	6.3268	11.2104	33.1486	29.6141	35.3166	28.2786	31.9135	29.4678	23.7321	16.7482	21.6868	15.4250	26.7134	24.0633	20.0770	12.67	5.67	31.2899	2.66	1.08	21.3948	4.43	1.81
34.538194	26.452778	6.5	   NA	28.6554	17.5675	38.0191	6.4523	11.3885	33.6670	30.0615	35.8785	28.7276	32.4343	29.9222	24.1744	17.0291	22.1016	15.6923	27.1662	24.4423	20.4166	12.87	5.75	31.7818	2.70	1.10	21.7676	4.51	1.84
34.663194	26.577778	6.625	   NA	29.1172	17.9026	38.6109	6.5782	11.5658	34.1800	30.5061	36.4371	29.1747	32.9523	30.3749	24.6139	17.3090	22.5198	15.9586	27.6212	24.8210	20.7549	13.06	5.84	32.2708	2.75	1.12	22.1406	4.58	1.87
34.788194	26.702778	6.75	   NA	29.5745	18.2403	39.1999	6.7046	11.7450	34.6886	30.9474	36.9919	29.6187	33.4693	30.8271	25.0482	17.5893	22.9406	16.2254	28.0748	25.1994	21.0929	13.25	5.93	32.7572	2.79	1.14	22.5130	4.66	1.90
34.913194	26.827778	6.875	   NA	30.0311	18.5811	39.7886	6.8316	11.9267	35.1964	31.3872	37.5442	30.0624	33.9867	31.2793	25.4812	17.8703	23.3625	16.4932	28.5289	25.5778	21.4318	13.44	6.01	33.2427	2.84	1.16	22.8856	4.73	1.93
35.038194	26.952778	7	   NA	30.4923	18.9229	40.3772	6.9598	12.1103	35.7047	31.8271	38.0958	30.5072	34.5056	31.7287	25.9177	18.1509	23.7814	16.7623	28.9829	25.9580	21.7725	13.63	6.10	33.7282	2.88	1.18	23.2589	4.81	1.96
35.163194	27.077778	7.125	   NA	30.9564	19.2671	40.9643	7.0880	12.2910	36.2135	32.2678	38.6466	30.9536	35.0271	32.1771	26.3612	18.4329	24.2008	17.0306	29.4374	26.3376	22.1134	13.82	6.18	34.2143	2.93	1.20	23.6334	4.89	2.00
35.288194	27.202778	7.25	   NA	31.4212	19.6133	41.5467	7.2159	12.4707	36.7229	32.7078	39.1939	31.3996	35.5482	32.6247	26.8102	18.7162	24.6230	17.2978	29.8942	26.7127	22.4536	14.01	6.26	34.6995	2.97	1.21	24.0090	4.96	2.03
35.413194	27.327778	7.375	   NA	31.8841	19.9596	42.1225	7.3434	12.6500	37.2309	33.1457	39.7407	31.8421	36.0686	33.0708	27.2626	18.9985	25.0475	17.5636	30.3508	27.0864	22.7919	14.19	6.35	35.1831	3.02	1.23	24.3849	5.04	2.06
35.538194	27.452778	7.5	   NA	32.3450	20.3066	42.6927	7.4705	12.8285	37.7366	33.5799	40.2827	32.2797	36.5881	33.5166	27.7124	19.2787	25.4760	17.8282	30.8025	27.4615	23.1287	14.38	6.43	35.6639	3.06	1.25	24.7599	5.12	2.09
35.663194	27.577778	7.625	   NA	32.8017	20.6518	43.2620	7.5967	13.0059	38.2385	34.0116	40.8195	32.7144	37.1060	33.9604	28.1578	19.5567	25.9037	18.0915	31.2502	27.8349	23.4636	14.56	6.51	36.1417	3.11	1.27	25.1325	5.20	2.12
35.788194	27.702778	7.75	   NA	33.2561	20.9968	43.8337	7.7226	13.1838	38.7370	34.4421	41.3534	33.1501	37.6230	34.4016	28.6043	19.8337	26.3359	18.3544	31.6984	28.2074	23.7986	14.75	6.59	36.6179	3.15	1.29	25.5057	5.28	2.15
35.913194	27.827778	7.875	   NA	33.7121	21.3420	44.4066	7.8490	13.3615	39.2355	34.8725	41.8865	33.5893	38.1393	34.8427	29.0547	20.1093	26.7719	18.6185	32.1461	28.5835	24.1342	14.93	6.68	37.0943	3.19	1.30	25.8807	5.36	2.19
36.038194	27.952778	8	   NA	34.1712	21.6887	44.9803	7.9760	13.5376	39.7381	35.3038	42.4189	34.0310	38.6556	35.2828	29.5063	20.3828	27.2063	18.8855	32.5953	28.9616	24.4708	15.12	6.76	37.5717	3.23	1.32	26.2563	5.44	2.22
36.163194	28.077778	8.125	   NA	34.6327	22.0366	45.5537	8.1036	13.7130	40.2452	35.7350	42.9507	34.4712	39.1731	35.7216	29.9551	20.6573	27.6494	19.1538	33.0476	29.3390	24.8079	15.30	6.84	38.0495	3.28	1.34	26.6337	5.52	2.25
36.288194	28.202778	8.25	   NA	35.0933	22.3848	46.1231	8.2312	13.8891	40.7526	36.1663	43.4817	34.9087	39.6923	36.1625	30.4010	20.9370	28.0977	19.4221	33.4979	29.7162	25.1443	15.49	6.93	38.5273	3.32	1.36	27.0120	5.60	2.28
36.413194	28.327778	8.375	   NA	35.5511	22.7344	46.6859	8.3585	14.0659	41.2543	36.5953	44.0097	35.3409	40.2104	36.6015	30.8440	21.2218	28.5437	19.6890	33.9424	30.0917	25.4792	15.67	7.01	39.0020	3.36	1.37	27.3888	5.67	2.32
36.538194	28.452778	8.5	   NA	36.0037	23.0835	47.2412	8.4853	14.2423	41.7475	37.0193	44.5330	35.7674	40.7245	37.0366	31.2855	21.5075	28.9902	19.9524	34.3857	30.4637	25.8112	15.85	7.09	39.4714	3.41	1.39	27.7642	5.75	2.35
36.663194	28.577778	8.625	   NA	36.4520	23.4356	47.7913	8.6118	14.4172	42.2350	37.4400	45.0537	36.1919	41.2361	37.4703	31.7276	21.7906	29.4426	20.2140	34.8309	30.8326	26.1416	16.02	7.17	39.9378	3.45	1.41	28.1397	5.83	2.38
36.788194	28.702778	8.75	   NA	36.8989	23.7892	48.3444	8.7382	14.5904	42.7217	37.8598	45.5722	36.6188	41.7439	37.9033	32.1717	22.0715	29.8989	20.4771	35.2705	31.2005	26.4722	16.20	7.25	40.4033	3.49	1.43	28.5150	5.90	2.41
36.913194	28.827778	8.875	   NA	37.3502	24.1441	48.9050	8.8659	14.7660	43.2130	38.2803	46.0905	37.0503	42.2517	38.3382	32.6188	22.3553	30.3498	20.7449	35.7033	31.5694	26.8062	16.38	7.33	40.8707	3.53	1.44	28.8903	5.98	2.44
37.038194	28.952778	9	   NA	37.8036	24.4992	49.4661	8.9952	14.9438	43.7057	38.6987	46.6090	37.4822	42.7587	38.7731	33.0657	22.6412	30.7990	21.0158	36.1344	31.9389	27.1416	16.56	7.41	41.3379	3.57	1.46	29.2658	6.05	2.47
37.163194	29.077778	9.125	   NA	38.2557	24.8565	50.0212	9.1231	15.1222	44.1955	39.1148	47.1276	37.9122	43.2604	39.2046	33.5136	22.9312	31.2443	21.2860	36.5682	32.3091	27.4757	16.74	7.49	41.8025	3.61	1.48	29.6421	6.12	2.50
37.288194	29.202778	9.25	   NA	38.7026	25.2149	50.5695	9.2502	15.3002	44.6809	39.5313	47.6437	38.3387	43.7607	39.6361	33.9668	23.2236	31.6903	21.5534	37.0021	32.6788	27.8075	16.91	7.56	42.2652	3.66	1.49	30.0192	6.20	2.53
37.413194	29.327778	9.375	   NA	39.1443	25.5762	51.1106	9.3772	15.4767	45.1610	39.9431	48.1560	38.7589	44.2565	40.0640	34.4191	23.5109	32.1370	21.8170	37.4318	33.0465	28.1370	17.09	7.64	42.7233	3.70	1.51	30.3937	6.27	2.56
37.538194	29.452778	9.5	   NA	39.5834	25.9400	51.6472	9.5025	15.6505	45.6399	40.3497	48.6629	39.1756	44.7468	40.4885	34.8713	23.7913	32.5871	22.0796	37.8573	33.4113	28.4647	17.26	7.72	43.1772	3.74	1.53	30.7663	6.35	2.59
37.663194	29.577778	9.625	   NA	40.0227	26.3040	52.1838	9.6272	15.8230	46.1193	40.7558	49.1665	39.5924	45.2367	40.9139	35.3308	24.0692	33.0429	22.3430	38.2788	33.7721	28.7921	17.43	7.79	43.6308	3.78	1.54	31.1395	6.43	2.62
37.788194	29.702778	9.75	   NA	40.4658	26.6663	52.7242	9.7516	15.9967	46.5997	41.1620	49.6695	40.0124	45.7279	41.3390	35.7972	24.3462	33.5086	22.6081	38.6989	34.1309	29.1209	17.60	7.87	44.0851	3.82	1.56	31.5150	6.50	2.66
37.913194	29.827778	9.875	   NA	40.9087	27.0273	53.2704	9.8754	16.1703	47.0816	41.5706	50.1734	40.4376	46.2198	41.7617	36.2684	24.6270	33.9811	22.8767	39.1205	34.4933	29.4504	17.78	7.95	44.5408	3.86	1.57	31.8945	6.58	2.69
38.038194	29.952778	10	   NA	41.3525	27.3865	53.8166	10.0005	16.3432	47.5624	41.9829	50.6787	40.8655	46.7123	42.1849	36.7321	24.9151	34.4451	23.1479	39.5417	34.8608	29.7799	17.95	8.03	44.9978	3.90	1.59	32.2738	6.66	2.72
38.163194	30.077778	10.125	   NA	41.7988	27.7441	54.3597	10.1250	16.5153	48.0432	42.3949	51.1847	41.2937	47.2064	42.6083	37.1822	25.2050	34.9041	23.4195	39.9636	35.2317	30.1086	18.13	8.11	45.4552	3.93	1.61	32.6510	6.73	2.75
38.288194	30.202778	10.25	   NA	42.2448	28.1032	54.9004	10.2485	16.6876	48.5259	42.8052	51.6896	41.7205	47.7005	43.0297	37.6280	25.4905	35.3660	23.6912	40.3855	35.6030	30.4369	18.30	8.19	45.9119	3.97	1.62	33.0274	6.80	2.78
38.413194	30.327778	10.375	   NA	42.6894	28.4613	55.4361	10.3724	16.8583	49.0036	43.2112	52.1920	42.1417	48.1922	43.4499	38.0720	25.7712	35.8275	23.9627	40.8041	35.9716	30.7635	18.48	8.26	46.3651	4.01	1.64	33.4015	6.88	2.81
38.538194	30.452778	10.5	   NA	43.1330	28.8161	55.9679	10.4953	17.0290	49.4722	43.6130	52.6886	42.5585	48.6800	43.8687	38.5166	26.0485	36.2883	24.2336	41.2195	36.3352	31.0883	18.65	8.34	46.8135	4.05	1.65	33.7736	6.95	2.84
38.663194	30.577778	10.625	   NA	43.5741	29.1724	56.4991	10.6191	17.2016	49.9359	44.0129	53.1819	42.9745	49.1661	44.2872	38.9635	26.3258	36.7465	24.5067	41.6341	36.6969	31.4133	18.82	8.42	47.2597	4.09	1.67	34.1456	7.02	2.87
38.788194	30.702778	10.75	   NA	44.0124	29.5301	57.0327	10.7440	17.3767	50.3976	44.4107	53.6727	43.3884	49.6501	44.7039	39.4108	26.6044	37.2027	24.7827	42.0465	37.0598	31.7392	18.99	8.49	47.7039	4.13	1.68	34.5178	7.09	2.90
38.913194	30.827778	10.875	   NA	44.4538	29.8879	57.5687	10.8690	17.5517	50.8626	44.8099	54.1628	43.8064	50.1341	45.1207	39.8570	26.8835	37.6597	25.0627	42.4580	37.4233	32.0662	19.16	8.57	48.1494	4.16	1.70	34.8907	7.17	2.93
39.038194	30.952778	11	   NA	44.8986	30.2450	58.1099	10.9943	17.7267	51.3363	45.2105	54.6515	44.2311	50.6183	45.5375	40.3059	27.1611	38.1242	25.3464	42.8683	37.7856	32.3949	19.33	8.65	48.5975	4.20	1.71	35.2653	7.24	2.95
39.163194	31.077778	11.125	   NA	45.3505	30.6033	58.6538	11.1201	17.8984	51.8091	45.6128	55.1414	44.6545	51.1061	45.9553	40.7603	27.4407	38.5897	25.6308	43.2803	38.1504	32.7252	19.51	8.73	49.0465	4.23	1.73	35.6420	7.31	2.98
39.288194	31.202778	11.25	   NA	45.8032	30.9628	59.1956	11.2455	18.0686	52.2755	46.0136	55.6307	45.0745	51.5939	46.3701	41.2122	27.7218	39.0577	25.9142	43.6947	38.5192	33.0551	19.69	8.80	49.4930	4.27	1.74	36.0200	7.38	3.01
39.413194	31.327778	11.375	   NA	46.2540	31.3222	59.7319	11.3697	18.2373	52.7363	46.4120	56.1170	45.4924	52.0795	46.7823	41.6586	28.0029	39.5269	26.1958	44.1092	38.8877	33.3830	19.86	8.88	49.9366	4.31	1.76	36.3969	7.45	3.04
39.538194	31.452778	11.5	   NA	46.7018	31.6808	60.2638	11.4927	18.4030	53.1946	46.8047	56.5999	45.9088	52.5631	47.1934	42.1056	28.2852	39.9981	26.4765	44.5217	39.2516	33.7084	20.04	8.96	50.3774	4.34	1.77	36.7731	7.52	3.07
39.663194	31.577778	11.625	   NA	47.1502	32.0446	60.7946	11.6149	18.5659	53.6510	47.1940	57.0782	46.3215	53.0450	47.6032	42.5530	28.5658	40.4775	26.7577	44.9316	39.6128	34.0340	20.21	9.04	50.8155	4.38	1.79	37.1497	7.60	3.10
39.788194	31.702778	11.75	   NA	47.6012	32.4107	61.3275	11.7368	18.7284	54.1069	47.5837	57.5541	46.7342	53.5264	48.0119	43.0050	28.8443	40.9642	27.0423	45.3393	39.9745	34.3609	20.39	9.12	51.2529	4.41	1.80	37.5283	7.67	3.13
39.913194	31.827778	11.875	   NA	48.0530	32.7724	61.8637	11.8578	18.8936	54.5692	47.9775	58.0302	47.1542	54.0078	48.4211	43.4640	29.1258	41.4520	27.3324	45.7478	40.3372	34.6881	20.56	9.20	51.6933	4.45	1.82	37.9099	7.74	3.16
40.038194	31.952778	12	   NA	48.5050	33.1342	62.3972	11.9788	19.0614	55.0349	48.3739	58.5063	47.5743	54.4899	48.8309	43.9250	29.4082	41.9385	27.6244	46.1571	40.7040	35.0153	20.74	9.27	52.1350	4.48	1.83	38.2929	7.82	3.19
40.163194	32.077778	12.125	   NA	48.9561	33.4984	62.9282	12.1004	19.2302	55.4968	48.7678	58.9815	47.9904	54.9738	49.2383	44.3863	29.6896	42.4258	27.9160	46.5650	41.0770	35.3427	20.91	9.35	52.5748	4.52	1.84	38.6766	7.89	3.22
40.288194	32.202778	12.25	   NA	49.4036	33.8621	63.4593	12.2218	19.3983	55.9546	49.1587	59.4541	48.4037	55.4581	49.6428	44.8446	29.9766	42.9146	28.2073	46.9699	41.4457	35.6690	21.09	9.43	53.0120	4.55	1.86	39.0598	7.96	3.25
40.413194	32.327778	12.375	   NA	49.8500	34.2239	63.9839	12.3422	19.5643	56.4080	49.5473	59.9228	48.8128	55.9405	50.0445	45.3033	30.2707	43.4050	28.4971	47.3716	41.8095	35.9929	21.26	9.51	53.4460	4.59	1.87	39.4429	8.03	3.28
40.538194	32.452778	12.5	   NA	50.2953	34.5841	64.5036	12.4622	19.7304	56.8567	49.9326	60.3867	49.2201	56.4188	50.4432	45.7652	30.5677	43.8908	28.7850	47.7731	42.1732	36.3151	21.43	9.58	53.8764	4.62	1.89	39.8258	8.10	3.31
40.663194	32.577778	12.625	   NA	50.7426	34.9460	65.0262	12.5829	19.8972	57.3024	50.3167	60.8464	49.6262	56.8944	50.8395	46.2295	30.8634	44.3677	29.0734	48.1756	42.5321	36.6390	21.60	9.66	54.3043	4.65	1.90	40.2069	8.17	3.34
40.788194	32.702778	12.75	   NA	51.1918	35.3100	65.5529	12.7026	20.0628	57.7489	50.6991	61.3032	50.0306	57.3693	51.2358	46.6958	31.1559	44.8431	29.3635	48.5763	42.8887	36.9640	21.78	9.74	54.7311	4.69	1.91	40.5872	8.24	3.36
40.913194	32.827778	12.875	   NA	51.6409	35.6749	66.0834	12.8219	20.2282	58.1996	51.0822	61.7598	50.4384	57.8449	51.6331	47.1615	31.4490	45.3243	29.6572	48.9755	43.2480	37.2899	21.95	9.82	55.1597	4.72	1.93	40.9693	8.31	3.39
41.038194	32.952778	13	   NA	52.0935	36.0420	66.6166	12.9417	20.4017	58.6564	51.4695	62.2187	50.8529	58.3237	52.0303	47.6266	31.7441	45.8058	29.9562	49.3766	43.6095	37.6191	22.13	9.90	55.5919	4.75	1.94	41.3531	8.38	3.42
41.163194	33.077778	13.125	   NA	52.5501	36.4086	67.1489	13.0617	20.5763	59.1153	51.8574	62.6784	51.2698	58.8031	52.4281	48.0918	32.0389	46.2866	30.2579	49.7797	43.9747	37.9491	22.30	9.97	56.0254	4.78	1.95	41.7383	8.45	3.45
41.288194	33.202778	13.25	   NA	53.0068	36.7734	67.6787	13.1840	20.7443	59.5714	52.2432	63.1364	51.6816	59.2805	52.8246	48.5604	32.3337	46.7739	30.5625	50.1844	44.3438	38.2774	22.48	10.05	56.4563	4.82	1.97	42.1264	8.51	3.48
41.413194	33.327778	13.375	   NA	53.4605	37.1373	68.2025	13.3072	20.9125	60.0223	52.6269	63.5910	52.0869	59.7557	53.2155	49.0213	32.6272	47.2642	30.8675	50.5891	44.7117	38.6040	22.65	10.13	56.8831	4.85	1.98	42.5135	8.58	3.50
41.538194	33.452778	13.5	   NA	53.9119	37.5024	68.7183	13.4290	21.0805	60.4693	53.0076	64.0404	52.4891	60.2291	53.6037	49.4705	32.9185	47.7506	31.1697	50.9915	45.0769	38.9284	22.82	10.20	57.3065	4.88	1.99	42.8963	8.65	3.53
41.663194	33.577778	13.625	   NA	54.3612	37.8746	69.2325	13.5495	21.2478	60.9152	53.3863	64.4850	52.8900	60.6997	53.9928	49.9175	33.2087	48.2347	31.4735	51.3896	45.4402	39.2531	22.99	10.28	57.7282	4.92	2.01	43.2774	8.72	3.56
41.788194	33.702778	13.75	   NA	54.8067	38.2471	69.7477	13.6699	21.4218	61.3580	53.7651	64.9261	53.2895	61.1678	54.3804	50.3656	33.5032	48.7198	31.7830	51.7842	45.8036	39.5786	23.16	10.36	58.1478	4.95	2.02	43.6599	8.78	3.58
41.913194	33.827778	13.875	   NA	55.2528	38.6139	70.2629	13.7911	21.5959	61.7967	54.1438	65.3653	53.6881	61.6358	54.7668	50.8142	33.8014	49.2040	32.0979	52.1749	46.1676	39.9033	23.32	10.43	58.5661	4.98	2.03	44.0433	8.84	3.61
42.038194	33.952778	14	   NA	55.7015	38.9811	70.7802	13.9124	21.7738	62.2382	54.5246	65.8033	54.0904	62.1067	55.1537	51.2708	34.1007	49.6923	32.4173	52.5641	46.5326	40.2298	23.49	10.51	58.9861	5.01	2.04	44.4296	8.90	3.63
42.163194	34.077778	14.125	   NA	56.1522	39.3498	71.3008	14.0323	21.9500	62.6855	54.9098	66.2399	54.4987	62.5822	55.5397	51.7360	34.4017	50.1908	32.7386	52.9565	46.9000	40.5570	23.66	10.58	59.4093	5.04	2.06	44.8206	8.96	3.66
42.288194	34.202778	14.25	   NA	56.6038	39.7178	71.8186	14.1509	22.1230	63.1323	55.2968	66.6751	54.9091	63.0612	55.9236	52.2049	34.7022	50.6965	33.0659	53.3550	47.2704	40.8828	23.83	10.66	59.8330	5.06	2.07	45.2158	9.03	3.69
42.413194	34.327778	14.375	   NA	57.0519	40.0846	72.3299	14.2697	22.2947	63.5758	55.6809	67.1075	55.3198	63.5410	56.3047	52.6735	35.0024	51.1989	33.4038	53.7543	47.6421	41.2062	24.00	10.73	60.2550	5.09	2.08	45.6125	9.09	3.71
42.538194	34.452778	14.5	   NA	57.4968	40.4510	72.8401	14.3884	22.4657	64.0187	56.0633	67.5362	55.7312	64.0190	56.6848	53.1404	35.3005	51.6969	33.7511	54.1499	48.0106	41.5284	24.17	10.81	60.6755	5.12	2.09	46.0082	9.15	3.73
42.663194	34.577778	14.625	   NA	57.9417	40.8210	73.3503	14.5074	22.6348	64.4615	56.4461	67.9633	56.1444	64.4966	57.0649	53.6087	35.5988	52.2046	34.1029	54.5425	48.3748	41.8510	24.34	10.88	61.0961	5.15	2.10	46.4054	9.21	3.76
42.788194	34.702778	14.75	   NA	58.3842	41.1935	73.8605	14.6273	22.8068	64.9026	56.8282	68.3891	56.5561	64.9748	57.4453	54.0763	35.8992	52.7207	34.4552	54.9328	48.7375	42.1745	24.50	10.96	61.5160	5.17	2.11	46.8036	9.26	3.78
42.913194	34.827778	14.875	   NA	58.8281	41.5656	74.3758	14.7472	22.9828	65.3481	57.2118	68.8143	56.9648	65.4529	57.8257	54.5468	36.2020	53.2299	34.8078	55.3235	49.1032	42.4999	24.67	11.03	61.9363	5.20	2.12	47.2022	9.32	3.81
43.038194	34.952778	15	   NA	59.2796	41.9351	74.8941	14.8663	23.1566	65.7958	57.5950	69.2395	57.3730	65.9316	58.2055	55.0234	36.5078	53.7308	35.1619	55.7174	49.4725	42.8263	24.84	11.11	62.3567	5.23	2.13	47.6023	9.38	3.83
43.163194	35.077778	15.125	   NA	59.7304	42.3014	75.4095	14.9847	23.3273	66.2410	57.9754	69.6641	57.7803	66.4110	58.5849	55.5004	36.8141	54.2321	35.5175	56.1115	49.8423	43.1507	25.01	11.19	62.7761	5.26	2.15	48.0030	9.44	3.85
43.288194	35.202778	15.25	   NA	60.1734	42.6661	75.9204	15.1036	23.4960	66.6838	58.3552	70.0875	58.1876	66.8908	58.9631	55.9755	37.1205	54.7357	35.8754	56.5053	50.2126	43.4719	25.18	11.26	63.1947	5.29	2.16	48.4042	9.49	3.88
43.413194	35.327778	15.375	   NA	60.6156	43.0315	76.4254	15.2221	23.6638	67.1234	58.7344	70.5083	58.5927	67.3701	59.3417	56.4513	37.4253	55.2378	36.2339	56.8975	50.5820	43.7917	25.35	11.34	63.6118	5.31	2.17	48.8046	9.55	3.90
43.538194	35.452778	15.5	   NA	61.0583	43.4013	76.9262	15.3385	23.8299	67.5600	59.1110	70.9258	58.9983	67.8483	59.7203	56.9263	37.7305	55.7393	36.5910	57.2860	50.9493	44.1108	25.51	11.41	64.0273	5.34	2.18	49.2037	9.61	3.92
43.663194	35.577778	15.625	   NA	61.5015	43.7713	77.4267	15.4540	23.9949	67.9947	59.4851	71.3400	59.4043	68.3263	60.0958	57.4005	38.0363	56.2391	36.9502	57.6744	51.3148	44.4297	25.68	11.48	64.4410	5.37	2.19	49.6026	9.66	3.94
43.788194	35.702778	15.75	   NA	61.9442	44.1355	77.9301	15.5694	24.1621	68.4272	59.8591	71.7520	59.8101	68.8042	60.4699	57.8764	38.3393	56.7361	37.3110	58.0655	51.6796	44.7483	25.85	11.56	64.8537	5.40	2.20	50.0013	9.72	3.97
43.913194	35.827778	15.875	   NA	62.3844	44.4962	78.4329	15.6845	24.3306	68.8612	60.2340	72.1626	60.2167	69.2811	60.8430	58.3536	38.6383	57.2341	37.6714	58.4534	52.0453	45.0657	26.01	11.63	65.2664	5.42	2.21	50.3993	9.78	3.99
44.038194	35.952778	16	   NA	62.8291	44.8577	78.9342	15.8002	24.4982	69.3005	60.6096	72.5728	60.6219	69.7585	61.2143	58.8345	38.9401	57.7364	38.0345	58.8393	52.4170	45.3839	26.18	11.71	65.6796	5.45	2.22	50.8003	9.83	4.01
44.163194	36.077778	16.125	   NA	63.2748	45.2181	79.4329	15.9170	24.6654	69.7384	60.9849	72.9821	61.0275	70.2343	61.5841	59.3155	39.2475	58.2418	38.3988	59.2300	52.7948	45.7016	26.35	11.78	66.0919	5.48	2.24	51.2047	9.89	4.04
44.288194	36.202778	16.25	   NA	63.7151	45.5752	79.9266	16.0352	24.8328	70.1723	61.3567	73.3905	61.4308	70.7066	61.9520	59.7918	39.5537	58.7476	38.7615	59.6195	53.1701	46.0170	26.51	11.86	66.5015	5.50	2.25	51.6074	9.95	4.06
44.413194	36.327778	16.375	   NA	64.1517	45.9302	80.4151	16.1536	24.9993	70.6014	61.7244	73.7960	61.8281	71.1771	62.3180	60.2661	39.8572	59.2535	39.1215	60.0048	53.5407	46.3300	26.67	11.93	66.9075	5.53	2.26	52.0073	10.01	4.09
44.538194	36.452778	16.5	   NA	64.5909	46.2850	80.9004	16.2717	25.1651	71.0277	62.0902	74.1980	62.2258	71.6472	62.6824	60.7462	40.1591	59.7610	39.4829	60.3914	53.9083	46.6426	26.83	12.00	67.3119	5.56	2.27	52.4082	10.07	4.11
44.663194	36.577778	16.625	   NA	65.0339	46.6405	81.3864	16.3895	25.3298	71.4590	62.4545	74.5973	62.6254	72.1165	63.0456	61.2314	40.4603	60.2649	39.8487	60.7790	54.2756	46.9560	26.99	12.07	67.7164	5.59	2.28	52.8100	10.13	4.13
44.788194	36.702778	16.75	   NA	65.4774	46.9963	81.8762	16.5057	25.4940	71.8918	62.8183	74.9942	63.0243	72.5851	63.4078	61.7166	40.7581	60.7609	40.2185	61.1674	54.6445	47.2699	27.16	12.14	68.1202	5.62	2.29	53.2110	10.18	4.16
44.913194	36.827778	16.875	   NA	65.9229	47.3514	82.3728	16.6222	25.6606	72.3226	63.1848	75.3911	63.4288	73.0550	63.7711	62.2026	41.0549	61.2588	40.5947	61.5599	55.0156	47.5860	27.32	12.22	68.5256	5.64	2.30	53.6144	10.24	4.18
45.038194	36.952778	17	   NA	66.3683	47.7048	82.8673	16.7400	25.8279	72.7537	63.5509	75.7883	63.8367	73.5253	64.1342	62.6868	41.3523	61.7624	40.9731	61.9566	55.3896	47.9017	27.49	12.29	68.9315	5.67	2.31	54.0201	10.30	4.21
45.163194	37.077778	17.125	   NA	66.8137	48.0571	83.3567	16.8574	25.9962	73.1827	63.9145	76.1846	64.2455	73.9953	64.4953	63.1685	41.6491	62.2700	41.3541	62.3533	55.7649	48.2162	27.65	12.36	69.3363	5.69	2.32	54.4266	10.36	4.23
45.288194	37.202778	17.25	   NA	67.2636	48.4110	83.8440	16.9748	26.1618	73.6100	64.2778	76.5796	64.6534	74.4651	64.8564	63.6528	41.9456	62.7835	41.7393	62.7476	56.1399	48.5310	27.81	12.44	69.7404	5.72	2.34	54.8348	10.42	4.25
45.413194	37.327778	17.375	   NA	67.7157	48.7664	84.3287	17.0945	26.3269	74.0354	64.6397	76.9736	65.0583	74.9343	65.2176	64.1388	42.2411	63.2951	42.1249	63.1421	56.5152	48.8464	27.97	12.51	70.1431	5.75	2.35	55.2429	10.48	4.28
45.538194	37.452778	17.5	   NA	68.1647	49.1196	84.8144	17.2158	26.4922	74.4591	64.9998	77.3660	65.4630	75.4042	65.5776	64.6193	42.5357	63.8019	42.5116	63.5372	56.8934	49.1613	28.14	12.58	70.5450	5.77	2.36	55.6499	10.54	4.30
45.663194	37.577778	17.625	   NA	68.6119	49.4733	85.3007	17.3373	26.6566	74.8801	65.3601	77.7567	65.8654	75.8741	65.9365	65.0979	42.8268	64.3041	42.8983	63.9335	57.2741	49.4760	28.30	12.66	70.9455	5.80	2.37	56.0558	10.60	4.33
45.788194	37.702778	17.75	   NA	69.0551	49.8301	85.7849	17.4576	26.8238	75.2966	65.7181	78.1459	66.2650	76.3425	66.2949	65.5749	43.1137	64.8010	43.2848	64.3294	57.6555	49.7903	28.46	12.73	71.3438	5.83	2.38	56.4599	10.66	4.35
45.913194	37.827778	17.875	   NA	69.4975	50.1865	86.2700	17.5766	26.9925	75.7128	66.0744	78.5342	66.6645	76.8103	66.6510	66.0502	43.4017	65.2932	43.6757	64.7200	58.0372	50.1046	28.62	12.80	71.7412	5.86	2.39	56.8630	10.71	4.37
46.038194	37.952778	18	   NA	69.9443	50.5424	86.7576	17.6958	27.1586	76.1303	66.4328	78.9223	67.0664	77.2806	67.0063	66.5295	43.6942	65.7818	44.0719	65.1118	58.4209	50.4197	28.78	12.87	72.1398	5.88	2.40	57.2683	10.77	4.40
46.163194	38.077778	18.125	   NA	70.3927	50.9001	87.2443	17.8150	27.3230	76.5468	66.7923	79.3106	67.4703	77.7521	67.3630	67.0121	43.9813	66.2775	44.4722	65.5117	58.8051	50.7350	28.94	12.94	72.5392	5.91	2.41	57.6766	10.82	4.42
46.288194	38.202778	18.25	   NA	70.8389	51.2581	87.7270	17.9335	27.4886	76.9624	67.1505	79.6982	67.8707	78.2225	67.7207	67.4928	44.2590	66.7831	44.8752	65.9120	59.1865	51.0492	29.11	13.02	72.9375	5.94	2.42	58.0848	10.88	4.44
46.413194	38.327778	18.375	   NA	71.2799	51.6135	88.2051	18.0509	27.6560	77.3758	67.5062	80.0840	68.2684	78.6926	68.0775	67.9722	44.5349	67.2874	45.2783	66.3076	59.5650	51.3611	29.27	13.09	73.3341	5.96	2.43	58.4909	10.94	4.47
46.538194	38.452778	18.5	   NA	71.7163	51.9646	88.6809	18.1679	27.8248	77.7860	67.8595	80.4673	68.6648	79.1618	68.4340	68.4526	44.8121	67.8006	45.6806	66.7058	59.9429	51.6709	29.42	13.16	73.7289	5.99	2.45	58.8991	11.01	4.49
46.663194	38.577778	18.625	   NA	72.1511	52.3118	89.1519	18.2857	27.9940	78.1963	68.2100	80.8484	69.0576	79.6287	68.7889	68.9325	45.0937	68.3270	46.0814	67.1116	60.3235	51.9789	29.58	13.23	74.1217	6.02	2.46	59.3116	11.07	4.52
46.788194	38.702778	18.75	   NA	72.5876	52.6562	89.6202	18.4050	28.1633	78.6058	68.5588	81.2280	69.4511	80.0941	69.1418	69.4107	45.3786	68.8436	46.4813	67.5175	60.7079	52.2865	29.73	13.30	74.5133	6.05	2.47	59.7233	11.13	4.55
46.913194	38.827778	18.875	   NA	73.0251	52.9976	90.0940	18.5245	28.3307	79.0159	68.9095	81.6071	69.8514	80.5598	69.4948	69.8889	45.6626	69.3570	46.8816	67.9190	61.0964	52.5944	29.89	13.37	74.9064	6.08	2.48	60.1343	11.20	4.57
47.038194	38.952778	19	   NA	73.4640	53.3381	90.5716	18.6424	28.4962	79.4289	69.2620	81.9861	70.2559	81.0267	69.8490	70.3685	45.9466	69.8761	47.2838	68.3196	61.4875	52.9025	30.05	13.44	75.3014	6.10	2.49	60.5470	11.26	4.60
47.163194	39.077778	19.125	   NA	73.9037	53.6808	91.0462	18.7602	28.6630	79.8387	69.6142	82.3646	70.6571	81.4935	70.2046	70.8466	46.2333	70.3904	47.6867	68.7236	61.8787	53.2108	30.21	13.51	75.6954	6.13	2.50	60.9599	11.32	4.62
47.288194	39.202778	19.25	   NA	74.3446	54.0252	91.5189	18.8789	28.8316	80.2446	69.9665	82.7431	71.0565	81.9591	70.5606	71.3236	46.5274	70.9020	48.0893	69.1289	62.2708	53.5198	30.36	13.58	76.0884	6.15	2.51	61.3737	11.38	4.65
47.413194	39.327778	19.375	   NA	74.7870	54.3695	91.9920	18.9979	28.9986	80.6510	70.3191	83.1212	71.4557	82.4247	70.9157	71.8016	46.8306	71.4164	48.4917	69.5341	62.6628	53.8290	30.52	13.65	76.4812	6.18	2.52	61.7895	11.44	4.67
47.538194	39.452778	19.5	   NA	75.2280	54.7132	92.4621	19.1174	29.1649	81.0569	70.6707	83.4975	71.8530	82.8901	71.2693	72.2774	47.1399	71.9319	48.8923	69.9409	63.0546	54.1371	30.68	13.72	76.8729	6.21	2.53	62.2062	11.50	4.69
47.663194	39.577778	19.625	   NA	75.6685	55.0546	92.9280	19.2378	29.3307	81.4623	71.0200	83.8718	72.2510	83.3551	71.6211	72.7514	47.4522	72.4399	49.2910	70.3474	63.4495	54.4439	30.83	13.79	77.2635	6.23	2.55	62.6219	11.55	4.72
47.788194	39.702778	19.75	   NA	76.1092	55.3980	93.3949	19.3581	29.4986	81.8660	71.3671	84.2449	72.6520	83.8208	71.9726	73.2357	47.7650	72.9422	49.6910	70.7531	63.8466	54.7518	30.99	13.86	77.6539	6.26	2.56	63.0389	11.61	4.74
47.913194	39.827778	19.875	   NA	76.5499	55.7469	93.8664	19.4772	29.6678	82.2686	71.7142	84.6177	73.0526	84.2896	72.3226	73.7264	48.0778	73.4502	50.0932	71.1615	64.2435	55.0616	31.14	13.93	78.0442	6.29	2.57	63.4588	11.67	4.76
