time	epoch_time	flow	exhaust	p_flow	N2O_ppb	CO2_ppm	CH4_ppb	H2O_ppm	NH3_ppb	bin_INC2	bin_INC_valve
2015-08-06 16:54:00	1438880040	374.9312	62.7915	49.1491	421.0810	400.6250	3985.3650	 438.8530	   4.2830	1-0-00-0000-0000	0001
2015-08-06 19:54:00	1438890840	374.8884	62.2549	49.1227	424.8100	401.0060	3984.0000	 349.8300	   3.7030	1-0-00-0000-0000	0001
2015-08-06 22:54:00	1438901640	374.8691	61.3829	49.1241	419.1230	400.5500	3984.4620	 844.9600	   5.6390	1-0-00-0000-0000	0001
2015-08-07 01:54:00	1438912440	374.8546	61.8387	49.1359	415.2730	400.9240	3985.4380	 811.1500	   4.9110	1-0-00-0000-0000	0001
2015-08-07 04:54:00	1438923240	374.8919	61.7880	49.1456	419.9280	400.2270	3985.7180	 930.6610	   5.3870	1-0-00-0000-0000	0001
2015-08-07 07:54:00	1438934040	374.8000	62.5386	49.1276	411.2510	400.9410	3986.6670	 951.0360	   6.1270	1-0-00-0000-0000	0001
2015-08-07 14:42:00	1438958520	374.8912	64.8780	49.1428	418.7570	400.7800	3985.3090	 632.9060	   4.8230	1-0-00-0000-0000	0001
2015-08-07 17:42:00	1438969320	374.9057	64.7353	49.1442	413.1690	400.1900	3984.5890	 876.9840	   5.4350	1-0-00-0000-0000	0001
2015-08-07 20:42:00	1438980120	374.8933	64.2002	49.1498	416.9500	400.7980	3984.9200	 797.3040	   5.0990	1-0-00-0000-0000	0001
2015-08-07 23:42:00	1438990920	374.8567	64.4138	49.1560	409.7890	400.4770	3986.5540	 414.6610	   4.8130	1-0-00-0000-0000	0001
2015-08-08 02:42:00	1439001720	374.8228	64.5089	49.2185	409.5490	400.8180	3985.8560	 825.5730	   5.7270	1-0-00-0000-0000	0001
2015-08-08 05:42:00	1439012520	374.8194	64.1746	49.1588	426.8210	401.1660	3985.0270	 684.6410	   4.8350	1-0-00-0000-0000	0001
2015-08-08 08:42:00	1439023320	374.8511	63.8611	49.1442	415.8540	400.9790	3986.0050	 738.8390	   5.0710	1-0-00-0000-0000	0001
2015-08-08 11:42:00	1439034120	374.8732	64.8749	49.1512	409.6170	400.7540	3986.5380	 537.5340	   5.2460	1-0-00-0000-0000	0001
2015-08-08 14:42:00	1439044920	374.9216	65.8726	49.1491	407.4400	400.7410	3985.2890	 540.6530	   5.1740	1-0-00-0000-0000	0001
2015-08-08 17:42:00	1439055720	374.9112	65.2339	49.1456	416.8430	400.4600	3985.9770	 516.1080	   4.7280	1-0-00-0000-0000	0001
2015-08-08 20:42:00	1439066520	374.8594	64.4124	49.1352	408.4770	400.2750	3985.5340	 723.7280	   5.8400	1-0-00-0000-0000	0001
2015-08-08 23:42:00	1439077320	374.8815	66.2638	49.1477	420.1820	400.5140	3985.5700	 653.5750	   5.8040	1-0-00-0000-0000	0001
2015-08-09 02:42:00	1439088120	374.8401	67.9709	49.1477	437.7640	400.6670	3985.9700	 302.0890	   3.7890	1-0-00-0000-0000	0001
2015-08-09 05:42:00	1439098920	374.8498	67.7283	49.1428	408.6320	400.8370	3984.8660	 426.4610	   5.6880	1-0-00-0000-0000	0001
2015-08-09 08:42:00	1439109720	374.8284	67.8562	49.1414	424.7050	400.6890	3984.5690	 740.5440	   6.1790	1-0-00-0000-0000	0001
2015-08-09 11:42:00	1439120520	374.9057	69.0907	49.2011	415.9050	400.7250	3984.5380	1191.7980	   7.8280	1-0-00-0000-0000	0001
2015-08-09 14:42:00	1439131320	374.9071	69.7873	49.1539	407.5170	399.8770	3986.0430	 537.5870	   6.1540	1-0-00-0000-0000	0001
2015-08-09 17:42:00	1439142120	374.8863	69.9642	49.1525	423.5510	400.1710	3986.0830	 813.9070	   6.7120	1-0-00-0000-0000	0001
2015-08-09 20:42:00	1439152920	374.8698	68.1356	49.1407	406.3010	400.6900	3986.0850	 628.0730	   6.2380	1-0-00-0000-0000	0001
2015-08-09 23:42:00	1439163720	374.8394	68.0086	49.1470	426.9350	400.3290	3985.1400	 690.7390	   6.7770	1-0-00-0000-0000	0001
2015-08-10 02:42:00	1439174520	374.8663	68.3577	49.1477	416.5620	400.3170	3986.0050	 816.9560	   6.8010	1-0-00-0000-0000	0001
2015-08-10 05:42:00	1439185320	374.8511	68.2474	49.1449	424.8950	401.0190	3985.7140	 854.8300	   7.3410	1-0-00-0000-0000	0001
2015-08-10 08:42:00	1439196120	374.8256	68.7190	49.1491	418.5480	400.5450	3984.7070	 756.7970	   7.1660	1-0-00-0000-0000	0001
2015-08-10 11:42:00	1439206920	374.8677	69.3627	49.1435	411.5090	400.7920	3985.4790	 404.4520	   6.1520	1-0-00-0000-0000	0001
2015-08-10 14:42:00	1439217720	374.8684	70.5885	49.1463	414.8680	400.4910	3985.9280	 695.2660	   6.8620	1-0-00-0000-0000	0001
2015-08-10 17:42:00	1439228520	374.8988	72.2248	49.1581	406.1570	401.1670	3985.7120	1153.8650	   8.6820	1-0-00-0000-0000	0001
2015-08-10 20:42:00	1439239320	374.8781	70.3061	49.1581	415.2140	400.6850	3986.3060	 671.4990	   6.2470	1-0-00-0000-0000	0001
2015-08-10 23:42:00	1439250120	374.8663	70.4090	49.1623	412.4770	401.0630	3986.0850	 430.2030	   5.6750	1-0-00-0000-0000	0001
2015-08-11 02:42:00	1439260920	374.8767	70.7962	49.1401	406.1220	400.6770	3984.9960	 754.5750	   7.6040	1-0-00-0000-0000	0001
2015-08-11 05:42:00	1439271720	374.8380	70.4483	49.1546	408.0990	400.8240	3985.7680	 554.1040	   7.1520	1-0-00-0000-0000	0001
2015-08-11 08:42:00	1439282520	374.8435	69.9823	49.1463	414.7760	400.8720	3984.9500	 564.7510	   6.2160	1-0-00-0000-0000	0001
2015-08-11 12:00:00	1439294400	374.8560	70.9079	49.1539	420.2100	400.6830	3986.3150	 448.7640	   6.2670	1-0-00-0000-0000	0001
2015-08-11 21:48:00	1439329680	374.8415	72.3897	49.1491	414.0810	400.6040	3983.7950	2115.5390	  13.4930	1-0-00-0000-0000	0001
2015-08-12 00:48:00	1439340480	374.8318	70.6522	49.1449	420.2240	401.0790	3985.2460	1943.8410	  13.3480	1-0-00-0000-0000	0001
2015-08-12 03:48:00	1439351280	374.8781	71.7894	49.1491	412.4340	400.8000	3985.6980	2039.5090	  14.4820	1-0-00-0000-0000	0001
2015-08-12 06:48:00	1439362080	374.7987	70.0398	49.1470	425.7410	401.2310	3985.4220	1809.4870	  12.3020	1-0-00-0000-0000	0001
2015-08-12 09:48:00	1439372880	374.8587	66.5427	49.1755	405.1480	401.4640	3979.6850	2220.8170	  17.3110	1-0-00-0000-0000	0001
2015-08-12 12:48:00	1439383680	374.8125	71.6679	49.1567	429.6590	400.9100	3985.6610	4416.7000	  19.7300	1-0-00-0000-0000	0001
2015-08-12 15:48:00	1439394480	374.8705	71.7548	49.1428	404.5630	401.1640	3986.3180	5470.9060	  20.8220	1-0-00-0000-0000	0001
2015-08-12 18:48:00	1439405280	374.8670	71.3448	49.1380	412.0480	400.8770	3986.9110	4482.1510	  18.8340	1-0-00-0000-0000	0001
2015-08-12 21:48:00	1439416080	374.8511	72.5943	49.1539	412.9040	400.6780	3985.6820	3636.6190	  16.7960	1-0-00-0000-0000	0001
2015-08-13 00:48:00	1439426880	374.8408	72.0975	49.1595	409.4910	400.8760	3985.8560	3227.4790	  16.3670	1-0-00-0000-0000	0001
2015-08-13 03:48:00	1439437680	374.8594	72.2203	49.1977	413.6370	400.9680	3985.2640	4046.4660	  17.3820	1-0-00-0000-0000	0001
2015-08-13 06:48:00	1439448480	374.8498	72.1689	49.1553	425.5600	401.0780	3985.3740	3706.5650	  16.6130	1-0-00-0000-0000	0001
2015-08-13 09:48:00	1439459280	374.8284	73.6908	49.1491	422.8270	401.0370	3985.5010	4098.2190	  17.8550	1-0-00-0000-0000	0001
2015-08-13 12:48:00	1439470080	374.8449	75.1863	49.1491	415.9530	400.8580	3985.0090	3692.4540	  16.9790	1-0-00-0000-0000	0001
2015-08-13 15:48:00	1439480880	374.9395	75.9617	49.1650	421.2450	400.8730	3985.2300	3459.3290	  17.2230	1-0-00-0000-0000	0001
2015-08-13 18:48:00	1439491680	374.8905	75.9921	49.1637	408.8590	401.1220	3985.4740	3073.2670	  16.4700	1-0-00-0000-0000	0001
2015-08-13 21:48:00	1439502480	374.8774	75.0153	49.1553	413.5520	400.8680	3986.9000	3960.9850	  17.8970	1-0-00-0000-0000	0001
2015-08-14 00:48:00	1439513280	374.8767	74.0545	49.1407	410.1750	400.7310	3984.3640	4131.9120	  18.5000	1-0-00-0000-0000	0001
2015-08-14 03:48:00	1439524080	374.8201	73.4139	49.1560	407.6450	400.7630	3984.5050	3457.7960	  17.3430	1-0-00-0000-0000	0001
2015-08-14 06:48:00	1439534880	374.8166	73.3393	49.1519	413.7920	401.0410	3985.6610	3106.1180	  17.0100	1-0-00-0000-0000	0001
2015-08-14 09:48:00	1439545680	374.8539	74.7575	49.1630	422.8290	400.9930	3986.1690	3304.9260	  17.0110	1-0-00-0000-0000	0001
2015-08-14 15:12:00	1439565120	374.8836	76.1821	49.2317	421.6840	401.2730	3984.8180	3540.5580	  17.3660	1-0-00-0000-0000	0001
2015-08-14 18:12:00	1439575920	374.9229	75.2000	49.1595	411.1240	400.9140	3985.1800	3421.2500	  16.7890	1-0-00-0000-0000	0001
2015-08-14 21:12:00	1439586720	374.8166	74.7888	49.1407	415.1810	400.5310	3985.0900	3092.4830	  16.5670	1-0-00-0000-0000	0001
2015-08-15 00:12:00	1439597520	374.8366	73.8852	49.1227	408.0110	401.0700	3985.6800	4766.2810	  19.6110	1-0-00-0000-0000	0001
2015-08-15 03:12:00	1439608320	374.7925	73.9802	49.1546	419.4890	401.1280	3985.4160	5001.5340	  19.8820	1-0-00-0000-0000	0001
2015-08-15 06:12:00	1439619120	374.8097	75.4754	49.1623	410.3650	400.8080	3986.3580	5139.8670	  19.8280	1-0-00-0000-0000	0001
2015-08-15 09:12:00	1439629920	374.8021	76.8434	49.1449	416.3750	400.9120	3986.6730	4121.0210	  18.9660	1-0-00-0000-0000	0001
2015-08-15 12:12:00	1439640720	374.7773	77.8964	49.1623	406.5380	400.8690	3985.4660	4438.8570	  19.1130	1-0-00-0000-0000	0001
2015-08-15 15:12:00	1439651520	374.7994	77.9735	49.1789	413.8240	400.7260	3986.7390	4550.4460	  18.6650	1-0-00-0000-0000	0001
2015-08-15 18:12:00	1439662320	374.8187	77.8951	49.1609	409.2470	400.8570	3985.2430	4592.6720	  18.4170	1-0-00-0000-0000	0001
2015-08-15 21:12:00	1439673120	374.8601	78.1212	49.1338	412.0930	401.0170	3985.5400	4508.2320	  17.8840	1-0-00-0000-0000	0001
2015-08-16 00:12:00	1439683920	374.8125	78.6038	49.1609	422.1600	400.8780	3986.0780	4384.1330	  18.2080	1-0-00-0000-0000	0001
2015-08-16 03:12:00	1439694720	374.7973	78.4568	49.1276	408.0470	401.1710	3985.9690	5171.5750	  19.0160	1-0-00-0000-0000	0001
2015-08-16 06:12:00	1439705520	374.8125	78.3241	49.1519	417.3020	401.2010	3985.2340	4140.7590	  16.8770	1-0-00-0000-0000	0001
2015-08-16 09:12:00	1439716320	374.7931	78.3680	49.1519	415.8880	400.8330	3986.0240	4643.1320	  17.8520	1-0-00-0000-0000	0001
2015-08-16 12:12:00	1439727120	374.8201	78.9077	49.1539	416.5140	400.8590	3985.0020	2541.8440	  13.4880	1-0-00-0000-0000	0001
2015-08-16 15:12:00	1439737920	374.8083	78.4715	49.1623	418.5020	400.7170	3985.4150	3054.2650	  14.7500	1-0-00-0000-0000	0001
2015-08-16 18:12:00	1439748720	374.8401	78.8174	49.1664	406.9750	400.5630	3985.2840	3751.6310	  16.1850	1-0-00-0000-0000	0001
2015-08-16 21:12:00	1439759520	374.8435	77.9727	49.1394	417.0150	400.2550	3985.6800	4270.7650	  16.7190	1-0-00-0000-0000	0001
2015-08-17 00:12:00	1439770320	374.8353	76.7541	49.1317	424.6250	400.9180	3984.7010	4638.9050	  17.4900	1-0-00-0000-0000	0001
2015-08-17 03:12:00	1439781120	374.8373	76.3969	49.1560	419.6100	400.3420	3985.2720	3811.6310	  16.1220	1-0-00-0000-0000	0001
2015-08-17 06:12:00	1439791920	374.8463	75.8152	49.1407	417.2000	401.0100	3972.0490	3422.1400	  14.9990	1-0-00-0000-0000	0001
2015-08-17 09:12:00	1439802720	374.7911	75.4929	49.1505	410.0640	400.8370	3984.7230	2882.7570	  14.2960	1-0-00-0000-0000	0001
2015-08-17 12:12:00	1439813520	374.7517	75.9289	49.1401	424.8730	400.8280	3985.3190	3030.8110	  13.7960	1-0-00-0000-0000	0001
2015-08-17 20:54:00	1439844840	374.8104	75.4322	49.1623	390.0780	400.9810	3986.6910	6634.3580	  19.1700	1-0-00-0000-0000	0001
2015-08-17 23:54:00	1439855640	374.7959	75.1783	49.1630	423.5160	400.7670	3984.7940	5791.0810	  17.1440	1-0-00-0000-0000	0001
2015-08-18 02:54:00	1439866440	374.7945	74.9980	49.5726	411.5070	400.3470	3985.4500	5930.9020	  17.2260	1-0-00-0000-0000	0001
2015-08-18 05:54:00	1439877240	374.7704	75.0563	49.1907	403.4030	401.0800	3987.0110	7027.1680	  18.1540	1-0-00-0000-0000	0001
2015-08-18 11:54:00	1439898840	374.8263	75.4156	49.2095	422.1090	401.0480	3987.2610	6493.1960	  16.4140	1-0-00-0000-0000	0001
2015-08-18 14:54:00	1439909640	374.7807	75.5296	49.1525	408.2990	400.9070	3985.1470	6016.4800	  16.1760	1-0-00-0000-0000	0001
2015-08-18 17:54:00	1439920440	374.8000	74.8566	49.1421	422.2480	401.2800	3985.2720	4684.0900	  15.5000	1-0-00-0000-0000	0001
2015-08-18 20:54:00	1439931240	374.7800	74.6050	49.1456	415.2750	400.8660	3985.7280	4534.0660	  15.8510	1-0-00-0000-0000	0001
2015-08-18 23:54:00	1439942040	374.7289	74.4757	49.1095	414.2680	400.6190	3985.8940	4284.2580	  15.0780	1-0-00-0000-0000	0001
2015-08-19 02:54:00	1439952840	374.7931	74.5088	49.1699	421.5020	400.5770	3986.5040	4253.1030	  15.3300	1-0-00-0000-0000	0001
2015-08-19 05:54:00	1439963640	374.7849	74.2516	49.1414	419.8130	400.8190	3985.3770	3325.8210	  14.2680	1-0-00-0000-0000	0001
2015-08-19 08:54:00	1439974440	374.7752	74.0488	49.1407	404.8960	401.1470	3985.4790	3315.7730	  13.8040	1-0-00-0000-0000	0001
2015-08-19 11:54:00	1439985240	374.7565	73.6599	49.1644	417.8460	401.0480	3984.5080	3327.9520	  13.8240	1-0-00-0000-0000	0001
2015-08-19 17:48:00	1440006480	374.7538	73.0699	49.1373	413.3820	400.7830	3987.0680	6668.2610	  20.5560	1-0-00-0000-0000	0001
2015-08-19 20:48:00	1440017280	374.7365	72.6474	49.1407	403.3650	400.6760	3985.2870	3962.2980	  15.1490	1-0-00-0000-0000	0001
2015-08-19 23:48:00	1440028080	374.7717	72.3251	49.1470	423.9900	400.5460	3984.3720	4379.2500	  16.0180	1-0-00-0000-0000	0001
2015-08-20 02:48:00	1440038880	374.7234	72.2984	49.1657	409.3390	400.9080	3984.8370	4054.4830	  15.0610	1-0-00-0000-0000	0001
2015-08-20 05:48:00	1440049680	374.7648	72.1340	49.1893	408.4120	400.6650	3984.8510	3445.4870	  13.3570	1-0-00-0000-0000	0001
2015-08-20 08:48:00	1440060480	374.7455	72.3654	49.1942	395.2650	400.5940	3984.0300	3317.2370	  12.9760	1-0-00-0000-0000	0001
2015-08-20 11:48:00	1440071280	374.7075	72.7196	49.1623	405.1340	400.8060	3984.7100	3488.3050	  12.8220	1-0-00-0000-0000	0001
2015-08-20 14:48:00	1440082080	374.7565	72.8356	49.1727	402.1680	400.8460	3985.5400	4243.6970	  14.1350	1-0-00-0000-0000	0001
2015-08-20 17:48:00	1440092880	374.7579	72.2088	49.1817	416.1560	400.2010	3984.7280	3239.6000	  11.9290	1-0-00-0000-0000	0001
2015-08-20 20:48:00	1440103680	374.8014	71.8240	49.1595	407.9400	400.4370	3985.3920	3311.7920	  13.1050	1-0-00-0000-0000	0001
2015-08-20 23:48:00	1440114480	374.7862	71.9357	49.1623	401.9830	401.0880	3985.3040	2439.4020	  10.9880	1-0-00-0000-0000	0001
2015-08-21 02:48:00	1440125280	374.8518	72.0832	49.1567	409.9600	400.6880	3984.5460	3443.2910	  12.1820	1-0-00-0000-0000	0001
2015-08-21 05:48:00	1440136080	374.7448	71.7719	49.1664	411.1450	400.8330	3984.7800	3934.5730	  12.8430	1-0-00-0000-0000	0001
2015-08-21 12:54:00	1440161640	374.7635	72.6646	49.1685	400.2970	400.9060	3985.4390	6418.4600	  15.0440	1-0-00-0000-0000	0001
2015-08-21 15:54:00	1440172440	374.7496	73.1550	49.1838	414.3640	401.0260	3986.3670	4158.3610	  13.1190	1-0-00-0000-0000	0001
2015-08-21 18:54:00	1440183240	374.7952	72.5104	49.1671	405.4500	400.9070	3985.8680	3745.7050	  12.3270	1-0-00-0000-0000	0001
2015-08-21 21:54:00	1440194040	374.8187	72.2596	49.1602	422.9910	400.9690	3985.5200	3849.0740	  11.9570	1-0-00-0000-0000	0001
2015-08-22 00:54:00	1440204840	374.7635	72.4579	49.1463	435.1650	400.5240	3985.8680	4185.1030	  11.7540	1-0-00-0000-0000	0001
2015-08-22 03:54:00	1440215640	374.8007	72.5137	49.1602	414.4540	400.6220	3984.6100	3175.1950	  10.8460	1-0-00-0000-0000	0001
2015-08-22 06:54:00	1440226440	374.7752	72.6324	49.1623	420.4290	400.7170	3984.8000	3065.8720	  10.6220	1-0-00-0000-0000	0001
2015-08-22 09:54:00	1440237240	374.7814	73.2521	49.1664	416.0840	401.0430	3984.3230	3599.7770	  11.6890	1-0-00-0000-0000	0001
2015-08-22 12:54:00	1440248040	374.8359	74.1682	49.1720	414.1820	401.1660	3985.0850	4485.4520	  12.4840	1-0-00-0000-0000	0001
2015-08-22 15:54:00	1440258840	374.7759	74.7305	49.3449	421.3550	400.6700	3985.5550	4497.6150	  12.0350	1-0-00-0000-0000	0001
2015-08-22 18:54:00	1440269640	374.7828	74.5607	49.1720	414.9870	400.9310	3985.8050	4006.3500	  11.3760	1-0-00-0000-0000	0001
2015-08-22 21:54:00	1440280440	374.8290	74.3345	49.1553	409.4360	400.7220	3984.4830	4063.1380	  12.1540	1-0-00-0000-0000	0001
2015-08-23 00:54:00	1440291240	374.8014	74.8456	49.1567	422.1190	400.7680	3985.3600	3499.9150	  10.5230	1-0-00-0000-0000	0001
2015-08-23 03:54:00	1440302040	374.7910	75.2054	49.1707	439.0690	401.0010	3984.0290	3972.8440	  10.9400	1-0-00-0000-0000	0001
2015-08-23 06:54:00	1440312840	374.7745	75.0893	49.1671	423.2460	401.3430	3984.9560	3564.9090	  11.5790	1-0-00-0000-0000	0001
2015-08-23 09:54:00	1440323640	374.7925	75.7989	49.1657	422.5180	401.0860	3986.1960	3384.1030	   9.8580	1-0-00-0000-0000	0001
2015-08-23 12:54:00	1440334440	374.7704	76.4538	49.1734	427.4130	400.9620	3985.5390	4707.4360	  12.3690	1-0-00-0000-0000	0001
2015-08-23 15:54:00	1440345240	374.8290	76.7217	49.1713	424.7060	400.8270	3985.7740	3397.9820	  10.3560	1-0-00-0000-0000	0001
2015-08-23 18:54:00	1440356040	374.7538	76.9840	49.1834	425.1950	400.8470	3986.4710	3394.1070	  11.2220	1-0-00-0000-0000	0001
2015-08-23 21:54:00	1440366840	374.7586	76.5229	49.1741	415.8200	401.3970	3985.0370	2996.6750	  10.1070	1-0-00-0000-0000	0001
2015-08-24 00:54:00	1440377640	374.7676	76.4412	49.1644	420.9210	400.7190	3984.5460	3595.5530	  10.9510	1-0-00-0000-0000	0001
2015-08-24 03:54:00	1440388440	374.7897	76.7212	49.1616	425.4610	400.9700	3985.5060	3152.2640	   9.9390	1-0-00-0000-0000	0001
2015-08-24 06:54:00	1440399240	374.7773	76.5554	49.1650	412.8780	401.0490	3986.0270	3404.8660	  10.2950	1-0-00-0000-0000	0001
2015-08-24 09:54:00	1440410040	374.7973	76.8522	49.1734	428.0940	401.6430	3985.1560	4345.0570	  11.0620	1-0-00-0000-0000	0001
2015-08-24 12:54:00	1440420840	374.8187	77.7886	49.1734	425.1580	400.9760	3985.7080	3753.8980	  11.2180	1-0-00-0000-0000	0001
2015-08-26 15:42:00	1440603720	374.8284	77.8575	49.1685	412.4310	400.3990	3986.1900	6774.5240	  17.8400	1-0-00-0000-0000	0001
2015-08-26 18:42:00	1440614520	374.8063	77.6880	49.1616	426.9050	401.1380	3985.3680	5529.7040	  14.9660	1-0-00-0000-0000	0001
2015-08-26 21:42:00	1440625320	374.8166	77.4554	49.1664	411.4050	400.5820	3985.6740	3651.9660	  12.3970	1-0-00-0000-0000	0001
2015-08-27 00:42:00	1440636120	374.7780	77.2684	49.1616	421.7560	400.5390	3986.5020	4415.0310	  13.5560	1-0-00-0000-0000	0001
2015-08-27 03:42:00	1440646920	374.7897	77.3206	49.1650	420.0270	400.8460	3986.1400	4090.8820	  12.1580	1-0-00-0000-0000	0001
2015-08-27 06:42:00	1440657720	374.7814	77.1299	49.1692	415.9730	401.1740	3985.4860	5295.0160	  13.2910	1-0-00-0000-0000	0001
2015-08-27 09:42:00	1440668520	374.7455	77.2968	49.1602	424.5610	401.2050	3986.4590	4463.0070	  12.2340	1-0-00-0000-0000	0001
2015-08-27 12:42:00	1440679320	374.7793	78.5435	49.1706	428.0600	400.5940	3986.5720	3925.4130	  11.3060	1-0-00-0000-0000	0001
2015-08-27 18:30:00	1440700200	374.8353	78.9675	49.1678	433.1440	401.0400	3987.0100	6183.1630	  14.0730	1-0-00-0000-0000	0001
2015-08-27 21:30:00	1440711000	374.8408	77.1881	49.1644	411.7930	400.9220	3986.3690	3891.8520	  10.2390	1-0-00-0000-0000	0001
2015-08-28 00:30:00	1440721800	374.7697	76.6477	49.1616	427.7090	401.0870	3986.0020	3132.9980	   9.9950	1-0-00-0000-0000	0001
2015-08-28 03:30:00	1440732600	374.7517	75.8953	49.1623	413.8530	401.0550	3985.6830	3612.4160	  10.1680	1-0-00-0000-0000	0001
2015-08-28 06:30:00	1440743400	374.8035	75.3305	49.1692	416.4500	401.7440	3986.2100	4957.9450	  11.3580	1-0-00-0000-0000	0001
2015-08-28 09:30:00	1440754200	374.7628	75.2437	49.1692	421.6660	401.5020	3985.4770	3394.8200	   9.7980	1-0-00-0000-0000	0001
2015-08-28 12:30:00	1440765000	374.8132	75.9884	49.1741	411.1840	401.5260	3986.0610	4112.0200	  10.3290	1-0-00-0000-0000	0001
2015-08-28 15:30:00	1440775800	374.8456	76.6339	49.1789	435.7210	400.7690	3986.1350	5019.1260	  12.0060	1-0-00-0000-0000	0001
2015-08-28 18:30:00	1440786600	374.8801	75.9561	49.1762	419.5300	400.9580	3986.7770	5256.2420	  10.8670	1-0-00-0000-0000	0001
2015-08-28 21:30:00	1440797400	374.7931	74.2240	49.1678	416.5090	400.7900	3985.9840	4549.3670	   9.9640	1-0-00-0000-0000	0001
2015-08-29 00:30:00	1440808200	374.7966	73.9577	49.1671	408.9040	400.7680	3985.2860	3528.1130	   9.3800	1-0-00-0000-0000	0001
2015-08-29 03:30:00	1440819000	374.7945	73.6890	49.1741	425.8640	401.8730	3985.9660	3096.2120	   8.0150	1-0-00-0000-0000	0001
2015-08-29 06:30:00	1440829800	374.8380	73.8689	49.1713	411.4480	400.9880	3986.4860	3431.7010	   8.2520	1-0-00-0000-0000	0001
2015-08-29 09:30:00	1440840600	374.8249	73.9365	49.1727	399.6610	401.0580	3986.0380	3773.2990	   8.8960	1-0-00-0000-0000	0001
2015-08-29 12:30:00	1440851400	374.8815	75.0656	49.1699	410.8060	401.5130	3986.7400	4541.8050	  11.0810	1-0-00-0000-0000	0001
2015-08-29 15:30:00	1440862200	374.8256	75.4676	49.1748	419.8370	400.6560	3986.4200	3606.8910	   9.1620	1-0-00-0000-0000	0001
2015-08-29 18:30:00	1440873000	374.8318	75.7979	49.1616	421.3460	400.6870	3986.7090	4435.9260	   9.4110	1-0-00-0000-0000	0001
2015-08-29 21:30:00	1440883800	374.7738	74.3812	49.1685	411.7880	401.2170	3986.5810	4442.2330	   9.5790	1-0-00-0000-0000	0001
2015-08-30 00:30:00	1440894600	374.7496	74.8553	49.1706	415.5670	401.2000	3986.7140	3344.1200	   9.3540	1-0-00-0000-0000	0001
2015-08-30 03:30:00	1440905400	374.7745	74.6971	49.1678	419.3530	401.4580	3984.7920	3720.8980	   9.5090	1-0-00-0000-0000	0001
2015-08-30 06:30:00	1440916200	374.7793	74.3343	49.1755	413.5690	401.0610	3983.7150	3316.8410	   9.3960	1-0-00-0000-0000	0001
2015-08-30 09:30:00	1440927000	374.8042	74.5001	49.1810	410.8890	401.6510	3985.4330	3467.1390	   9.7380	1-0-00-0000-0000	0001
2015-08-30 12:30:00	1440937800	374.8953	76.2215	49.1782	420.2140	401.2760	3986.9580	4499.0650	  11.3630	1-0-00-0000-0000	0001
2015-08-30 15:30:00	1440948600	374.8774	76.8990	49.1768	409.3450	401.1800	3985.4650	3661.0850	   9.9960	1-0-00-0000-0000	0001
2015-08-30 18:30:00	1440959400	374.9022	76.6670	49.1817	417.0340	401.4040	3986.2130	4595.9250	  11.1420	1-0-00-0000-0000	0001
2015-08-30 21:30:00	1440970200	374.8435	75.9641	49.1782	410.8760	401.1110	3985.8990	4095.9320	  10.4640	1-0-00-0000-0000	0001
2015-08-31 00:30:00	1440981000	374.8256	75.3820	49.1692	407.3110	401.0160	3986.0050	3445.1830	   9.4250	1-0-00-0000-0000	0001
2015-08-31 03:30:00	1440991800	374.8118	76.2906	49.1720	410.5830	401.2240	3985.2570	3312.2940	   9.4690	1-0-00-0000-0000	0001
2015-08-31 06:30:00	1441002600	374.8311	76.2723	49.1720	414.5280	401.3940	3985.7750	2796.2560	   8.3720	1-0-00-0000-0000	0001
2015-08-31 21:48:00	1441057680	374.8339	78.4175	49.1671	418.8910	401.1300	3986.5990	6351.7710	1003.3750	1-0-00-0000-0000	0001
2015-09-01 00:48:00	1441068480	374.8394	78.0901	49.1512	413.4920	400.9870	3986.2380	3706.2090	 680.7020	1-0-00-0000-0000	0001
2015-09-01 03:48:00	1441079280	374.7925	78.3029	49.1519	428.8100	401.3680	3986.2380	5370.3650	 728.3230	1-0-00-0000-0000	0001
2015-09-01 06:48:00	1441090080	374.8042	77.9034	49.1525	413.6230	401.0040	3985.3700	4488.6280	 527.0370	1-0-00-0000-0000	0001
2015-09-01 15:12:00	1441120320	374.8725	80.1626	49.1498	417.3520	400.8260	3985.0330	1947.4170	 259.6610	1-0-00-0000-0000	0001
2015-09-01 18:12:00	1441131120	374.8456	77.8265	49.1512	426.8170	400.9320	3985.0760	1463.7300	 212.6320	1-0-00-0000-0000	0001
2015-09-01 21:12:00	1441141920	374.8608	77.0533	49.1519	418.1860	400.8350	3985.4710	1241.2460	 186.2480	1-0-00-0000-0000	0001
2015-09-02 00:12:00	1441152720	374.8180	76.9043	49.1456	411.9550	401.0040	3984.7680	1679.2510	 198.2010	1-0-00-0000-0000	0001
2015-09-02 03:12:00	1441163520	374.8815	76.6999	49.1512	419.6010	400.7720	3984.6060	2594.9680	 228.3550	1-0-00-0000-0000	0001
2015-09-02 06:12:00	1441174320	374.8125	76.5118	49.1484	415.5380	400.7080	3983.9870	1113.7040	 148.5470	1-0-00-0000-0000	0001
2015-09-02 09:12:00	1441185120	374.7862	76.6580	49.1407	428.1690	400.4150	3984.9330	1433.2400	 160.2380	1-0-00-0000-0000	0001
2015-09-02 13:54:00	1441202040	374.8981	77.3693	49.1602	430.3950	400.6660	3985.6150	1813.4190	 170.5050	1-0-00-0000-0000	0001
2015-09-02 16:54:00	1441212840	374.8235	77.5623	49.1525	416.5600	400.9340	3985.7520	1118.3510	 133.7450	1-0-00-0000-0000	0001
2015-09-02 19:54:00	1441223640	374.7738	77.4135	49.1519	423.8180	400.8440	3986.0560	 989.1790	 127.2460	1-0-00-0000-0000	0001
2015-09-02 22:54:00	1441234440	374.8857	77.4551	49.1463	420.5240	400.6910	3984.6500	1538.4790	 151.9970	1-0-00-0000-0000	0001
2015-09-03 01:54:00	1441245240	374.8594	77.9123	49.1512	423.7840	400.9190	3985.1240	1717.8750	 160.5030	1-0-00-0000-0000	0001
2015-09-03 04:54:00	1441256040	374.8649	78.3163	49.1484	432.7630	400.7730	3984.5360	 899.5550	 123.8190	1-0-00-0000-0000	0001
2015-09-03 07:54:00	1441266840	374.8546	78.4605	49.1532	417.5020	401.0280	3985.2740	1650.6380	 159.7600	1-0-00-0000-0000	0001
2015-09-03 14:12:00	1441289520	374.8401	78.3229	49.1616	417.5070	400.4810	3984.3120	1076.8200	 132.3010	1-0-00-0000-0000	0001
2015-09-03 17:12:00	1441300320	374.7987	77.6900	49.1560	421.9020	400.2830	3985.1820	1754.4940	 158.8900	1-0-00-0000-0000	0001
2015-09-03 20:12:00	1441311120	374.8318	77.3882	49.1595	425.1250	400.8830	3986.0810	 943.1800	 120.3250	1-0-00-0000-0000	0001
2015-09-03 23:12:00	1441321920	374.8325	77.5540	49.1553	419.3830	400.9260	3984.7680	1767.1340	 151.5330	1-0-00-0000-0000	0001
2015-09-04 02:12:00	1441332720	374.7738	78.0182	49.1574	417.0330	400.8280	3986.5850	1528.1730	 138.3890	1-0-00-0000-0000	0001
2015-09-04 05:12:00	1441343520	374.7759	78.2012	49.1692	409.7820	400.9130	3985.9260	1525.9300	 134.2420	1-0-00-0000-0000	0001
2015-09-04 08:12:00	1441354320	374.8525	78.0220	49.1505	428.4620	400.9840	3986.8740	1086.2980	 111.7710	1-0-00-0000-0000	0001
2015-09-04 15:00:00	1441378800	374.7890	78.5916	49.1657	      NA	      NA	       NA	       NA	       NA	1-0-00-0000-0000	0001
2015-09-04 18:00:00	1441389600	374.8221	78.5664	49.1644	      NA	      NA	       NA	       NA	       NA	1-0-00-0000-0000	0001
2015-09-04 21:00:00	1441400400	374.7821	78.7419	49.1644	      NA	      NA	       NA	       NA	       NA	1-0-00-0000-0000	0001
2015-09-05 00:00:00	1441411200	374.8525	78.6181	49.1588	      NA	      NA	       NA	       NA	       NA	1-0-00-0000-0000	0001
2015-09-05 03:00:00	1441422000	374.8622	78.7760	49.1512	      NA	      NA	       NA	       NA	       NA	1-0-00-0000-0000	0001
2015-09-05 06:00:00	1441432800	374.8725	78.5167	49.1560	      NA	      NA	       NA	       NA	       NA	1-0-00-0000-0000	0001
2015-09-05 09:00:00	1441443600	374.8477	78.4474	49.1630	      NA	      NA	       NA	       NA	       NA	1-0-00-0000-0000	0001
2015-09-05 12:00:00	1441454400	374.7745	78.7567	49.1546	432.2490	400.5560	3985.9140	1037.8780	  88.3620	1-0-00-0000-0000	0001
2015-09-05 15:00:00	1441465200	374.8408	78.9843	49.1637	427.8550	400.6120	3985.3810	1254.6400	  94.3660	1-0-00-0000-0000	0001
2015-09-05 18:00:00	1441476000	374.8359	78.6230	49.1581	425.4320	400.6370	3984.9690	1447.8150	  96.6040	1-0-00-0000-0000	0001
2015-09-05 21:00:00	1441486800	374.8201	78.3193	49.1637	420.7670	400.4230	3985.5120	1145.0190	  87.3240	1-0-00-0000-0000	0001
2015-09-06 00:00:00	1441497600	374.7641	78.0805	49.1609	434.5650	400.4930	3986.0360	1285.9090	  87.7960	1-0-00-0000-0000	0001
2015-09-06 03:00:00	1441508400	374.8353	78.3645	49.1567	420.9770	400.6960	3986.1420	1343.5090	  87.3070	1-0-00-0000-0000	0001
2015-09-06 06:00:00	1441519200	374.8484	78.3078	49.1671	434.7660	400.3080	3984.9290	1151.6740	  80.4740	1-0-00-0000-0000	0001
2015-09-06 09:00:00	1441530000	374.8449	77.8731	49.1644	437.5510	400.6840	3985.3620	1365.0760	  83.5330	1-0-00-0000-0000	0001
2015-09-06 12:00:00	1441540800	374.8180	77.3435	49.1630	420.8110	400.8620	3984.2140	1157.6350	  77.4130	1-0-00-0000-0000	0001
2015-09-06 15:00:00	1441551600	374.7959	77.2855	49.1657	435.6750	400.7080	3984.8790	1676.9830	  87.0840	1-0-00-0000-0000	0001
2015-09-06 18:00:00	1441562400	374.8366	77.2807	49.1581	430.3780	400.9630	3984.6480	1065.5520	  70.8770	1-0-00-0000-0000	0001
2015-09-06 21:00:00	1441573200	374.8111	77.1056	49.1581	422.8610	400.5170	3985.3460	1255.2840	  73.5990	1-0-00-0000-0000	0001
2015-09-07 00:00:00	1441584000	374.7641	77.0222	49.1574	421.7560	401.0490	3986.8320	1316.2370	  73.2390	1-0-00-0000-0000	0001
2015-09-07 03:00:00	1441594800	374.8159	77.2665	49.1505	432.5180	400.8630	3985.5740	1166.7280	  68.2200	1-0-00-0000-0000	0001
2015-09-07 06:00:00	1441605600	374.7545	77.0764	49.1574	433.5600	400.9090	3986.0360	1057.4340	  64.9820	1-0-00-0000-0000	0001
2015-09-07 09:00:00	1441616400	374.7586	77.3607	49.1539	431.1900	400.9230	3985.1340	 930.3420	  60.9100	1-0-00-0000-0000	0001
2015-09-07 13:12:00	1441631520	374.7973	77.8025	49.1588	423.0300	400.4780	3984.0000	1069.8930	  60.7600	1-0-00-0000-0000	0001
2015-09-07 16:12:00	1441642320	374.8346	77.8650	49.1602	421.8950	400.9720	3984.9750	1099.9610	  60.4950	1-0-00-0000-0000	0001
2015-09-07 19:12:00	1441653120	374.8380	77.1281	49.1484	422.6660	400.6450	3985.0410	1325.0300	  63.4130	1-0-00-0000-0000	0001
2015-09-07 22:12:00	1441663920	374.8173	76.7996	49.1532	431.6570	400.4560	3985.2330	1072.9990	  56.8660	1-0-00-0000-0000	0001
2015-09-08 01:12:00	1441674720	374.7641	77.0953	49.1650	423.0430	400.6390	3984.2730	1005.8500	  54.8410	1-0-00-0000-0000	0001
2015-09-08 04:12:00	1441685520	374.8007	77.3199	49.1609	425.5090	401.0370	3985.1200	1151.9190	  55.6200	1-0-00-0000-0000	0001
2015-09-08 07:12:00	1441696320	374.8249	77.2790	49.1574	413.2290	400.9890	3984.3030	 934.6260	  50.4150	1-0-00-0000-0000	0001
2015-09-08 10:12:00	1441707120	374.8290	78.2434	49.1616	426.2540	400.8810	3984.3260	1104.4890	  51.1570	1-0-00-0000-0000	0001
2015-09-08 13:12:00	1441717920	374.7938	78.7310	49.1616	431.7220	400.4440	3985.3020	1372.5140	  54.0230	1-0-00-0000-0000	0001
2015-09-08 16:12:00	1441728720	374.8159	78.9658	49.1581	413.3160	400.8850	3985.5670	1374.3670	  52.8490	1-0-00-0000-0000	0001
2015-09-08 19:12:00	1441739520	374.7925	78.7502	49.1595	432.2510	400.1950	3985.2650	1154.4540	  47.5510	1-0-00-0000-0000	0001
2015-09-08 22:12:00	1441750320	374.8242	78.7072	49.1567	428.5520	400.7160	3985.5480	1143.4090	  46.0110	1-0-00-0000-0000	0001
2015-09-09 01:12:00	1441761120	374.8449	79.1666	49.1664	440.3130	401.3930	3985.2840	 770.2180	  39.1930	1-0-00-0000-0000	0001
2015-09-09 04:12:00	1441771920	374.8139	79.3978	49.1588	420.7090	401.0400	3985.6940	1172.5320	  43.8410	1-0-00-0000-0000	0001
2015-09-09 07:12:00	1441782720	374.7869	79.3545	49.1532	438.1840	400.5790	3985.1470	 813.0060	  37.1020	1-0-00-0000-0000	0001
2015-09-09 10:12:00	1441793520	374.7731	79.6961	49.1602	432.8580	401.0430	3984.9980	 966.3960	  38.7550	1-0-00-0000-0000	0001
2015-09-09 16:12:00	1441815120	374.7911	80.4311	49.1581	424.9540	400.2060	3985.2830	1046.8790	  36.8490	1-0-00-0000-0000	0001
2015-09-09 19:12:00	1441825920	374.8014	79.7871	49.1616	427.2050	400.8120	3986.1070	1024.2430	  35.5100	1-0-00-0000-0000	0001
2015-09-09 22:12:00	1441836720	374.8125	79.2015	49.1553	439.8650	400.6380	3986.4260	 868.8550	  32.4350	1-0-00-0000-0000	0001
2015-09-10 01:12:00	1441847520	374.7786	79.3252	49.1525	429.5490	400.5860	3984.9000	 736.3110	  29.7810	1-0-00-0000-0000	0001
2015-09-10 04:12:00	1441858320	374.7552	79.4145	49.1560	429.9090	401.4870	3985.7380	 782.4680	  29.4330	1-0-00-0000-0000	0001
2015-09-10 07:12:00	1441869120	374.7883	79.0109	49.1519	422.0870	401.4390	3986.6680	 847.5660	  28.4330	1-0-00-0000-0000	0001
2015-09-10 10:12:00	1441879920	374.7731	79.2487	49.1560	436.4420	400.8860	3984.5420	1098.1230	  31.5570	1-0-00-0000-0000	0001
2015-09-10 13:12:00	1441890720	374.7925	79.5023	49.1609	425.5130	400.8260	3985.0850	 982.8540	  28.7320	1-0-00-0000-0000	0001
2015-09-10 16:12:00	1441901520	374.8049	79.5091	49.1505	425.7880	400.5190	3985.1960	 942.5070	  27.5000	1-0-00-0000-0000	0001
2015-09-10 19:12:00	1441912320	374.8159	79.3164	49.1595	431.2760	401.0330	3985.2570	 913.8980	  26.7690	1-0-00-0000-0000	0001
2015-09-10 22:12:00	1441923120	374.7931	79.2977	49.1539	436.1600	400.5060	3986.4040	 984.9380	  26.8770	1-0-00-0000-0000	0001
2015-09-11 01:12:00	1441933920	374.8014	79.3124	49.1553	421.0530	400.7600	3984.9080	 702.9580	  24.1850	1-0-00-0000-0000	0001
2015-09-11 04:12:00	1441944720	374.7904	78.9771	49.1519	420.8330	400.9690	3985.9490	 546.2080	  21.4210	1-0-00-0000-0000	0001
2015-09-11 07:12:00	1441955520	374.8277	78.6426	49.1546	422.8780	400.7960	3986.2620	 637.4010	  21.9580	1-0-00-0000-0000	0001
2015-09-11 12:06:00	1441973160	374.7821	80.1463	49.1567	406.2820	400.9150	3985.8300	1229.8860	  25.2740	1-0-00-0000-0000	0001
2015-09-11 16:30:00	1441989000	374.8173	79.9345	49.1637	425.8170	400.8510	3985.7120	1022.1670	  22.4560	1-0-00-0000-0000	0001
2015-09-11 19:30:00	1441999800	374.8028	79.4105	49.1935	423.7590	400.7800	3985.5370	 846.0860	  21.9750	1-0-00-0000-0000	0001
2015-09-11 22:30:00	1442010600	374.7959	79.4743	49.1650	420.4210	400.7770	3985.2950	1070.0840	  23.3660	1-0-00-0000-0000	0001
2015-09-12 01:30:00	1442021400	374.7973	79.5472	49.1588	433.4970	400.8890	3986.1900	 760.6640	  19.5970	1-0-00-0000-0000	0001
2015-09-12 04:30:00	1442032200	374.7938	79.6941	49.1588	444.0120	401.3220	3985.3850	 739.2830	  19.9480	1-0-00-0000-0000	0001
2015-09-12 07:30:00	1442043000	374.8228	79.5288	49.1532	433.2190	401.2130	3984.5090	 945.8920	  21.3010	1-0-00-0000-0000	0001
2015-09-12 10:30:00	1442053800	374.7911	80.2540	49.1588	428.9570	400.3770	3986.4780	 992.2920	  21.0880	1-0-00-0000-0000	0001
2015-09-12 13:30:00	1442064600	374.8373	81.2724	49.1630	437.2840	400.9770	3986.9580	1168.2360	  21.4160	1-0-00-0000-0000	0001
2015-09-12 16:30:00	1442075400	374.8083	81.9055	49.1650	418.8650	400.8230	3986.4760	1166.0080	  21.3540	1-0-00-0000-0000	0001
2015-09-12 19:30:00	1442086200	374.8449	81.2105	49.1630	437.4800	400.9430	3986.1090	1225.6450	  21.6220	1-0-00-0000-0000	0001
2015-09-12 22:30:00	1442097000	374.8380	80.8721	49.1616	436.0380	400.8300	3986.9540	 976.9020	  20.2120	1-0-00-0000-0000	0001
2015-09-13 01:30:00	1442107800	374.8394	80.7427	49.1602	430.9610	401.4490	3986.0320	1082.8340	  19.9030	1-0-00-0000-0000	0001
2015-09-13 04:30:00	1442118600	374.8435	80.9634	49.1574	426.6200	400.6400	3985.3440	1044.6650	  18.9790	1-0-00-0000-0000	0001
2015-09-13 07:30:00	1442129400	374.8063	81.5530	49.1595	443.3180	400.9120	3985.9570	1054.6580	  18.9270	1-0-00-0000-0000	0001
2015-09-13 10:30:00	1442140200	374.7862	82.7575	49.1664	429.5610	400.9870	3987.4020	 994.2880	  18.4330	1-0-00-0000-0000	0001
2015-09-13 13:30:00	1442151000	374.7897	83.3494	49.1644	419.3780	400.9880	3984.9110	1250.9870	  19.5200	1-0-00-0000-0000	0001
2015-09-13 16:30:00	1442161800	374.8774	82.7167	49.1602	428.2600	401.0140	3985.6980	1502.4980	  20.8590	1-0-00-0000-0000	0001
2015-09-13 19:30:00	1442172600	374.7593	83.5699	49.1595	418.9650	400.7100	3986.2490	1378.4530	  19.7190	1-0-00-0000-0000	0001
2015-09-13 22:30:00	1442183400	374.8152	83.7715	49.1664	428.2320	400.6790	3985.3720	 993.2200	  16.5980	1-0-00-0000-0000	0001
2015-09-14 01:30:00	1442194200	374.8470	84.4289	49.1644	433.0010	400.8060	3986.1570	1120.2410	  17.6390	1-0-00-0000-0000	0001
2015-09-14 04:30:00	1442205000	374.8152	84.8760	49.1657	406.0130	400.5210	3986.3080	1136.8090	  18.0710	1-0-00-0000-0000	0001
2015-09-14 07:30:00	1442215800	374.8201	84.0375	49.1609	431.0850	401.3500	3986.1850	1154.7420	  17.3200	1-0-00-0000-0000	0001
2015-09-14 14:06:00	1442239560	374.8394	83.4447	49.1588	428.2200	400.6710	3986.2390	1367.8420	  18.1810	1-0-00-0000-0000	0001
2015-09-14 17:06:00	1442250360	374.7883	83.6358	49.1609	416.8920	400.6410	3986.8090	1437.4100	  18.6510	1-0-00-0000-0000	0001
2015-09-14 20:06:00	1442261160	374.8139	82.6813	49.1664	424.6220	400.8630	3986.9270	1391.9480	  17.9880	1-0-00-0000-0000	0001
2015-09-14 23:06:00	1442271960	374.8456	82.4139	49.1616	428.1870	400.6160	3986.5010	1586.1400	  18.8670	1-0-00-0000-0000	0001
2015-09-15 02:06:00	1442282760	374.8125	82.3401	49.1602	431.3530	400.8560	3987.1030	1206.2620	  16.8930	1-0-00-0000-0000	0001
2015-09-15 05:06:00	1442293560	374.8180	82.7452	49.1692	419.3390	400.4670	3986.9500	1172.7790	  17.1410	1-0-00-0000-0000	0001
2015-09-15 08:06:00	1442304360	374.8256	82.9264	49.1664	407.9320	400.5520	3985.6650	1170.3110	  16.5770	1-0-00-0000-0000	0001
2015-09-15 11:06:00	1442315160	374.7925	83.4067	49.1692	427.4220	400.6600	3986.7310	1413.8640	  17.2040	1-0-00-0000-0000	0001
2015-09-15 14:06:00	1442325960	374.8284	83.4785	49.1699	428.0050	400.8790	3987.7960	1167.9250	  15.7430	1-0-00-0000-0000	0001
2015-09-15 17:06:00	1442336760	374.7828	83.3040	49.1644	421.9310	400.6420	3986.3960	1349.7120	  16.5480	1-0-00-0000-0000	0001
2015-09-15 20:06:00	1442347560	374.8290	83.4366	49.1616	429.9960	400.8210	3985.2690	1343.4750	  16.2330	1-0-00-0000-0000	0001
2015-09-15 23:06:00	1442358360	374.8056	84.0328	49.1657	423.2110	400.8360	3986.0770	1345.7850	  15.8710	1-0-00-0000-0000	0001
2015-09-16 02:06:00	1442369160	374.7490	84.8671	49.1678	425.6480	401.2160	3987.2610	1358.5630	  15.7120	1-0-00-0000-0000	0001
2015-09-16 05:06:00	1442379960	374.8042	85.1449	49.1706	420.3090	400.9730	3985.8600	1214.5210	  14.6080	1-0-00-0000-0000	0001
2015-09-16 08:06:00	1442390760	374.8277	85.0858	49.1699	416.3590	400.7120	3986.8230	1421.2360	  15.2330	1-0-00-0000-0000	0001
2015-09-16 11:06:00	1442401560	374.7980	86.5091	49.1685	423.9100	401.0380	3986.8760	1277.2620	  14.4770	1-0-00-0000-0000	0001
2015-09-16 14:06:00	1442412360	374.8422	86.3990	49.1713	408.4930	400.8010	3985.7650	1582.2520	  16.2070	1-0-00-0000-0000	0001
2015-09-16 17:06:00	1442423160	374.8263	86.5507	49.1685	407.1820	400.6640	3986.3610	1383.9540	  14.9230	1-0-00-0000-0000	0001
2015-09-16 20:06:00	1442433960	374.8173	85.9302	49.1734	412.3210	401.0810	3987.2290	1119.9690	  13.9750	1-0-00-0000-0000	0001
2015-09-16 23:06:00	1442444760	374.8359	85.6786	49.1664	401.8420	401.4050	3986.3150	1537.1650	  15.3020	1-0-00-0000-0000	0001
2015-09-17 02:06:00	1442455560	374.8028	85.7615	49.1650	422.0650	400.8130	3985.5960	1652.7390	  15.8510	1-0-00-0000-0000	0001
2015-09-17 05:06:00	1442466360	374.7973	85.7204	49.1623	420.5650	400.7190	3986.2850	1248.9640	  14.8350	1-0-00-0000-0000	0001
2015-09-17 08:06:00	1442477160	374.8090	86.4824	49.1630	417.5370	401.0610	3986.4340	1214.2560	  14.1610	1-0-00-0000-0000	0001
2015-09-17 11:06:00	1442487960	374.8415	87.9775	49.1685	412.2480	401.4500	3986.9270	1074.2930	  13.9490	1-0-00-0000-0000	0001
2015-09-17 14:06:00	1442498760	374.7966	86.1913	49.1650	416.4700	400.8630	3985.7680	1230.2370	  13.5450	1-0-00-0000-0000	0001
2015-09-17 17:06:00	1442509560	374.8601	84.0143	49.1664	443.1040	400.4070	3985.7630	 967.9620	  11.9070	1-0-00-0000-0000	0001
2015-09-17 20:06:00	1442520360	374.8366	83.3259	49.1650	436.7030	400.8190	3985.4130	1338.3500	  13.5720	1-0-00-0000-0000	0001
2015-09-17 23:06:00	1442531160	374.8076	83.0020	49.1567	442.2490	400.5260	3984.9020	1350.8820	  13.7140	1-0-00-0000-0000	0001
2015-09-18 02:06:00	1442541960	374.7869	82.8067	49.1553	425.6480	400.7180	3985.7180	1259.3080	  12.8280	1-0-00-0000-0000	0001
2015-09-18 05:06:00	1442552760	374.8187	83.0082	49.1685	432.5270	401.0580	3985.1730	1312.6750	  13.8100	1-0-00-0000-0000	0001
2015-09-18 08:06:00	1442563560	374.7738	82.8205	49.1762	431.1200	400.8060	3985.7970	1420.3420	  13.9880	1-0-00-0000-0000	0001
2015-09-18 11:06:00	1442574360	374.8228	83.5313	49.1623	444.8120	401.0840	3985.6720	1589.2890	  13.4900	1-0-00-0000-0000	0001
2015-09-18 14:06:00	1442585160	374.8435	83.1495	49.1664	398.8270	400.9140	3985.8060	1657.7660	  14.3190	1-0-00-0000-0000	0001
2015-09-18 17:06:00	1442595960	374.8187	82.3810	49.1630	440.2110	400.7610	3986.2690	1122.9760	  11.5050	1-0-00-0000-0000	0001
2015-09-18 20:06:00	1442606760	374.7849	81.7847	49.1581	433.2880	400.8520	3985.9110	1545.8750	  13.4320	1-0-00-0000-0000	0001
2015-09-18 23:06:00	1442617560	374.7835	81.4879	49.1616	439.5160	400.6630	3985.9840	1358.0510	  13.3480	1-0-00-0000-0000	0001
2015-09-19 02:06:00	1442628360	374.8152	81.5070	49.1650	441.0510	400.7510	3986.2710	1178.8250	  11.9010	1-0-00-0000-0000	0001
2015-09-19 05:06:00	1442639160	374.7925	81.6716	49.1623	448.0520	400.7010	3985.7850	 850.8520	  10.4080	1-0-00-0000-0000	0001
2015-09-19 08:06:00	1442649960	374.8284	82.2004	49.1637	440.7560	400.9130	3986.3730	1263.9910	  12.1740	1-0-00-0000-0000	0001
2015-09-19 11:06:00	1442660760	375.0389	80.5916	49.7205	440.2960	400.7260	3985.6870	1193.9200	  12.5800	1-0-00-0000-0000	0001
2015-09-19 14:06:00	1442671560	374.8007	80.7988	49.1602	418.9340	400.7600	3986.6300	1475.2110	  13.2620	1-0-00-0000-0000	0001
2015-09-19 17:06:00	1442682360	374.8221	80.3724	49.1602	435.9000	401.4870	3985.7240	1535.1860	  12.5570	1-0-00-0000-0000	0001
2015-09-19 20:06:00	1442693160	374.8408	79.8852	49.1609	435.6040	401.3600	3985.6210	1037.7980	  11.5220	1-0-00-0000-0000	0001
2015-09-19 23:06:00	1442703960	374.8049	79.5610	49.1637	421.4030	400.6750	3986.2220	1550.5960	  12.6310	1-0-00-0000-0000	0001
2015-09-20 02:06:00	1442714760	374.8035	79.5496	49.1713	444.7280	401.0230	3984.8780	1623.5220	  13.1080	1-0-00-0000-0000	0001
2015-09-20 05:06:00	1442725560	374.8007	79.2517	49.1616	423.7190	400.9720	3986.2010	1253.4900	  11.6810	1-0-00-0000-0000	0001
2015-09-20 08:06:00	1442736360	374.7883	78.7080	49.1637	435.2910	401.0020	3986.4670	1407.6240	  12.0660	1-0-00-0000-0000	0001
2015-09-20 11:06:00	1442747160	374.7821	78.7595	49.1685	451.9350	400.9470	3986.2700	1306.3650	  11.6130	1-0-00-0000-0000	0001
2015-09-20 14:06:00	1442757960	375.4566	78.9879	49.9274	428.1710	401.0910	3986.1870	1309.7080	  11.5350	1-0-00-0000-0000	0001
2015-09-20 17:06:00	1442768760	374.7586	79.1202	49.1539	438.0840	400.8940	3986.6500	1407.9520	  12.2700	1-0-00-0000-0000	0001
2015-09-20 20:06:00	1442779560	374.8256	79.0107	49.1637	439.3210	401.0140	3987.0240	1568.3720	  12.6820	1-0-00-0000-0000	0001
2015-09-20 23:06:00	1442790360	374.7786	79.0055	49.1574	439.8530	401.1560	3986.5830	1419.3890	  12.3930	1-0-00-0000-0000	0001
2015-09-21 02:06:00	1442801160	374.7579	79.4530	49.1630	443.8350	401.3550	3986.0280	1478.6850	  11.7320	1-0-00-0000-0000	0001
2015-09-21 05:06:00	1442811960	374.8194	79.9958	49.1623	433.9910	401.0380	3985.9340	1360.6360	  11.4260	1-0-00-0000-0000	0001
2015-09-21 08:06:00	1442822760	374.7925	80.3271	49.1574	420.9850	401.1850	3986.0250	1237.4740	  11.1890	1-0-00-0000-0000	0001
