time	epoch_time	flow	exhaust	p_flow	N2O_ppb	CO2_ppm	CH4_ppb	H2O_ppm	NH3_ppb	bin_INC2	bin_INC_valve	days	sd_flow	sd_exhaust	sd_N2O_ppb	sd_CO2_ppm	sd_CH4_ppb	sd_H2O_ppm	sd_NH3_ppb	rg_flow	rg_exhaust	rg_N2O_ppb	rg_CO2_ppm	rg_CH4_ppb	rg_H2O_ppm	rg_NH3_ppb
2015-08-06 16:54:00	1438880040	374.9312	62.7915	49.1491	421.081	400.625	3985.365	438.853	4.283	1-0-00-0000-0000	1	-4.964583	0.1909	0.149	3.057	0.25	0.597	23.411	0.181	375.3731	63.1828	7.307	0.76	2.169	88.768	0.686
2015-08-06 19:54:00	1438890840	374.8884	62.2549	49.1227	424.81	401.006	3984	349.83	3.703	1-0-00-0000-0000	1	-4.839583	0.2144	0.1709	3.929	0.485	0.821	49.247	0.221	376.0359	62.7784	10.471	1.858	2.456	134.088	0.818
2015-08-06 22:54:00	1438901640	374.8691	61.3829	49.1241	419.123	400.55	3984.462	844.96	5.639	1-0-00-0000-0000	1	-4.714583	0.1898	0.1717	1.277	0.346	0.651	38.628	0.126	375.2902	61.8029	4.586	1.181	2.097	143.735	0.474
2015-08-07 01:54:00	1438912440	374.8546	61.8387	49.1359	415.273	400.924	3985.438	811.15	4.911	1-0-00-0000-0000	1	-4.589583	0.1933	0.1463	3.252	0.367	0.879	32.141	0.636	375.2488	62.1944	9.523	1.268	2.914	74.81	2.118
2015-08-07 04:54:00	1438923240	374.8919	61.788	49.1456	419.928	400.227	3985.718	930.661	5.387	1-0-00-0000-0000	1	-4.464583	0.1609	0.1149	1.425	0.437	0.493	16.843	0.203	375.2902	62.0468	4.673	1.275	1.54	56.644	0.775
2015-08-07 07:54:00	1438934040	374.8	62.5386	49.1276	411.251	400.941	3986.667	951.036	6.127	1-0-00-0000-0000	1	-4.339583	0.2118	0.1619	2.989	0.434	0.596	23.644	0.513	375.3731	62.9774	8.775	1.537	2.039	71.277	1.955
2015-08-07 14:42:00	1438958520	374.8912	64.878	49.1428	418.757	400.78	3985.309	632.906	4.823	1-0-00-0000-0000	1	-4.056250	0.16	0.1287	2.086	0.423	0.426	21.109	0.24	375.2488	65.1403	6.651	1.659	1.691	75.814	0.78
2015-08-07 17:42:00	1438969320	374.9057	64.7353	49.1442	413.169	400.19	3984.589	876.984	5.435	1-0-00-0000-0000	1	-3.931250	0.1741	0.1033	1.962	0.288	2.593	24.209	0.625	375.4145	64.967	5.796	0.942	9.586	89.783	1.95
2015-08-07 20:42:00	1438980120	374.8933	64.2002	49.1498	416.95	400.798	3984.92	797.304	5.099	1-0-00-0000-0000	1	-3.806250	0.1931	0.1298	1.528	0.625	0.506	14.645	0.233	375.3317	64.4471	4.255	2.328	1.917	55.413	0.773
2015-08-07 23:42:00	1438990920	374.8567	64.4138	49.156	409.789	400.477	3986.554	414.661	4.813	1-0-00-0000-0000	1	-3.681250	0.1826	0.1327	1.225	0.589	1.545	36.178	0.692	375.2902	64.6589	4.306	1.92	6.563	110.466	2.483
2015-08-08 02:42:00	1439001720	374.8228	64.5089	49.2185	409.549	400.818	3985.856	825.573	5.727	1-0-00-0000-0000	1	-3.556250	0.1695	0.1694	2.649	0.105	1.01	20.283	0.244	375.166	65.5061	7.102	0.421	3.954	75.297	0.755
2015-08-08 05:42:00	1439012520	374.8194	64.1746	49.1588	426.821	401.166	3985.027	684.641	4.835	1-0-00-0000-0000	1	-3.431250	0.1834	0.1052	6.467	0.392	0.529	20.319	0.699	375.2488	64.3958	16.84	1.171	1.877	73.764	2.372
2015-08-08 08:42:00	1439023320	374.8511	63.8611	49.1442	415.854	400.979	3986.005	738.839	5.071	1-0-00-0000-0000	1	-3.306250	0.1985	0.1028	3.555	0.555	1.143	34.518	0.897	375.2902	64.0685	8.988	1.713	3.752	95.247	2.906
2015-08-08 11:42:00	1439034120	374.8732	64.8749	49.1512	409.617	400.754	3986.538	537.534	5.246	1-0-00-0000-0000	1	-3.181250	0.1603	0.1148	1.301	0.745	0.693	44.764	0.393	375.4559	65.1146	4.69	2.762	2.154	163.727	1.176
2015-08-08 14:42:00	1439044920	374.9216	65.8726	49.1491	407.44	400.741	3985.289	540.653	5.174	1-0-00-0000-0000	1	-3.056250	0.1902	0.1225	2.256	0.305	0.624	18.402	0.621	375.4145	66.0838	7.478	0.92	2.096	66.563	2.361
2015-08-08 17:42:00	1439055720	374.9112	65.2339	49.1456	416.843	400.46	3985.977	516.108	4.728	1-0-00-0000-0000	1	-2.931250	0.1752	0.1223	0.842	0.223	0.557	46.871	0.594	375.2902	65.5639	3.56	0.689	1.815	136.986	1.54
2015-08-08 20:42:00	1439066520	374.8594	64.4124	49.1352	408.477	400.275	3985.534	723.728	5.84	1-0-00-0000-0000	1	-2.806250	0.1816	0.1471	1.342	0.828	0.967	12.39	0.519	375.2488	64.691	5.421	2.108	3.498	42.473	1.837
2015-08-08 23:42:00	1439077320	374.8815	66.2638	49.1477	420.182	400.514	3985.57	653.575	5.804	1-0-00-0000-0000	1	-2.681250	0.2013	0.1047	3.289	0.31	0.569	29.442	0.414	375.6216	66.5138	9.247	1.188	2.699	90.738	1.4
2015-08-09 02:42:00	1439088120	374.8401	67.9709	49.1477	437.764	400.667	3985.97	302.089	3.789	1-0-00-0000-0000	1	-2.556250	0.1918	0.121	2.174	0.57	1.13	72.523	0.469	375.166	68.1953	6.44	1.644	4.23	255.252	1.466
2015-08-09 05:42:00	1439098920	374.8498	67.7283	49.1428	408.632	400.837	3984.866	426.461	5.688	1-0-00-0000-0000	1	-2.431250	0.2108	0.1274	1.477	0.15	1.035	29.452	0.931	375.3317	68.0028	4.633	0.445	3.248	96.142	2.377
2015-08-09 08:42:00	1439109720	374.8284	67.8562	49.1414	424.705	400.689	3984.569	740.544	6.179	1-0-00-0000-0000	1	-2.306250	0.1639	0.1467	2.445	0.336	1.158	12.362	0.295	375.2074	68.1311	8.121	1.118	3.869	41.387	1.193
2015-08-09 11:42:00	1439120520	374.9057	69.0907	49.2011	415.905	400.725	3984.538	1191.798	7.828	1-0-00-0000-0000	1	-2.181250	0.1999	0.1281	2.836	0.238	1.787	7.228	0.359	375.5388	69.5752	10.013	0.808	5.963	27.576	1.26
2015-08-09 14:42:00	1439131320	374.9071	69.7873	49.1539	407.517	399.877	3986.043	537.587	6.154	1-0-00-0000-0000	1	-2.056250	0.1505	0.1093	2.29	0.188	0.943	28.389	0.698	375.2488	70.0117	7.599	0.686	2.991	103.201	2.46
2015-08-09 17:42:00	1439142120	374.8863	69.9642	49.1525	423.551	400.171	3986.083	813.907	6.712	1-0-00-0000-0000	1	-1.931250	0.1783	0.1	4.524	0.344	2.187	22.7	0.542	375.4559	70.1336	13.256	0.956	8.034	75.302	2.016
2015-08-09 20:42:00	1439152920	374.8698	68.1356	49.1407	406.301	400.69	3986.085	628.073	6.238	1-0-00-0000-0000	1	-1.806250	0.1714	0.0874	1.23	0.113	3.225	22.961	0.13	375.166	68.3044	3.912	0.376	11.851	61.989	0.465
2015-08-09 23:42:00	1439163720	374.8394	68.0086	49.147	426.935	400.329	3985.14	690.739	6.777	1-0-00-0000-0000	1	-1.681250	0.198	0.1075	2.552	0.3	1.214	12.868	0.098	375.2488	68.2852	8.273	1.124	5.301	34.813	0.401
2015-08-10 02:42:00	1439174520	374.8663	68.3577	49.1477	416.562	400.317	3986.005	816.956	6.801	1-0-00-0000-0000	1	-1.556250	0.1766	0.1296	1.334	0.287	1.322	4.491	0.51	375.2902	68.7088	4.529	1.056	5.238	15.53	1.437
2015-08-10 05:42:00	1439185320	374.8511	68.2474	49.1449	424.895	401.019	3985.714	854.83	7.341	1-0-00-0000-0000	1	-1.431250	0.1647	0.1281	1.02	0.235	0.451	24.476	0.439	375.2488	68.5868	3.286	0.834	1.691	88.351	1.312
2015-08-10 08:42:00	1439196120	374.8256	68.719	49.1491	418.548	400.545	3984.707	756.797	7.166	1-0-00-0000-0000	1	-1.306250	0.1862	0.1173	1.168	0.213	2.206	30.739	0.407	375.166	68.9655	3.997	0.691	8.12	92.823	1.241
2015-08-10 11:42:00	1439206920	374.8677	69.3627	49.1435	411.509	400.792	3985.479	404.452	6.152	1-0-00-0000-0000	1	-1.181250	0.1734	0.1265	0.901	0.269	0.838	33.011	0.392	375.2488	69.6458	2.912	0.879	2.194	122.934	1.358
2015-08-10 14:42:00	1439217720	374.8684	70.5885	49.1463	414.868	400.491	3985.928	695.266	6.862	1-0-00-0000-0000	1	-1.056250	0.1595	0.1019	0.541	0.133	1.268	14.282	0.322	375.2488	70.8332	1.773	0.54	5.791	57.932	1.19
2015-08-10 17:42:00	1439228520	374.8988	72.2248	49.1581	406.157	401.167	3985.712	1153.865	8.682	1-0-00-0000-0000	1	-0.931250	0.1602	0.0962	2.426	0.205	0.764	9.908	0.196	375.2902	72.4184	7.305	0.809	2.431	31.695	0.666
2015-08-10 20:42:00	1439239320	374.8781	70.3061	49.1581	415.214	400.685	3986.306	671.499	6.247	1-0-00-0000-0000	1	-0.806250	0.1689	0.111	1.145	0.173	1.162	51.805	0.589	375.3317	70.5829	3.572	0.692	2.874	169.307	1.88
2015-08-10 23:42:00	1439250120	374.8663	70.409	49.1623	412.477	401.063	3986.085	430.203	5.675	1-0-00-0000-0000	1	-0.681250	0.1672	0.1053	0.972	0.368	0.866	26.411	0.456	375.2902	70.7947	4.302	1.177	2.678	84.91	1.441
2015-08-11 02:42:00	1439260920	374.8767	70.7962	49.1401	406.122	400.677	3984.996	754.575	7.604	1-0-00-0000-0000	1	-0.556250	0.2843	0.1376	1.636	0.293	0.886	11.631	0.349	376.533	71.2054	4.639	0.892	2.98	41.615	0.93
2015-08-11 05:42:00	1439271720	374.838	70.4483	49.1546	408.099	400.824	3985.768	554.104	7.152	1-0-00-0000-0000	1	-0.431250	0.182	0.1371	1.319	0.388	0.979	21.291	0.499	375.3317	70.7433	4.694	1.077	4.259	76.593	1.647
2015-08-11 08:42:00	1439282520	374.8435	69.9823	49.1463	414.776	400.872	3984.95	564.751	6.216	1-0-00-0000-0000	1	-0.306250	0.1529	0.112	2.238	0.28	1.789	22.124	0.777	375.2488	70.2684	6.757	1.012	6.041	83.49	2.371
2015-08-11 12:00:00	1439294400	374.856	70.9079	49.1539	420.21	400.683	3986.315	448.764	6.267	1-0-00-0000-0000	1	-0.168750	0.2049	0.1009	1.543	0.377	0.486	20.662	0.287	375.2074	71.0963	6.907	1.177	1.788	73.541	1.084
2015-08-11 21:48:00	1439329680	374.8415	72.3897	49.1491	414.081	400.604	3983.795	2115.539	13.493	1-0-00-0000-0000	1	0.239583	0.1895	0.1601	5.866	0.568	1.389	43.911	0.497	375.3731	72.7458	15.801	1.789	5.468	121.907	1.448
2015-08-12 00:48:00	1439340480	374.8318	70.6522	49.1449	420.224	401.079	3985.246	1943.841	13.348	1-0-00-0000-0000	1	0.364583	0.1535	0.1148	2.575	0.522	0.68	39.488	0.39	375.166	70.846	7.087	1.629	1.627	126.891	1.422
2015-08-12 03:48:00	1439351280	374.8781	71.7894	49.1491	412.434	400.8	3985.698	2039.509	14.482	1-0-00-0000-0000	1	0.489583	0.1924	0.1207	3.271	0.381	0.887	61.411	0.318	375.3317	72.0847	10.006	1.214	3.003	189.532	1.057
2015-08-12 06:48:00	1439362080	374.7987	70.0398	49.147	425.741	401.231	3985.422	1809.487	12.302	1-0-00-0000-0000	1	0.614583	0.1982	0.1261	3.671	0.301	0.682	46.685	0.33	375.2074	70.3005	11.734	1.053	2.904	139.039	1.07
2015-08-12 09:48:00	1439372880	374.8587	66.5427	49.1755	405.148	401.464	3979.685	2220.817	17.311	1-0-00-0000-0000	1	0.739583	0.2545	0.2398	1.672	0.513	17.79	64.78	0.284	375.5388	67.1428	4.894	1.664	74.628	210.706	1.136
2015-08-12 12:48:00	1439383680	374.8125	71.6679	49.1567	429.659	400.91	3985.661	4416.7	19.73	1-0-00-0000-0000	1	0.864583	0.2133	0.1344	2.875	0.381	0.993	27.537	0.587	375.2074	72.0719	9.357	1.202	3.562	69.016	1.989
2015-08-12 15:48:00	1439394480	374.8705	71.7548	49.1428	404.563	401.164	3986.318	5470.906	20.822	1-0-00-0000-0000	1	0.989583	0.2867	0.1159	1.184	0.372	0.639	46.729	0.366	376.1602	72.1553	3.138	1.069	2.219	146.845	1.382
2015-08-12 18:48:00	1439405280	374.867	71.3448	49.138	412.048	400.877	3986.911	4482.151	18.834	1-0-00-0000-0000	1	1.114583	0.1996	0.1203	2.285	0.361	1.378	221.888	0.752	375.2488	71.5969	8.336	1.246	5.869	700.063	2.392
2015-08-12 21:48:00	1439416080	374.8511	72.5943	49.1539	412.904	400.678	3985.682	3636.619	16.796	1-0-00-0000-0000	1	1.239583	0.1685	0.116	2.714	0.29	0.916	157.97	0.562	375.2488	72.9191	10.334	0.916	3.987	510.75	1.929
2015-08-13 00:48:00	1439426880	374.8408	72.0975	49.1595	409.491	400.876	3985.856	3227.479	16.367	1-0-00-0000-0000	1	1.364583	0.2669	0.1601	1.984	0.387	1.699	107.644	0.33	375.3317	72.5019	6.081	1.625	7.398	356.058	1.407
2015-08-13 03:48:00	1439437680	374.8594	72.2203	49.1977	413.637	400.968	3985.264	4046.466	17.382	1-0-00-0000-0000	1	1.489583	0.2058	0.1168	3.601	0.516	0.713	154.03	0.56	375.2488	72.4698	10.608	1.629	2.401	498.93	1.729
2015-08-13 06:48:00	1439448480	374.8498	72.1689	49.1553	425.56	401.078	3985.374	3706.565	16.613	1-0-00-0000-0000	1	1.614583	0.1926	0.1249	1.421	0.404	0.309	155.923	0.591	375.2488	72.3928	6.145	1.299	1.064	521.447	1.888
2015-08-13 09:48:00	1439459280	374.8284	73.6908	49.1491	422.827	401.037	3985.501	4098.219	17.855	1-0-00-0000-0000	1	1.739583	0.1917	0.1158	1.741	0.406	0.36	114.85	0.352	375.2074	73.9524	6.646	1.369	1.313	348.958	1.314
2015-08-13 12:48:00	1439470080	374.8449	75.1863	49.1491	415.953	400.858	3985.009	3692.454	16.979	1-0-00-0000-0000	1	1.864583	0.1566	0.1273	1.536	0.357	0.919	155.045	0.446	375.166	75.4927	6.642	1.267	2.7	480.649	1.386
2015-08-13 15:48:00	1439480880	374.9395	75.9617	49.165	421.245	400.873	3985.23	3459.329	17.223	1-0-00-0000-0000	1	1.989583	0.2154	0.126	3.923	0.424	1.249	190.477	0.985	375.3317	76.2051	11.659	1.612	4.726	586.142	3.211
2015-08-13 18:48:00	1439491680	374.8905	75.9921	49.1637	408.859	401.122	3985.474	3073.267	16.47	1-0-00-0000-0000	1	2.114583	0.1572	0.1069	1.818	0.23	0.488	127.335	0.709	375.3317	76.3014	6.148	0.74	2.43	405.303	2.159
2015-08-13 21:48:00	1439502480	374.8774	75.0153	49.1553	413.552	400.868	3986.9	3960.985	17.897	1-0-00-0000-0000	1	2.239583	0.1917	0.1035	1.276	0.422	1.852	178.709	0.643	375.4145	75.2617	4.111	1.554	6.494	561.869	1.683
2015-08-14 00:48:00	1439513280	374.8767	74.0545	49.1407	410.175	400.731	3984.364	4131.912	18.5	1-0-00-0000-0000	1	2.364583	0.1926	0.1041	1.314	0.328	0.484	180.015	0.285	375.2488	74.331	3.968	1.011	1.463	550.036	0.878
2015-08-14 03:48:00	1439524080	374.8201	73.4139	49.156	407.645	400.763	3984.505	3457.796	17.343	1-0-00-0000-0000	1	2.489583	0.1833	0.1163	1.302	0.342	0.541	155.122	0.55	375.166	73.67	3.949	0.957	1.456	514.417	2.01
2015-08-14 06:48:00	1439534880	374.8166	73.3393	49.1519	413.792	401.041	3985.661	3106.118	17.01	1-0-00-0000-0000	1	2.614583	0.2	0.1387	3.536	0.493	0.817	172.462	0.317	375.3731	73.6571	9.839	1.155	2.151	545.17	1.191
2015-08-14 09:48:00	1439545680	374.8539	74.7575	49.163	422.829	400.993	3986.169	3304.926	17.011	1-0-00-0000-0000	1	2.739583	0.1973	0.098	2.441	0.581	0.502	137.636	0.216	375.4559	75.0242	7.058	1.586	1.488	469.415	0.915
2015-08-14 15:12:00	1439565120	374.8836	76.1821	49.2317	421.684	401.273	3984.818	3540.558	17.366	1-0-00-0000-0000	1	2.964583	0.1738	0.1446	3.07	0.303	0.748	67.466	0.402	375.2902	76.6993	9.185	0.814	2.458	221.039	1.339
2015-08-14 18:12:00	1439575920	374.9229	75.2	49.1595	411.124	400.914	3985.18	3421.25	16.789	1-0-00-0000-0000	1	3.089583	0.2148	0.1239	1.386	0.164	1.433	80.861	0.492	375.8288	75.4927	5.022	0.619	5.715	239.636	1.489
2015-08-14 21:12:00	1439586720	374.8166	74.7888	49.1407	415.181	400.531	3985.09	3092.483	16.567	1-0-00-0000-0000	1	3.214583	0.2489	0.1125	1.106	0.238	0.95	223.89	0.494	376.3259	75.0499	3.557	0.641	3.337	723.345	1.657
2015-08-15 00:12:00	1439597520	374.8366	73.8852	49.1227	408.011	401.07	3985.68	4766.281	19.611	1-0-00-0000-0000	1	3.339583	0.2267	0.1266	2.807	0.39	1.053	108.14	0.689	375.4559	74.1834	8.646	1.38	4.087	323.963	2.119
2015-08-15 03:12:00	1439608320	374.7925	73.9802	49.1546	419.489	401.128	3985.416	5001.534	19.882	1-0-00-0000-0000	1	3.464583	0.1711	0.1131	1.883	0.157	0.416	156.923	0.282	375.2488	74.2412	6.359	0.688	1.695	530.398	0.908
2015-08-15 06:12:00	1439619120	374.8097	75.4754	49.1623	410.365	400.808	3986.358	5139.867	19.828	1-0-00-0000-0000	1	3.589583	0.1738	0.1247	2.122	0.38	0.927	125.974	0.591	375.2902	75.7944	5.909	1.257	4.255	417.216	1.636
2015-08-15 09:12:00	1439629920	374.8021	76.8434	49.1449	416.375	400.912	3986.673	4121.021	18.966	1-0-00-0000-0000	1	3.714583	0.1459	0.1354	2.073	0.685	0.322	117.874	0.416	375.0831	77.2513	7.096	2.16	1.127	362.304	1.369
2015-08-15 12:12:00	1439640720	374.7773	77.8964	49.1623	406.538	400.869	3985.466	4438.857	19.113	1-0-00-0000-0000	1	3.839583	0.181	0.1144	6.54	0.356	0.249	164.06	0.206	375.166	78.1306	17.369	1.052	1.019	522.205	0.915
2015-08-15 15:12:00	1439651520	374.7994	77.9735	49.1789	413.824	400.726	3986.739	4550.446	18.665	1-0-00-0000-0000	1	3.964583	0.1546	0.103	2.812	0.551	0.66	128.223	0.332	375.166	78.1883	8.648	1.84	2.196	430.299	1.058
2015-08-15 18:12:00	1439662320	374.8187	77.8951	49.1609	409.247	400.857	3985.243	4592.672	18.417	1-0-00-0000-0000	1	4.089583	0.1777	0.1353	4.471	0.404	1.032	84.789	0.331	375.2488	78.1562	12.507	1.244	4.927	276.748	1.02
2015-08-15 21:12:00	1439673120	374.8601	78.1212	49.1338	412.093	401.017	3985.54	4508.232	17.884	1-0-00-0000-0000	1	4.214583	0.4626	0.1786	1.367	0.297	0.675	99.531	0.426	378.1486	79.0933	4.507	0.906	2.023	304.286	1.357
2015-08-16 00:12:00	1439683920	374.8125	78.6038	49.1609	422.16	400.878	3986.078	4384.133	18.208	1-0-00-0000-0000	1	4.339583	0.1839	0.1491	0.894	0.276	1.195	71.907	0.581	375.2902	78.9585	3.36	0.915	6.091	220.788	2.536
2015-08-16 03:12:00	1439694720	374.7973	78.4568	49.1276	408.047	401.171	3985.969	5171.575	19.016	1-0-00-0000-0000	1	4.464583	0.1686	0.1121	3.306	0.551	0.828	105.721	0.538	375.166	78.7788	11.388	1.839	2.78	338.377	1.605
2015-08-16 06:12:00	1439705520	374.8125	78.3241	49.1519	417.302	401.201	3985.234	4140.759	16.877	1-0-00-0000-0000	1	4.589583	0.1895	0.1212	2.943	0.432	0.89	201.428	0.489	375.2488	78.6184	8.684	1.264	3.411	613.577	1.788
2015-08-16 09:12:00	1439716320	374.7931	78.368	49.1519	415.888	400.833	3986.024	4643.132	17.852	1-0-00-0000-0000	1	4.714583	0.1731	0.1214	2.58	0.254	0.727	224.464	0.877	375.1245	78.6184	7.077	0.87	2.861	717.87	2.673
2015-08-16 12:12:00	1439727120	374.8201	78.9077	49.1539	416.514	400.859	3985.002	2541.844	13.488	1-0-00-0000-0000	1	4.839583	0.1703	0.1053	1.382	0.3	0.892	124.208	0.406	375.2074	79.1767	5.034	0.798	2.839	403.253	1.369
2015-08-16 15:12:00	1439737920	374.8083	78.4715	49.1623	418.502	400.717	3985.415	3054.265	14.75	1-0-00-0000-0000	1	4.964583	0.1974	0.1425	2.277	0.341	0.947	175.167	0.611	375.2902	78.8366	6.301	1.129	3.54	553.637	1.864
2015-08-16 18:12:00	1439748720	374.8401	78.8174	49.1664	406.975	400.563	3985.284	3751.631	16.185	1-0-00-0000-0000	1	5.089583	0.1733	0.1664	3.522	0.326	0.58	93.956	0.555	375.2074	79.2602	10.838	1.077	2.155	316.455	1.862
2015-08-16 21:12:00	1439759520	374.8435	77.9727	49.1394	417.015	400.255	3985.68	4270.765	16.719	1-0-00-0000-0000	1	5.214583	0.4663	0.1367	3.424	0.559	0.825	147.475	0.081	378.1072	78.7531	9.323	1.832	2.65	474.871	0.336
2015-08-17 00:12:00	1439770320	374.8353	76.7541	49.1317	424.625	400.918	3984.701	4638.905	17.49	1-0-00-0000-0000	1	5.339583	0.246	0.1221	1.91	0.286	0.572	133.575	0.605	376.243	76.9817	6.476	0.904	2.266	433.138	2.277
2015-08-17 03:12:00	1439781120	374.8373	76.3969	49.156	419.61	400.342	3985.272	3811.631	16.122	1-0-00-0000-0000	1	5.464583	0.1959	0.1345	2.825	0.119	0.638	120.835	0.208	375.2902	76.7764	8.082	0.394	2.577	375.497	0.711
2015-08-17 06:12:00	1439791920	374.8463	75.8152	49.1407	417.2	401.01	3972.049	3422.14	14.999	1-0-00-0000-0000	1	5.589583	0.1702	0.1343	1.482	0.252	27.867	242.662	1.052	375.166	76.1795	4.841	0.94	100.09	766.556	2.785
2015-08-17 09:12:00	1439802720	374.7911	75.4929	49.1505	410.064	400.837	3984.723	2882.757	14.296	1-0-00-0000-0000	1	5.714583	0.159	0.1153	1.22	0.146	0.583	103.023	0.607	375.1245	75.7559	4.384	0.514	2.428	304.866	1.596
2015-08-17 12:12:00	1439813520	374.7517	75.9289	49.1401	424.873	400.828	3985.319	3030.811	13.796	1-0-00-0000-0000	1	5.839583	0.2251	0.1185	2.301	0.197	1.285	130.167	0.235	375.2074	76.173	7.944	0.674	5.948	407.875	0.758
2015-08-17 20:54:00	1439844840	374.8104	75.4322	49.1623	390.078	400.981	3986.691	6634.358	19.17	1-0-00-0000-0000	1	6.202083	0.2055	0.1067	1.412	0.411	1.462	31.602	0.314	375.2488	75.6147	4.559	1.494	6.47	110.743	1.073
2015-08-17 23:54:00	1439855640	374.7959	75.1783	49.163	423.516	400.767	3984.794	5791.081	17.144	1-0-00-0000-0000	1	6.327083	0.2053	0.1147	0.932	0.534	0.562	33.886	0.736	375.2902	75.3965	3.862	1.452	2.352	103.221	1.993
2015-08-18 02:54:00	1439866440	374.7945	74.998	49.5726	411.507	400.347	3985.45	5930.902	17.226	1-0-00-0000-0000	1	6.452083	0.184	0.1288	2.939	0.156	0.823	50.522	0.197	375.2488	75.3323	9.89	0.628	2.744	161.609	0.678
2015-08-18 05:54:00	1439877240	374.7704	75.0563	49.1907	403.403	401.08	3987.011	7027.168	18.154	1-0-00-0000-0000	1	6.577083	0.2404	0.1208	2.854	0.369	0.541	34.165	0.379	375.2902	75.313	9.181	1.315	1.889	111.613	1.238
2015-08-18 11:54:00	1439898840	374.8263	75.4156	49.2095	422.109	401.048	3987.261	6493.196	16.414	1-0-00-0000-0000	1	6.827083	0.157	0.1092	1.357	0.407	0.876	29.767	0.271	375.1245	75.5954	4.463	1.471	4.052	103.22	0.829
2015-08-18 14:54:00	1439909640	374.7807	75.5296	49.1525	408.299	400.907	3985.147	6016.48	16.176	1-0-00-0000-0000	1	6.952083	0.1887	0.1051	3.185	0.602	0.74	36.48	0.748	375.2074	75.8778	8.263	1.914	3.273	110.238	2.549
2015-08-18 17:54:00	1439920440	374.8	74.8566	49.1421	422.248	401.28	3985.272	4684.09	15.5	1-0-00-0000-0000	1	7.077083	0.1951	0.1106	0.932	0.218	0.857	63.378	0.299	375.2488	75.1461	3.269	0.793	2.963	201.399	1.049
2015-08-18 20:54:00	1439931240	374.78	74.605	49.1456	415.275	400.866	3985.728	4534.066	15.851	1-0-00-0000-0000	1	7.202083	0.1658	0.1092	2.494	0.452	0.293	71.745	0.529	375.2488	74.8766	7.502	1.718	0.925	228.459	1.699
2015-08-18 23:54:00	1439942040	374.7289	74.4757	49.1095	414.268	400.619	3985.894	4284.258	15.078	1-0-00-0000-0000	1	7.327083	0.1956	0.1215	1.34	0.405	0.841	128.331	0.378	375.166	74.7803	4.44	1.238	2.777	407.968	1.326
2015-08-19 02:54:00	1439952840	374.7931	74.5088	49.1699	421.502	400.577	3986.504	4253.103	15.33	1-0-00-0000-0000	1	7.452083	0.2284	0.1241	2.036	0.432	0.454	138.428	0.639	375.4974	74.7418	5.979	1.383	1.671	456.34	1.965
2015-08-19 05:54:00	1439963640	374.7849	74.2516	49.1414	419.813	400.819	3985.377	3325.821	14.268	1-0-00-0000-0000	1	7.577083	0.2404	0.1254	2.753	0.299	1.041	165.038	0.592	375.2074	74.5236	7.905	1.105	3.608	508.386	2.069
2015-08-19 08:54:00	1439974440	374.7752	74.0488	49.1407	404.896	401.147	3985.479	3315.773	13.804	1-0-00-0000-0000	1	7.702083	0.178	0.1328	2.319	0.311	0.726	177.52	0.834	375.4145	74.4337	7.621	1.219	2.383	544.25	2.506
2015-08-19 11:54:00	1439985240	374.7565	73.6599	49.1644	417.846	401.048	3984.508	3327.952	13.824	1-0-00-0000-0000	1	7.827083	0.1673	0.1163	2.174	0.184	0.967	167.001	0.379	375.166	73.8946	7.001	0.569	3.393	513.316	1.26
2015-08-19 17:48:00	1440006480	374.7538	73.0699	49.1373	413.382	400.783	3987.068	6668.261	20.556	1-0-00-0000-0000	1	8.072917	0.2117	0.1137	1.677	0.188	0.675	140.953	0.471	375.2488	73.3812	6.21	0.571	2.161	412.155	1.804
2015-08-19 20:48:00	1440017280	374.7365	72.6474	49.1407	403.365	400.676	3985.287	3962.298	15.149	1-0-00-0000-0000	1	8.197917	0.1992	0.0939	0.751	0.331	1.015	93.89	0.33	375.0831	72.7907	2.523	1.23	3.333	299.759	1.122
2015-08-19 23:48:00	1440028080	374.7717	72.3251	49.147	423.99	400.546	3984.372	4379.25	16.018	1-0-00-0000-0000	1	8.322917	0.1663	0.1248	3.033	0.353	1.436	160.312	0.413	375.0831	72.6238	9.701	1.11	3.818	517.862	1.251
2015-08-20 02:48:00	1440038880	374.7234	72.2984	49.1657	409.339	400.908	3984.837	4054.483	15.061	1-0-00-0000-0000	1	8.447917	0.3332	0.3713	3.932	0.182	0.968	235.243	0.764	375.2488	74.5749	11.399	0.709	3.289	732.467	2.228
2015-08-20 05:48:00	1440049680	374.7648	72.134	49.1893	408.412	400.665	3984.851	3445.487	13.357	1-0-00-0000-0000	1	8.572917	0.1701	0.1109	1.94	0.096	1.214	207.199	0.215	375.166	72.3928	7.102	0.339	4.551	663.544	0.827
2015-08-20 08:48:00	1440060480	374.7455	72.3654	49.1942	395.265	400.594	3984.03	3317.237	12.976	1-0-00-0000-0000	1	8.697917	0.1572	0.1319	5.25	0.216	1.141	175.58	0.593	375.0831	72.6046	15.075	0.814	4.646	539.959	1.927
2015-08-20 11:48:00	1440071280	374.7075	72.7196	49.1623	405.134	400.806	3984.71	3488.305	12.822	1-0-00-0000-0000	1	8.822917	0.1797	0.1112	5.751	0.49	0.378	204.475	0.371	375.1245	73.0089	14.024	1.736	1.588	661.724	1.18
2015-08-20 14:48:00	1440082080	374.7565	72.8356	49.1727	402.168	400.846	3985.54	4243.697	14.135	1-0-00-0000-0000	1	8.947917	0.1766	0.134	3.065	0.255	0.979	251.586	0.342	375.1245	73.1501	8.624	0.947	3.039	783.497	1.035
2015-08-20 17:48:00	1440092880	374.7579	72.2088	49.1817	416.156	400.201	3984.728	3239.6	11.929	1-0-00-0000-0000	1	9.072917	0.1983	0.1072	2.154	0.513	0.765	114.757	0.587	375.1245	72.4377	6.006	1.797	2.803	369.47	1.858
2015-08-20 20:48:00	1440103680	374.8014	71.824	49.1595	407.94	400.437	3985.392	3311.792	13.105	1-0-00-0000-0000	1	9.197917	0.1946	0.1032	2.055	0.547	0.682	141.817	0.44	375.2074	72.104	6.248	1.567	2.73	427.216	1.503
2015-08-20 23:48:00	1440114480	374.7862	71.9357	49.1623	401.983	401.088	3985.304	2439.402	10.988	1-0-00-0000-0000	1	9.322917	0.1692	0.1085	1.507	0.193	0.528	136.23	0.438	375.2488	72.2067	5.2	0.742	1.588	445.275	1.717
2015-08-21 02:48:00	1440125280	374.8518	72.0832	49.1567	409.96	400.688	3984.546	3443.291	12.182	1-0-00-0000-0000	1	9.447917	0.1818	0.1278	1.288	0.155	0.653	207.989	0.288	375.3317	72.4184	4.119	0.621	2.523	615.511	0.845
2015-08-21 05:48:00	1440136080	374.7448	71.7719	49.1664	411.145	400.833	3984.78	3934.573	12.843	1-0-00-0000-0000	1	9.572917	0.1663	0.1295	2.557	0.587	1.087	299.678	0.935	375.0417	72.0398	7.44	1.648	2.921	927.822	2.761
2015-08-21 12:54:00	1440161640	374.7635	72.6646	49.1685	400.297	400.906	3985.439	6418.46	15.044	1-0-00-0000-0000	1	9.868750	0.1904	0.0941	2.816	0.632	1.128	28.043	0.313	375.2488	72.9126	7.865	1.905	3.619	84.266	1.126
2015-08-21 15:54:00	1440172440	374.7496	73.155	49.1838	414.364	401.026	3986.367	4158.361	13.119	1-0-00-0000-0000	1	9.993750	0.162	0.1077	2.083	0.157	0.721	129.721	0.702	375.2488	73.3619	7.069	0.692	3.274	421.174	1.99
2015-08-21 18:54:00	1440183240	374.7952	72.5104	49.1671	405.45	400.907	3985.868	3745.705	12.327	1-0-00-0000-0000	1	10.118750	0.1909	0.0883	4.107	0.512	1.651	184.725	0.944	375.166	72.6559	11.209	1.461	5.877	610.506	2.888
2015-08-21 21:54:00	1440194040	374.8187	72.2596	49.1602	422.991	400.969	3985.52	3849.074	11.957	1-0-00-0000-0000	1	10.243750	0.2022	0.1221	2.177	0.221	0.669	102.822	0.429	375.3317	72.5147	7.471	0.854	3.059	365.581	1.328
2015-08-22 00:54:00	1440204840	374.7635	72.4579	49.1463	435.165	400.524	3985.868	4185.103	11.754	1-0-00-0000-0000	1	10.368750	0.1323	0.1355	3.748	0.506	1.058	220.314	0.988	375.0417	72.7586	11.896	1.539	3.097	690.587	2.83
2015-08-22 03:54:00	1440215640	374.8007	72.5137	49.1602	414.454	400.622	3984.61	3175.195	10.846	1-0-00-0000-0000	1	10.493750	0.1357	0.1172	1.767	0.58	0.268	92.027	0.634	375.0831	72.7586	5.242	2.037	1.139	347.876	1.83
2015-08-22 06:54:00	1440226440	374.7752	72.6324	49.1623	420.429	400.717	3984.8	3065.872	10.622	1-0-00-0000-0000	1	10.618750	0.1784	0.0964	2.037	0.232	0.702	169.893	0.432	375.2074	72.9255	5.645	0.84	2.326	560.091	1.436
2015-08-22 09:54:00	1440237240	374.7814	73.2521	49.1664	416.084	401.043	3984.323	3599.777	11.689	1-0-00-0000-0000	1	10.743750	0.1699	0.1422	4.096	0.42	0.266	202.204	0.546	375.1245	73.5224	13.544	1.494	0.795	621.763	2.117
2015-08-22 12:54:00	1440248040	374.8359	74.1682	49.172	414.182	401.166	3985.085	4485.452	12.484	1-0-00-0000-0000	1	10.868750	0.2133	0.124	1.331	0.669	0.738	246.979	0.85	375.4974	74.4145	4.752	1.986	2.508	786.334	2.648
2015-08-22 15:54:00	1440258840	374.7759	74.7305	49.3449	421.355	400.67	3985.555	4497.615	12.035	1-0-00-0000-0000	1	10.993750	0.1388	0.1156	4.06	0.246	0.486	79.63	0.557	375.166	75.1461	12.381	0.964	1.827	252.609	1.593
2015-08-22 18:54:00	1440269640	374.7828	74.5607	49.172	414.987	400.931	3985.805	4006.35	11.376	1-0-00-0000-0000	1	11.118750	0.1606	0.1028	2.305	0.274	0.593	116.113	0.825	375.0831	74.8702	8.3	0.878	2.086	396.073	2.676
2015-08-22 21:54:00	1440280440	374.829	74.3345	49.1553	409.436	400.722	3984.483	4063.138	12.154	1-0-00-0000-0000	1	11.243750	0.1658	0.1105	1.912	0.334	0.541	143.658	0.445	375.2074	74.5814	5.666	1.066	2.203	399.67	1.499
2015-08-23 00:54:00	1440291240	374.8014	74.8456	49.1567	422.119	400.768	3985.36	3499.915	10.523	1-0-00-0000-0000	1	11.368750	0.183	0.1104	2.209	0.275	1.746	193.614	0.849	375.3317	75.0563	7.18	1.018	6.74	577.807	2.383
2015-08-23 03:54:00	1440302040	374.791	75.2054	49.1707	439.069	401.001	3984.029	3972.844	10.94	1-0-00-0000-0000	1	11.493750	0.169	0.0981	3.147	0.583	0.404	200.175	0.5	375.2074	75.4542	11.054	1.93	1.594	670.379	1.431
2015-08-23 06:54:00	1440312840	374.7745	75.0893	49.1671	423.246	401.343	3984.956	3564.909	11.579	1-0-00-0000-0000	1	11.618750	0.1903	0.1065	1.771	0.612	0.396	192.114	1.038	375.2902	75.2681	5.291	2.297	1.243	578.309	3.305
2015-08-23 09:54:00	1440323640	374.7925	75.7989	49.1657	422.518	401.086	3986.196	3384.103	9.858	1-0-00-0000-0000	1	11.743750	0.1472	0.0943	1.45	0.195	0.662	58.846	1.006	375.0831	76.0318	5.097	0.674	2.579	180.222	3.631
2015-08-23 12:54:00	1440334440	374.7704	76.4538	49.1734	427.413	400.962	3985.539	4707.436	12.369	1-0-00-0000-0000	1	11.868750	0.2006	0.1049	4.379	0.6	0.654	143.554	0.257	375.3317	76.7378	13.403	2.103	2.481	431.25	0.819
2015-08-23 15:54:00	1440345240	374.829	76.7217	49.1713	424.706	400.827	3985.774	3397.982	10.356	1-0-00-0000-0000	1	11.993750	0.1679	0.1171	1.674	0.399	0.906	222.036	0.538	375.166	77.078	5.5	1.337	3.412	716.902	1.663
2015-08-23 18:54:00	1440356040	374.7538	76.984	49.1834	425.195	400.847	3986.471	3394.107	11.222	1-0-00-0000-0000	1	12.118750	0.185	0.093	2.657	0.558	0.879	130.626	0.49	375.3317	77.2128	8.661	1.762	3.732	428.461	1.61
2015-08-23 21:54:00	1440366840	374.7586	76.5229	49.1741	415.82	401.397	3985.037	2996.675	10.107	1-0-00-0000-0000	1	12.243750	0.1743	0.1168	1.049	0.232	0.603	151.825	0.491	375.0831	76.879	3.135	0.9	1.804	475.443	1.6
2015-08-24 00:54:00	1440377640	374.7676	76.4412	49.1644	420.921	400.719	3984.546	3595.553	10.951	1-0-00-0000-0000	1	12.368750	0.267	0.1382	3.081	0.225	0.891	255.449	0.75	375.5802	76.8405	9.278	0.707	3.012	809.578	2.591
2015-08-24 03:54:00	1440388440	374.7897	76.7212	49.1616	425.461	400.97	3985.506	3152.264	9.939	1-0-00-0000-0000	1	12.493750	0.2004	0.1014	2.497	0.17	0.793	135.135	0.671	375.2074	76.9432	6.683	0.594	2.508	425.377	2.148
2015-08-24 06:54:00	1440399240	374.7773	76.5554	49.165	412.878	401.049	3986.027	3404.866	10.295	1-0-00-0000-0000	1	12.618750	0.1963	0.1159	1.228	0.276	0.629	252.19	0.448	375.4145	76.7699	4.287	0.995	2.04	777.572	1.557
2015-08-24 09:54:00	1440410040	374.7973	76.8522	49.1734	428.094	401.643	3985.156	4345.057	11.062	1-0-00-0000-0000	1	12.743750	0.2066	0.1241	2.57	0.463	0.66	204.732	0.593	375.2488	77.1422	7.364	1.632	2.519	662.977	1.699
2015-08-24 12:54:00	1440420840	374.8187	77.7886	49.1734	425.158	400.976	3985.708	3753.898	11.218	1-0-00-0000-0000	1	12.868750	0.1921	0.1224	4.586	0.1	0.711	188.707	0.54	375.2074	78.1113	16.211	0.286	2.221	569.829	1.852
2015-08-26 15:42:00	1440603720	374.8284	77.8575	49.1685	412.431	400.399	3986.19	6774.524	17.84	1-0-00-0000-0000	1	14.985417	0.1754	0.1054	2.246	0.28	0.66	159.355	0.34	375.2488	78.0471	8.109	0.804	2.709	489.862	0.978
2015-08-26 18:42:00	1440614520	374.8063	77.688	49.1616	426.905	401.138	3985.368	5529.704	14.966	1-0-00-0000-0000	1	15.110417	0.2094	0.102	1.929	0.204	0.896	138.989	0.562	375.2488	77.9252	6.119	0.733	3.714	395.706	1.885
2015-08-26 21:42:00	1440625320	374.8166	77.4554	49.1664	411.405	400.582	3985.674	3651.966	12.397	1-0-00-0000-0000	1	15.235417	0.1701	0.1007	3.963	0.342	0.708	62.954	0.267	375.166	77.707	12.535	1.215	2.691	219.896	0.867
2015-08-27 00:42:00	1440636120	374.778	77.2684	49.1616	421.756	400.539	3986.502	4415.031	13.556	1-0-00-0000-0000	1	15.360417	0.1716	0.0855	2.335	0.246	0.331	211.18	0.437	375.2488	77.4374	8.055	0.906	1.147	677.211	1.533
2015-08-27 03:42:00	1440646920	374.7897	77.3206	49.165	420.027	400.846	3986.14	4090.882	12.158	1-0-00-0000-0000	1	15.485417	0.1931	0.1202	1.724	0.246	0.505	172.49	0.361	375.166	77.6749	5.269	0.95	2.103	532.773	1.27
2015-08-27 06:42:00	1440657720	374.7814	77.1299	49.1692	415.973	401.174	3985.486	5295.016	13.291	1-0-00-0000-0000	1	15.610417	0.1638	0.113	1.626	0.285	0.404	86.606	0.329	375.2074	77.3668	5.77	0.815	1.529	275.679	1.12
2015-08-27 09:42:00	1440668520	374.7455	77.2968	49.1602	424.561	401.205	3986.459	4463.007	12.234	1-0-00-0000-0000	1	15.735417	0.1678	0.0844	2.996	0.354	0.73	110.056	0.626	375.1245	77.5786	8.741	1.14	1.94	340.575	1.859
2015-08-27 12:42:00	1440679320	374.7793	78.5435	49.1706	428.06	400.594	3986.572	3925.413	11.306	1-0-00-0000-0000	1	15.860417	0.1574	0.1115	3.265	0.401	0.618	68.668	0.287	375.2074	78.7275	10.309	1.372	1.799	225.031	0.998
2015-08-27 18:30:00	1440700200	374.8353	78.9675	49.1678	433.144	401.04	3987.01	6183.163	14.073	1-0-00-0000-0000	1	16.102083	0.2095	0.1198	1.403	0.404	0.254	64.926	0.348	375.2488	79.3372	4.908	1.633	0.899	170.566	1.086
2015-08-27 21:30:00	1440711000	374.8408	77.1881	49.1644	411.793	400.922	3986.369	3891.852	10.239	1-0-00-0000-0000	1	16.227083	0.179	0.103	1.155	0.245	1.668	118.733	0.939	375.2902	77.4117	3.493	0.814	6.742	384.078	2.759
2015-08-28 00:30:00	1440721800	374.7697	76.6477	49.1616	427.709	401.087	3986.002	3132.998	9.995	1-0-00-0000-0000	1	16.352083	0.1725	0.1037	3.442	0.418	0.747	206.259	0.353	375.1245	76.9432	10.407	1.278	2.529	662.058	1.207
2015-08-28 03:30:00	1440732600	374.7517	75.8953	49.1623	413.853	401.055	3985.683	3612.416	10.168	1-0-00-0000-0000	1	16.477083	0.168	0.0959	1.446	0.307	1.388	145.877	0.522	375.0831	76.1217	5.328	1.106	5.39	491.299	1.776
2015-08-28 06:30:00	1440743400	374.8035	75.3305	49.1692	416.45	401.744	3986.21	4957.945	11.358	1-0-00-0000-0000	1	16.602083	0.1778	0.1097	3.323	0.585	1.014	179.987	0.326	375.166	75.6275	9.499	2.161	3.909	574.739	1.113
2015-08-28 09:30:00	1440754200	374.7628	75.2437	49.1692	421.666	401.502	3985.477	3394.82	9.798	1-0-00-0000-0000	1	16.727083	0.1652	0.1123	1.332	0.327	0.842	185.94	0.248	375.0417	75.6403	4.236	1.244	2.389	614.001	1.046
2015-08-28 12:30:00	1440765000	374.8132	75.9884	49.1741	411.184	401.526	3986.061	4112.02	10.329	1-0-00-0000-0000	1	16.852083	0.175	0.0897	2.419	0.233	1.018	124.486	0.334	375.1245	76.1987	7.81	0.798	4.362	397.512	1.187
2015-08-28 15:30:00	1440775800	374.8456	76.6339	49.1789	435.721	400.769	3986.135	5019.126	12.006	1-0-00-0000-0000	1	16.977083	0.2175	0.1286	1.183	0.351	1.081	206.569	0.729	375.2488	77.0587	4.459	1.149	4.087	656.472	2.791
2015-08-28 18:30:00	1440786600	374.8801	75.9561	49.1762	419.53	400.958	3986.777	5256.242	10.867	1-0-00-0000-0000	1	17.102083	0.2249	0.1298	2.253	0.161	1.692	216.727	0.47	375.3731	76.2244	6.934	0.616	6.789	676.389	1.464
2015-08-28 21:30:00	1440797400	374.7931	74.224	49.1678	416.509	400.79	3985.984	4549.367	9.964	1-0-00-0000-0000	1	17.227083	0.158	0.1216	2.223	0.287	0.758	110.494	0.269	375.1245	74.4722	8.197	0.856	2.802	349.664	0.797
2015-08-29 00:30:00	1440808200	374.7966	73.9577	49.1671	408.904	400.768	3985.286	3528.113	9.38	1-0-00-0000-0000	1	17.352083	0.1635	0.1156	2.721	0.58	0.866	91.032	0.365	375.1245	74.2284	8.294	1.637	2.541	286.045	1.357
2015-08-29 03:30:00	1440819000	374.7945	73.689	49.1741	425.864	401.873	3985.966	3096.212	8.015	1-0-00-0000-0000	1	17.477083	0.1973	0.097	1.985	0.191	0.555	150.965	0.892	375.3317	73.901	5.732	0.587	1.574	474.678	2.863
2015-08-29 06:30:00	1440829800	374.838	73.8689	49.1713	411.448	400.988	3986.486	3431.701	8.252	1-0-00-0000-0000	1	17.602083	0.1756	0.1341	2.398	0.167	1.66	182.885	0.651	375.2902	74.3439	6.88	0.57	6.844	591.267	1.583
2015-08-29 09:30:00	1440840600	374.8249	73.9365	49.1727	399.661	401.058	3986.038	3773.299	8.896	1-0-00-0000-0000	1	17.727083	0.1936	0.1246	2.063	0.509	0.646	193.615	0.328	375.4145	74.1898	6.277	1.536	2.957	636.113	1.094
2015-08-29 12:30:00	1440851400	374.8815	75.0656	49.1699	410.806	401.513	3986.74	4541.805	11.081	1-0-00-0000-0000	1	17.852083	0.1684	0.1135	0.881	0.459	0.503	196.389	0.44	375.2488	75.3836	2.788	1.62	1.859	630.185	1.515
2015-08-29 15:30:00	1440862200	374.8256	75.4676	49.1748	419.837	400.656	3986.42	3606.891	9.162	1-0-00-0000-0000	1	17.977083	0.2335	0.1226	1.968	0.308	1.985	123.795	0.421	375.8288	75.8201	6.63	0.978	7.239	411.605	1.37
2015-08-29 18:30:00	1440873000	374.8318	75.7979	49.1616	421.346	400.687	3986.709	4435.926	9.411	1-0-00-0000-0000	1	18.102083	0.1874	0.101	2.53	0.407	0.354	129.72	0.631	375.2074	76.0062	8.14	1.317	1.311	412.828	1.918
2015-08-29 21:30:00	1440883800	374.7738	74.3812	49.1685	411.788	401.217	3986.581	4442.233	9.579	1-0-00-0000-0000	1	18.227083	0.1798	0.2456	0.964	0.454	0.825	190.067	0.607	375.2902	75.1654	3.421	1.811	3.246	576.695	2.628
2015-08-30 00:30:00	1440894600	374.7496	74.8553	49.1706	415.567	401.2	3986.714	3344.12	9.354	1-0-00-0000-0000	1	18.352083	0.1649	0.123	2.806	0.297	0.74	179.332	0.558	375.0831	75.1911	8.173	1.153	1.921	584.468	1.754
2015-08-30 03:30:00	1440905400	374.7745	74.6971	49.1678	419.353	401.458	3984.792	3720.898	9.509	1-0-00-0000-0000	1	18.477083	0.2166	0.1566	1.288	0.652	0.314	117.145	0.841	375.2074	75.0948	3.737	2.113	1.152	382.546	2.135
2015-08-30 06:30:00	1440916200	374.7793	74.3343	49.1755	413.569	401.061	3983.715	3316.841	9.396	1-0-00-0000-0000	1	18.602083	0.1583	0.0999	2.917	0.323	1.783	187.638	0.965	375.1245	74.607	9.738	1.045	6.005	640.1	2.967
2015-08-30 09:30:00	1440927000	374.8042	74.5001	49.181	410.889	401.651	3985.433	3467.139	9.738	1-0-00-0000-0000	1	18.727083	0.207	0.1236	2.425	0.146	0.533	138.518	0.775	375.2902	74.9151	7.714	0.499	2.327	457.693	2.976
2015-08-30 12:30:00	1440937800	374.8953	76.2215	49.1782	420.214	401.276	3986.958	4499.065	11.363	1-0-00-0000-0000	1	18.852083	0.2129	0.119	2.707	0.484	0.362	94.365	0.358	375.7459	76.494	6.838	1.555	1.517	302.975	1.246
2015-08-30 15:30:00	1440948600	374.8774	76.899	49.1768	409.345	401.18	3985.465	3661.085	9.996	1-0-00-0000-0000	1	18.977083	0.1938	0.1271	1.996	0.357	0.641	270.571	0.324	375.2074	77.1229	7.808	0.945	2.338	867.597	1.055
2015-08-30 18:30:00	1440959400	374.9022	76.667	49.1817	417.034	401.404	3986.213	4595.925	11.142	1-0-00-0000-0000	1	19.102083	0.1802	0.123	2.329	0.243	0.467	82.932	0.407	375.2902	76.9176	8.214	0.774	2.052	282.449	1.227
2015-08-30 21:30:00	1440970200	374.8435	75.9641	49.1782	410.876	401.111	3985.899	4095.932	10.464	1-0-00-0000-0000	1	19.227083	0.1777	0.1585	3.598	0.102	2.042	92.224	0.424	375.2902	76.3592	10.54	0.404	7.15	331.111	1.502
2015-08-31 00:30:00	1440981000	374.8256	75.382	49.1692	407.311	401.016	3986.005	3445.183	9.425	1-0-00-0000-0000	1	19.352083	0.1647	0.1448	1.105	0.329	1.176	178.476	0.352	375.2902	75.7559	3.841	0.975	5.09	606.698	1.341
2015-08-31 03:30:00	1440991800	374.8118	76.2906	49.172	410.583	401.224	3985.257	3312.294	9.469	1-0-00-0000-0000	1	19.477083	0.1556	0.114	2.19	0.396	0.472	201.761	0.207	375.2074	76.5517	6.804	1.334	2.321	656.238	0.672
2015-08-31 06:30:00	1441002600	374.8311	76.2723	49.172	414.528	401.394	3985.775	2796.256	8.372	1-0-00-0000-0000	1	19.602083	0.1829	0.1219	1.926	0.567	1.25	155.781	0.286	375.2488	76.5389	6.225	2.011	5.202	491.394	1.241
2015-08-31 21:48:00	1441057680	374.8339	78.4175	49.1671	418.891	401.13	3986.599	6351.771	1003.375	1-0-00-0000-0000	1	20.239583	0.183	0.1059	2.221	0.388	0.836	58.738	6.366	375.3731	78.6504	6.601	1.356	2.904	177.93	19.936
2015-09-01 00:48:00	1441068480	374.8394	78.0901	49.1512	413.492	400.987	3986.238	3706.209	680.702	1-0-00-0000-0000	1	20.364583	0.1748	0.131	1.455	0.323	0.647	121.28	21.464	375.2074	78.4001	3.878	1.096	2.907	436.918	70.477
2015-09-01 03:48:00	1441079280	374.7925	78.3029	49.1519	428.81	401.368	3986.238	5370.365	728.323	1-0-00-0000-0000	1	20.489583	0.1847	0.0928	1.859	0.659	0.945	121.353	15.331	375.166	78.5349	7.554	2.139	3.73	373.348	50.217
2015-09-01 06:48:00	1441090080	374.8042	77.9034	49.1525	413.623	401.004	3985.37	4488.628	527.037	1-0-00-0000-0000	1	20.614583	0.1643	0.1179	2.384	0.289	0.631	242.837	19.611	375.166	78.1948	6.884	1.052	2.403	775.161	62.729
2015-09-01 15:12:00	1441120320	374.8725	80.1626	49.1498	417.352	400.826	3985.033	1947.417	259.661	1-0-00-0000-0000	1	20.964583	0.1936	0.1268	3.867	0.423	0.344	67.83	7.246	375.2902	80.4283	10.364	1.294	1.243	240.812	25.281
2015-09-01 18:12:00	1441131120	374.8456	77.8265	49.1512	426.817	400.932	3985.076	1463.73	212.632	1-0-00-0000-0000	1	21.089583	0.1662	0.1162	3.125	0.274	0.896	65.898	5.181	375.2488	78.0664	10.266	1.03	2.938	184.201	17.146
2015-09-01 21:12:00	1441141920	374.8608	77.0533	49.1519	418.186	400.835	3985.471	1241.246	186.248	1-0-00-0000-0000	1	21.214583	0.1908	0.0982	1.566	0.183	0.899	59.462	3.764	375.2902	77.277	5.4	0.608	2.343	179.144	12.035
2015-09-02 00:12:00	1441152720	374.818	76.9043	49.1456	411.955	401.004	3984.768	1679.251	198.201	1-0-00-0000-0000	1	21.339583	0.1818	0.1154	2.847	0.177	0.85	17.458	2.008	375.2902	77.1614	8.157	0.59	3.256	61.129	6.088
2015-09-02 03:12:00	1441163520	374.8815	76.6999	49.1512	419.601	400.772	3984.606	2594.968	228.355	1-0-00-0000-0000	1	21.464583	0.1915	0.1135	2.814	0.269	1.37	58.562	3.401	375.2488	77.0652	9.519	0.734	5.304	163.454	11.521
2015-09-02 06:12:00	1441174320	374.8125	76.5118	49.1484	415.538	400.708	3983.987	1113.704	148.547	1-0-00-0000-0000	1	21.589583	0.1738	0.1825	1.45	0.276	0.958	35.144	2.855	375.0831	77.3091	5.259	0.873	3.916	111.763	8.997
2015-09-02 09:12:00	1441185120	374.7862	76.658	49.1407	428.169	400.415	3984.933	1433.24	160.238	1-0-00-0000-0000	1	21.714583	0.2095	0.1446	2.134	0.209	0.612	36.779	2.143	375.1245	77.0908	6.524	0.926	2	102.544	6.664
2015-09-02 13:54:00	1441202040	374.8981	77.3693	49.1602	430.395	400.666	3985.615	1813.419	170.505	1-0-00-0000-0000	1	21.910417	0.1911	0.0934	1.829	0.119	0.626	42.947	1.792	375.7874	77.5979	5.518	0.353	2.295	132.426	6.049
2015-09-02 16:54:00	1441212840	374.8235	77.5623	49.1525	416.56	400.934	3985.752	1118.351	133.745	1-0-00-0000-0000	1	22.035417	0.1729	0.0879	0.694	0.385	0.782	34.343	2.609	375.4145	77.7968	2.216	1.435	2.838	95.402	7.815
2015-09-02 19:54:00	1441223640	374.7738	77.4135	49.1519	423.818	400.844	3986.056	989.179	127.246	1-0-00-0000-0000	1	22.160417	0.1575	0.1219	2.053	0.493	0.465	20.31	1.648	375.1245	77.63	8.203	1.828	1.754	77.274	4.908
2015-09-02 22:54:00	1441234440	374.8857	77.4551	49.1463	420.524	400.691	3984.65	1538.479	151.997	1-0-00-0000-0000	1	22.285417	0.1794	0.1064	2.513	0.406	0.949	7.425	1.906	375.2902	77.6813	9.955	1.519	4.106	23.054	4.964
2015-09-03 01:54:00	1441245240	374.8594	77.9123	49.1512	423.784	400.919	3985.124	1717.875	160.503	1-0-00-0000-0000	1	22.410417	0.1425	0.1022	2.604	0.432	0.635	26.3	1.901	375.2074	78.1627	7.972	1.516	2.036	95.184	6.207
2015-09-03 04:54:00	1441256040	374.8649	78.3163	49.1484	432.763	400.773	3984.536	899.555	123.819	1-0-00-0000-0000	1	22.535417	0.1576	0.1094	1.245	0.24	0.503	40.621	2.291	375.2488	78.5221	3.936	0.762	1.363	122.466	7.207
2015-09-03 07:54:00	1441266840	374.8546	78.4605	49.1532	417.502	401.028	3985.274	1650.638	159.76	1-0-00-0000-0000	1	22.660417	0.166	0.1142	1.756	0.242	1.579	41.699	2.981	375.166	78.721	5.695	0.774	4.12	124.448	8.232
2015-09-03 14:12:00	1441289520	374.8401	78.3229	49.1616	417.507	400.481	3984.312	1076.82	132.301	1-0-00-0000-0000	1	22.922917	0.1763	0.1019	2.896	0.639	0.699	23.468	1.376	375.166	78.5092	10.186	1.921	2.674	77.382	4.749
2015-09-03 17:12:00	1441300320	374.7987	77.69	49.156	421.902	400.283	3985.182	1754.494	158.89	1-0-00-0000-0000	1	23.047917	0.1891	0.1514	2.507	0.465	0.321	32.936	1.529	375.2902	78.3103	8.459	1.541	1.134	101.063	5.133
2015-09-03 20:12:00	1441311120	374.8318	77.3882	49.1595	425.125	400.883	3986.081	943.18	120.325	1-0-00-0000-0000	1	23.172917	0.1544	0.1528	1.849	0.294	0.625	36.562	0.95	375.1245	77.7327	6.813	1.118	2.589	105.198	3.508
2015-09-03 23:12:00	1441321920	374.8325	77.554	49.1553	419.383	400.926	3984.768	1767.134	151.533	1-0-00-0000-0000	1	23.297917	0.1635	0.1145	2.308	0.36	0.505	28.09	2.338	375.2488	77.8803	7.272	1.109	2.039	88.774	7.595
2015-09-04 02:12:00	1441332720	374.7738	78.0182	49.1574	417.033	400.828	3986.585	1528.173	138.389	1-0-00-0000-0000	1	23.422917	0.1878	0.1074	1.714	0.278	0.637	30.7	1.404	375.0831	78.2461	6.125	0.734	1.995	94.452	4.812
2015-09-04 05:12:00	1441343520	374.7759	78.2012	49.1692	409.782	400.913	3985.926	1525.93	134.242	1-0-00-0000-0000	1	23.547917	0.1716	0.1011	1.4	0.366	0.418	38.992	1.934	375.166	78.3937	4.743	1.001	1.652	122.139	6.173
2015-09-04 08:12:00	1441354320	374.8525	78.022	49.1505	428.462	400.984	3986.874	1086.298	111.771	1-0-00-0000-0000	1	23.672917	0.1873	0.1279	1.516	0.508	1.305	20.036	1.114	375.2074	78.336	4.872	1.682	4.363	68.386	3.938
2015-09-04 15:00:00	1441378800	374.789	78.5916	49.1657	NA	NA	NA	NA	NA	1-0-00-0000-0000	1	23.956250	0.1656	0.1363	NA	NA	NA	NA	NA	375.166	78.9072	NA	NA	NA	NA	NA
2015-09-04 18:00:00	1441389600	374.8221	78.5664	49.1644	NA	NA	NA	NA	NA	1-0-00-0000-0000	1	24.081250	0.1577	0.1188	NA	NA	NA	NA	NA	375.166	78.8109	NA	NA	NA	NA	NA
2015-09-04 21:00:00	1441400400	374.7821	78.7419	49.1644	NA	NA	NA	NA	NA	1-0-00-0000-0000	1	24.206250	0.1679	0.1119	NA	NA	NA	NA	NA	375.2074	78.997	NA	NA	NA	NA	NA
2015-09-05 00:00:00	1441411200	374.8525	78.6181	49.1588	NA	NA	NA	NA	NA	1-0-00-0000-0000	1	24.331250	0.1386	0.111	NA	NA	NA	NA	NA	375.166	78.9264	NA	NA	NA	NA	NA
2015-09-05 03:00:00	1441422000	374.8622	78.776	49.1512	NA	NA	NA	NA	NA	1-0-00-0000-0000	1	24.456250	0.1755	0.1211	NA	NA	NA	NA	NA	375.3317	79.1446	NA	NA	NA	NA	NA
2015-09-05 06:00:00	1441432800	374.8725	78.5167	49.156	NA	NA	NA	NA	NA	1-0-00-0000-0000	1	24.581250	0.1844	0.1418	NA	NA	NA	NA	NA	375.2074	78.8558	NA	NA	NA	NA	NA
2015-09-05 09:00:00	1441443600	374.8477	78.4474	49.163	NA	NA	NA	NA	NA	1-0-00-0000-0000	1	24.706250	0.1861	0.0927	NA	NA	NA	NA	NA	375.3317	78.6761	NA	NA	NA	NA	NA
2015-09-05 12:00:00	1441454400	374.7745	78.7567	49.1546	432.249	400.556	3985.914	1037.878	88.362	1-0-00-0000-0000	1	24.831250	0.1663	0.1112	1.369	0.201	1.022	33.905	1.436	375.1245	79.0227	3.652	0.729	3.408	96.1	4.241
2015-09-05 15:00:00	1441465200	374.8408	78.9843	49.1637	427.855	400.612	3985.381	1254.64	94.366	1-0-00-0000-0000	1	24.956250	0.1695	0.1044	1.334	0.41	0.739	23.934	1.06	375.2074	79.3115	4.55	1.122	2.871	80.076	2.76
2015-09-05 18:00:00	1441476000	374.8359	78.623	49.1581	425.432	400.637	3984.969	1447.815	96.604	1-0-00-0000-0000	1	25.081250	0.1762	0.1001	5.594	0.538	0.798	31.7	1.856	375.3731	78.8109	16.328	1.781	2.26	92.814	5.681
2015-09-05 21:00:00	1441486800	374.8201	78.3193	49.1637	420.767	400.423	3985.512	1145.019	87.324	1-0-00-0000-0000	1	25.206250	0.2008	0.1191	1.209	0.383	1.124	20.393	0.75	375.3317	78.567	3.834	1.352	5.092	74.413	2.624
2015-09-06 00:00:00	1441497600	374.7641	78.0805	49.1609	434.565	400.493	3986.036	1285.909	87.796	1-0-00-0000-0000	1	25.331250	0.1528	0.0958	2.294	0.311	0.452	21.956	0.706	375.1245	78.3039	7.258	0.981	1.629	89.161	1.975
2015-09-06 03:00:00	1441508400	374.8353	78.3645	49.1567	420.977	400.696	3986.142	1343.509	87.307	1-0-00-0000-0000	1	25.456250	0.174	0.1197	1.996	0.344	0.871	31.548	1.428	375.2488	78.644	6.465	1.116	2.812	113.063	4.844
2015-09-06 06:00:00	1441519200	374.8484	78.3078	49.1671	434.766	400.308	3984.929	1151.674	80.474	1-0-00-0000-0000	1	25.581250	0.1718	0.1219	2.224	0.38	0.906	15.773	0.944	375.2902	78.5991	6.527	1.482	3.039	49.902	3.187
2015-09-06 09:00:00	1441530000	374.8449	77.8731	49.1644	437.551	400.684	3985.362	1365.076	83.533	1-0-00-0000-0000	1	25.706250	0.1608	0.096	2.434	0.173	0.946	54.638	0.93	375.2902	78.06	7.823	0.602	3.744	141.283	3.346
2015-09-06 12:00:00	1441540800	374.818	77.3435	49.163	420.811	400.862	3984.214	1157.635	77.413	1-0-00-0000-0000	1	25.831250	0.2455	0.2844	1.063	0.413	1.375	24.614	0.749	376.1188	79.2409	4.574	1.239	5.111	86.852	2.374
2015-09-06 15:00:00	1441551600	374.7959	77.2855	49.1657	435.675	400.708	3984.879	1676.983	87.084	1-0-00-0000-0000	1	25.956250	0.17	0.0944	1.361	0.214	1.404	64.502	1.073	375.166	77.5273	4.511	0.594	5.775	190.789	3.711
2015-09-06 18:00:00	1441562400	374.8366	77.2807	49.1581	430.378	400.963	3984.648	1065.552	70.877	1-0-00-0000-0000	1	26.081250	0.164	0.082	2.759	0.228	0.569	36.984	0.891	375.2488	77.4438	9.313	0.74	2.052	110.896	3.179
2015-09-06 21:00:00	1441573200	374.8111	77.1056	49.1581	422.861	400.517	3985.346	1255.284	73.599	1-0-00-0000-0000	1	26.206250	0.1642	0.089	3.159	0.35	1.073	34.602	0.759	375.166	77.3091	10.659	1.116	4.133	97.727	2.153
2015-09-07 00:00:00	1441584000	374.7641	77.0222	49.1574	421.756	401.049	3986.832	1316.237	73.239	1-0-00-0000-0000	1	26.331250	0.1746	0.102	1.977	0.497	0.205	18.14	1.28	375.166	77.3026	6.558	1.481	0.696	82.485	3.865
2015-09-07 03:00:00	1441594800	374.8159	77.2665	49.1505	432.518	400.863	3985.574	1166.728	68.22	1-0-00-0000-0000	1	26.456250	0.153	0.0971	2.595	0.439	0.435	14.042	1.204	375.166	77.5209	7.72	1.22	1.609	45.876	3.444
2015-09-07 06:00:00	1441605600	374.7545	77.0764	49.1574	433.56	400.909	3986.036	1057.434	64.982	1-0-00-0000-0000	1	26.581250	0.2031	0.2624	1.151	0.375	0.489	18.362	0.351	375.0831	77.4246	4.581	1.277	1.599	57.972	1.374
2015-09-07 09:00:00	1441616400	374.7586	77.3607	49.1539	431.19	400.923	3985.134	930.342	60.91	1-0-00-0000-0000	1	26.706250	0.197	0.1062	2.003	0.275	0.591	41.652	0.553	375.2902	77.5722	5.41	0.914	1.96	116.752	2.143
2015-09-07 13:12:00	1441631520	374.7973	77.8025	49.1588	423.03	400.478	3984	1069.893	60.76	1-0-00-0000-0000	1	26.881250	0.1691	0.0928	2.048	0.173	0.458	29.916	1.044	375.2488	78.015	6	0.564	1.542	99.303	2.844
2015-09-07 16:12:00	1441642320	374.8346	77.865	49.1602	421.895	400.972	3984.975	1099.961	60.495	1-0-00-0000-0000	1	27.006250	0.1748	0.1147	2.091	0.382	0.973	35.097	0.857	375.3731	78.0921	5.682	1.496	2.728	112.154	2.577
2015-09-07 19:12:00	1441653120	374.838	77.1281	49.1484	422.666	400.645	3985.041	1325.03	63.413	1-0-00-0000-0000	1	27.131250	0.2371	0.1022	0.924	0.514	0.803	34.091	1.345	375.9531	77.5337	3.051	1.875	2.985	118.918	3.797
2015-09-07 22:12:00	1441663920	374.8173	76.7996	49.1532	431.657	400.456	3985.233	1072.999	56.866	1-0-00-0000-0000	1	27.256250	0.1828	0.0965	3.614	0.234	0.734	16.333	1.025	375.166	77.0331	9.878	0.705	2.876	59.626	2.607
2015-09-08 01:12:00	1441674720	374.7641	77.0953	49.165	423.043	400.639	3984.273	1005.85	54.841	1-0-00-0000-0000	1	27.381250	0.1468	0.1093	3.777	0.271	0.853	33.538	0.95	375.0831	77.3925	11.542	0.955	3.44	99.73	3.13
2015-09-08 04:12:00	1441685520	374.8007	77.3199	49.1609	425.509	401.037	3985.12	1151.919	55.62	1-0-00-0000-0000	1	27.506250	0.1918	0.1138	1.418	0.293	0.832	25.942	0.946	375.3317	77.5915	4.592	1.279	2.881	94.418	3.379
2015-09-08 07:12:00	1441696320	374.8249	77.279	49.1574	413.229	400.989	3984.303	934.626	50.415	1-0-00-0000-0000	1	27.631250	0.2207	0.134	1.048	0.301	0.707	49.396	1.337	375.2488	77.585	3.525	0.875	2.878	127.549	3.599
2015-09-08 10:12:00	1441707120	374.829	78.2434	49.1616	426.254	400.881	3984.326	1104.489	51.157	1-0-00-0000-0000	1	27.756250	0.1706	0.1115	2.697	0.199	0.54	43.762	0.93	375.2488	78.49	7.315	0.647	1.8	120.793	2.909
2015-09-08 13:12:00	1441717920	374.7938	78.731	49.1616	431.722	400.444	3985.302	1372.514	54.023	1-0-00-0000-0000	1	27.881250	0.1985	0.0995	1.034	0.154	1.209	20.537	0.903	375.2902	78.92	3.79	0.524	4.04	73.502	2.794
2015-09-08 16:12:00	1441728720	374.8159	78.9658	49.1581	413.316	400.885	3985.567	1374.367	52.849	1-0-00-0000-0000	1	28.006250	0.1725	0.1044	2.45	0.273	1.224	27.738	1.149	375.2488	79.2409	8.698	1.046	3.784	95.818	3.232
2015-09-08 19:12:00	1441739520	374.7925	78.7502	49.1595	432.251	400.195	3985.265	1154.454	47.551	1-0-00-0000-0000	1	28.131250	0.1438	0.101	1.62	0.354	0.321	32.842	0.845	375.166	78.9649	4.783	1.103	1.207	86.909	2.368
2015-09-08 22:12:00	1441750320	374.8242	78.7072	49.1567	428.552	400.716	3985.548	1143.409	46.011	1-0-00-0000-0000	1	28.256250	0.1994	0.1019	1.692	0.297	1.042	56.452	0.839	375.2074	78.9328	6.581	1.076	3.401	161.487	3.169
2015-09-09 01:12:00	1441761120	374.8449	79.1666	49.1664	440.313	401.393	3985.284	770.218	39.193	1-0-00-0000-0000	1	28.381250	0.183	0.0925	2.16	0.195	0.877	11.869	0.608	375.3317	79.35	6.82	0.752	2.48	42.698	1.707
2015-09-09 04:12:00	1441771920	374.8139	79.3978	49.1588	420.709	401.04	3985.694	1172.532	43.841	1-0-00-0000-0000	1	28.506250	0.1894	0.0942	4.379	0.336	0.601	34.936	0.897	375.2902	79.6196	13.764	1.181	2.754	127.372	3.379
2015-09-09 07:12:00	1441782720	374.7869	79.3545	49.1532	438.184	400.579	3985.147	813.006	37.102	1-0-00-0000-0000	1	28.631250	0.1724	0.1042	1.315	0.437	1.19	11.54	0.73	375.2074	79.5811	4.549	1.631	4.043	45.88	2.348
2015-09-09 10:12:00	1441793520	374.7731	79.6961	49.1602	432.858	401.043	3984.998	966.396	38.755	1-0-00-0000-0000	1	28.756250	0.1555	0.1005	2.818	0.391	1.224	15.626	0.766	375.0831	79.902	10.578	1.397	3.06	55.104	2.164
2015-09-09 16:12:00	1441815120	374.7911	80.4311	49.1581	424.954	400.206	3985.283	1046.879	36.849	1-0-00-0000-0000	1	29.006250	0.1692	0.1148	3.102	0.48	1.321	20.528	0.775	375.166	80.7235	10.568	1.499	5.376	77.209	2.351
2015-09-09 19:12:00	1441825920	374.8014	79.7871	49.1616	427.205	400.812	3986.107	1024.243	35.51	1-0-00-0000-0000	1	29.131250	0.1555	0.1073	4.499	0.342	1	24.78	0.401	375.2488	80.0239	14.087	1.185	4.178	75.312	1.58
2015-09-09 22:12:00	1441836720	374.8125	79.2015	49.1553	439.865	400.638	3986.426	868.855	32.435	1-0-00-0000-0000	1	29.256250	0.154	0.1237	3.061	0.771	0.651	40.272	0.474	375.1245	79.4848	10.093	2.628	2.136	113.231	1.581
2015-09-10 01:12:00	1441847520	374.7786	79.3252	49.1525	429.549	400.586	3984.9	736.311	29.781	1-0-00-0000-0000	1	29.381250	0.1686	0.1318	2.512	0.216	0.715	42.672	0.444	375.2074	79.6132	8.237	0.872	3.137	129.036	1.663
2015-09-10 04:12:00	1441858320	374.7552	79.4145	49.156	429.909	401.487	3985.738	782.468	29.433	1-0-00-0000-0000	1	29.506250	0.1786	0.1208	2.412	0.483	0.499	33.904	0.5	375.166	79.6773	7.4	1.605	2.168	115.498	1.425
2015-09-10 07:12:00	1441869120	374.7883	79.0109	49.1519	422.087	401.439	3986.668	847.566	28.433	1-0-00-0000-0000	1	29.631250	0.1576	0.1009	2.13	0.219	1.016	30.15	0.463	375.0831	79.2858	8.198	0.659	3.587	103.717	1.68
2015-09-10 10:12:00	1441879920	374.7731	79.2487	49.156	436.442	400.886	3984.542	1098.123	31.557	1-0-00-0000-0000	1	29.756250	0.1579	0.0959	5.278	0.197	0.617	31.492	0.871	375.166	79.4399	16.017	0.647	2.216	111.764	2.405
2015-09-10 13:12:00	1441890720	374.7925	79.5023	49.1609	425.513	400.826	3985.085	982.854	28.732	1-0-00-0000-0000	1	29.881250	0.1474	0.1246	2.443	0.512	0.939	52.234	0.517	375.0417	79.9662	7.238	1.497	3.416	131.543	1.634
2015-09-10 16:12:00	1441901520	374.8049	79.5091	49.1505	425.788	400.519	3985.196	942.507	27.5	1-0-00-0000-0000	1	30.006250	0.1591	0.091	2.351	0.631	2.147	9.587	0.548	375.166	79.6966	6.956	1.96	7.384	34.29	1.657
2015-09-10 19:12:00	1441912320	374.8159	79.3164	49.1595	431.276	401.033	3985.257	913.898	26.769	1-0-00-0000-0000	1	30.131250	0.166	0.0997	2.676	0.419	0.732	28.225	0.539	375.166	79.4912	8.825	1.376	2.269	89.739	2.027
2015-09-10 22:12:00	1441923120	374.7931	79.2977	49.1539	436.16	400.506	3986.404	984.938	26.877	1-0-00-0000-0000	1	30.256250	0.1299	0.0837	3.055	0.211	1.039	24.412	0.353	375.0831	79.5233	10.654	0.844	4.546	60.811	1.073
2015-09-11 01:12:00	1441933920	374.8014	79.3124	49.1553	421.053	400.76	3984.908	702.958	24.185	1-0-00-0000-0000	1	30.381250	0.166	0.0962	3.555	0.409	1.187	21.383	0.303	375.166	79.5618	10	1.367	5.255	77.591	0.834
2015-09-11 04:12:00	1441944720	374.7904	78.9771	49.1519	420.833	400.969	3985.949	546.208	21.421	1-0-00-0000-0000	1	30.506250	0.187	0.0965	1.51	0.355	0.466	15.629	0.666	375.1245	79.2088	6.25	1.15	1.421	51.013	2.13
2015-09-11 07:12:00	1441955520	374.8277	78.6426	49.1546	422.878	400.796	3986.262	637.401	21.958	1-0-00-0000-0000	1	30.631250	0.1958	0.0833	1.923	0.297	0.502	14.713	0.525	375.3317	78.8301	6.519	0.997	1.889	51.819	1.745
2015-09-11 12:06:00	1441973160	374.7821	80.1463	49.1567	406.282	400.915	3985.83	1229.886	25.274	1-0-00-0000-0000	1	30.835417	0.1926	0.118	2.559	0.2	0.725	37.383	0.709	375.4145	80.3833	8.253	0.476	2.18	119.703	2.684
2015-09-11 16:30:00	1441989000	374.8173	79.9345	49.1637	425.817	400.851	3985.712	1022.167	22.456	1-0-00-0000-0000	1	31.018750	0.1672	0.0915	2.84	0.322	0.895	32.226	1.241	375.2902	80.2036	7.53	1.01	3.318	114.481	4.24
2015-09-11 19:30:00	1441999800	374.8028	79.4105	49.1935	423.759	400.78	3985.537	846.086	21.975	1-0-00-0000-0000	1	31.143750	0.1831	0.1281	2.829	0.773	0.501	22.79	0.388	375.2074	79.7351	9.741	2.461	2.235	71.813	1.402
2015-09-11 22:30:00	1442010600	374.7959	79.4743	49.165	420.421	400.777	3985.295	1070.084	23.366	1-0-00-0000-0000	1	31.268750	0.1837	0.099	3.322	0.3	0.97	44.797	0.953	375.2902	79.7351	10.658	1.094	4.434	122.851	2.78
2015-09-12 01:30:00	1442021400	374.7973	79.5472	49.1588	433.497	400.889	3986.19	760.664	19.597	1-0-00-0000-0000	1	31.393750	0.1752	0.1167	1.802	0.323	1.066	20.064	0.752	375.166	79.7993	6.72	1.212	4.693	62.011	2.781
2015-09-12 04:30:00	1442032200	374.7938	79.6941	49.1588	444.012	401.322	3985.385	739.283	19.948	1-0-00-0000-0000	1	31.518750	0.1866	0.1005	3.018	0.185	0.256	37.647	1.01	375.2488	80.0111	10.518	0.76	0.942	122.284	3.45
2015-09-12 07:30:00	1442043000	374.8228	79.5288	49.1532	433.219	401.213	3984.509	945.892	21.301	1-0-00-0000-0000	1	31.643750	0.2064	0.0902	1.944	0.439	0.429	29.642	0.309	375.2488	79.7223	5.782	1.342	1.615	97.774	1.02
2015-09-12 10:30:00	1442053800	374.7911	80.254	49.1588	428.957	400.377	3986.478	992.292	21.088	1-0-00-0000-0000	1	31.768750	0.1645	0.0859	1.666	0.403	0.782	7.536	0.582	375.2488	80.486	4.557	1.349	3.051	27.762	1.919
2015-09-12 13:30:00	1442064600	374.8373	81.2724	49.163	437.284	400.977	3986.958	1168.236	21.416	1-0-00-0000-0000	1	31.893750	0.2365	0.17	4.44	0.316	0.357	27.525	0.443	375.4974	81.7055	14.734	1.104	1.221	93.854	1.519
2015-09-12 16:30:00	1442075400	374.8083	81.9055	49.165	418.865	400.823	3986.476	1166.008	21.354	1-0-00-0000-0000	1	32.018750	0.1419	0.0968	4.729	0.282	0.534	25.216	0.895	375.0831	82.1226	14.482	0.849	1.663	90.785	2.708
2015-09-12 19:30:00	1442086200	374.8449	81.2105	49.163	437.48	400.943	3986.109	1225.645	21.622	1-0-00-0000-0000	1	32.143750	0.1639	0.0867	2.435	0.65	0.707	21.051	0.366	375.1245	81.4423	8.17	1.997	2.553	61.315	1.132
2015-09-12 22:30:00	1442097000	374.838	80.8721	49.1616	436.038	400.83	3986.954	976.902	20.212	1-0-00-0000-0000	1	32.268750	0.1839	0.0984	2.187	0.25	1.03	36.154	0.468	375.2488	81.0572	6.59	0.714	3.639	124.805	1.43
2015-09-13 01:30:00	1442107800	374.8394	80.7427	49.1602	430.961	401.449	3986.032	1082.834	19.903	1-0-00-0000-0000	1	32.393750	0.1924	0.0972	2.616	0.392	0.479	33.241	0.835	375.3317	80.9931	8.345	1.118	1.604	140.973	2.771
2015-09-13 04:30:00	1442118600	374.8435	80.9634	49.1574	426.62	400.64	3985.344	1044.665	18.979	1-0-00-0000-0000	1	32.518750	0.1506	0.0801	1.479	0.206	0.805	32.604	0.706	375.2074	81.1407	5.032	0.691	2.75	112.734	2.119
2015-09-13 07:30:00	1442129400	374.8063	81.553	49.1595	443.318	400.912	3985.957	1054.658	18.927	1-0-00-0000-0000	1	32.643750	0.1828	0.0915	2.333	0.41	0.524	32.526	0.397	375.2902	81.7119	6.47	1.464	1.623	124.126	1.288
2015-09-13 10:30:00	1442140200	374.7862	82.7575	49.1664	429.561	400.987	3987.402	994.288	18.433	1-0-00-0000-0000	1	32.768750	0.1714	0.0984	4.335	0.441	1.197	29.301	0.527	375.166	82.9442	12.336	1.388	5.331	115.396	1.952
2015-09-13 13:30:00	1442151000	374.7897	83.3494	49.1644	419.378	400.988	3984.911	1250.987	19.52	1-0-00-0000-0000	1	32.893750	0.2316	0.0941	2.501	0.567	1.097	35.342	0.621	375.3731	83.5731	7.355	1.892	3.132	109.08	2.156
2015-09-13 16:30:00	1442161800	374.8774	82.7167	49.1602	428.26	401.014	3985.698	1502.498	20.859	1-0-00-0000-0000	1	33.018750	0.1748	0.093	1.121	0.648	0.174	40.004	0.69	375.3317	82.957	4.939	2.109	0.708	114.936	2.571
2015-09-13 19:30:00	1442172600	374.7593	83.5699	49.1595	418.965	400.71	3986.249	1378.453	19.719	1-0-00-0000-0000	1	33.143750	0.212	0.092	1.051	0.392	0.632	41.707	0.368	375.1245	83.7785	4.087	1.317	2.397	124.37	1.247
2015-09-13 22:30:00	1442183400	374.8152	83.7715	49.1664	428.232	400.679	3985.372	993.22	16.598	1-0-00-0000-0000	1	33.268750	0.1737	0.094	1.886	0.246	0.26	26.196	0.245	375.166	84.0288	6.058	0.871	0.95	84.123	1.059
2015-09-14 01:30:00	1442194200	374.847	84.4289	49.1644	433.001	400.806	3986.157	1120.241	17.639	1-0-00-0000-0000	1	33.393750	0.175	0.1296	3.963	0.329	0.624	40.783	0.265	375.2902	84.7284	11.654	0.906	2.22	141.867	0.851
2015-09-14 04:30:00	1442205000	374.8152	84.876	49.1657	406.013	400.521	3986.308	1136.809	18.071	1-0-00-0000-0000	1	33.518750	0.1665	0.0957	4.32	0.536	1.007	31.77	0.259	375.2074	85.1071	11.855	1.723	4.719	98.196	0.682
2015-09-14 07:30:00	1442215800	374.8201	84.0375	49.1609	431.085	401.35	3986.185	1154.742	17.32	1-0-00-0000-0000	1	33.643750	0.195	0.1018	3.097	0.239	0.993	30.174	0.481	375.2074	84.2791	10.263	0.777	4.483	85.366	1.679
2015-09-14 14:06:00	1442239560	374.8394	83.4447	49.1588	428.22	400.671	3986.239	1367.842	18.181	1-0-00-0000-0000	1	33.918750	0.1743	0.0925	1.743	0.128	0.476	22.783	0.42	375.2488	83.6887	5.927	0.477	1.597	84.493	1.502
2015-09-14 17:06:00	1442250360	374.7883	83.6358	49.1609	416.892	400.641	3986.809	1437.41	18.651	1-0-00-0000-0000	1	34.043750	0.1781	0.1022	0.959	0.366	0.487	34.462	0.803	375.2902	83.8234	3.455	1.239	1.936	133.116	2.284
2015-09-14 20:06:00	1442261160	374.8139	82.6813	49.1664	424.622	400.863	3986.927	1391.948	17.988	1-0-00-0000-0000	1	34.168750	0.1998	0.0886	2.026	0.319	0.741	49.609	0.724	375.3317	82.8671	7.183	1.116	2.659	150.07	2.619
2015-09-14 23:06:00	1442271960	374.8456	82.4139	49.1616	428.187	400.616	3986.501	1586.14	18.867	1-0-00-0000-0000	1	34.293750	0.1996	0.0898	2.074	0.255	0.342	24.479	0.437	375.3317	82.5719	6.535	0.761	1.229	81.87	1.689
2015-09-15 02:06:00	1442282760	374.8125	82.3401	49.1602	431.353	400.856	3987.103	1206.262	16.893	1-0-00-0000-0000	1	34.418750	0.1831	0.1141	0.762	0.53	0.602	29.445	0.203	375.2488	82.527	2.455	1.796	2.481	93.54	0.802
2015-09-15 05:06:00	1442293560	374.818	82.7452	49.1692	419.339	400.467	3986.95	1172.779	17.141	1-0-00-0000-0000	1	34.543750	0.1526	0.0883	4.736	0.147	0.478	24.403	0.511	375.2902	82.8928	15.434	0.527	2.031	87.318	1.65
2015-09-15 08:06:00	1442304360	374.8256	82.9264	49.1664	407.932	400.552	3985.665	1170.311	16.577	1-0-00-0000-0000	1	34.668750	0.1654	0.0886	1.681	0.397	0.929	40.907	0.581	375.2488	83.1367	4.907	1.469	3.103	118.733	1.97
2015-09-15 11:06:00	1442315160	374.7925	83.4067	49.1692	427.422	400.66	3986.731	1413.864	17.204	1-0-00-0000-0000	1	34.793750	0.1874	0.0806	0.662	0.277	0.741	36.86	0.569	375.166	83.5731	2.369	0.923	2.76	136.719	2.045
2015-09-15 14:06:00	1442325960	374.8284	83.4785	49.1699	428.005	400.879	3987.796	1167.925	15.743	1-0-00-0000-0000	1	34.918750	0.1651	0.1177	2.651	0.341	0.303	23.658	0.979	375.2074	83.7785	8.085	1.111	0.904	70.887	2.953
2015-09-15 17:06:00	1442336760	374.7828	83.304	49.1644	421.931	400.642	3986.396	1349.712	16.548	1-0-00-0000-0000	1	35.043750	0.1603	0.0963	2.359	0.595	0.727	34.765	0.66	375.2074	83.6373	7.571	1.919	3.173	84.589	2.196
2015-09-15 20:06:00	1442347560	374.829	83.4366	49.1616	429.996	400.821	3985.269	1343.475	16.233	1-0-00-0000-0000	1	35.168750	0.1941	0.087	6.412	0.402	0.642	22.072	0.552	375.3731	83.5988	20.996	1.144	2.61	80.818	1.628
2015-09-15 23:06:00	1442358360	374.8056	84.0328	49.1657	423.211	400.836	3986.077	1345.785	15.871	1-0-00-0000-0000	1	35.293750	0.1551	0.108	2.912	0.368	0.88	58.867	0.612	375.2074	84.3241	10.978	1.145	3.336	154.668	2.065
2015-09-16 02:06:00	1442369160	374.749	84.8671	49.1678	425.648	401.216	3987.261	1358.563	15.712	1-0-00-0000-0000	1	35.418750	0.2218	0.0945	1.924	0.4	0.508	31.613	0.658	375.4559	85.152	6.343	1.337	2.49	139.497	2.508
2015-09-16 05:06:00	1442379960	374.8042	85.1449	49.1706	420.309	400.973	3985.86	1214.521	14.608	1-0-00-0000-0000	1	35.543750	0.1732	0.1194	4.067	0.427	0.521	37.124	0.398	375.166	85.3766	15.228	1.285	2.111	102.492	1.447
2015-09-16 08:06:00	1442390760	374.8277	85.0858	49.1699	416.359	400.712	3986.823	1421.236	15.233	1-0-00-0000-0000	1	35.668750	0.1807	0.1283	2.083	0.582	0.391	51.595	0.559	375.166	85.351	6.289	1.686	1.548	162.65	2.092
2015-09-16 11:06:00	1442401560	374.798	86.5091	49.1685	423.91	401.038	3986.876	1277.262	14.477	1-0-00-0000-0000	1	35.793750	0.1792	0.0879	2.019	0.161	1.421	25.104	0.676	375.2074	86.7373	6.716	0.51	5.527	81.375	1.8
2015-09-16 14:06:00	1442412360	374.8422	86.399	49.1713	408.493	400.801	3985.765	1582.252	16.207	1-0-00-0000-0000	1	35.918750	0.1624	0.0969	3.989	0.405	0.376	40.624	0.358	375.166	86.5961	12.622	1.496	1.375	120.513	1.334
2015-09-16 17:06:00	1442423160	374.8263	86.5507	49.1685	407.182	400.664	3986.361	1383.954	14.923	1-0-00-0000-0000	1	36.043750	0.1679	0.0832	1.569	0.441	0.875	42.879	0.848	375.1245	86.7565	5.359	1.518	2.776	128.832	2.588
2015-09-16 20:06:00	1442433960	374.8173	85.9302	49.1734	412.321	401.081	3987.229	1119.969	13.975	1-0-00-0000-0000	1	36.168750	0.1901	0.0838	1.054	0.454	0.476	29.973	0.699	375.3317	86.0762	3.281	1.33	1.689	91.504	2.317
2015-09-16 23:06:00	1442444760	374.8359	85.6786	49.1664	401.842	401.405	3986.315	1537.165	15.302	1-0-00-0000-0000	1	36.293750	0.1736	0.1116	1.922	0.202	1.497	31.499	0.238	375.2902	85.9286	6.984	0.635	6.758	87.453	0.841
2015-09-17 02:06:00	1442455560	374.8028	85.7615	49.165	422.065	400.813	3985.596	1652.739	15.851	1-0-00-0000-0000	1	36.418750	0.1831	0.1108	4.299	0.26	0.732	23.636	0.419	375.2488	86.0056	14.127	0.822	2.415	86.058	1.513
2015-09-17 05:06:00	1442466360	374.7973	85.7204	49.1623	420.565	400.719	3986.285	1248.964	14.835	1-0-00-0000-0000	1	36.543750	0.1915	0.1066	1.467	0.232	0.815	31.767	0.16	375.4145	86.012	5.188	0.879	2.701	109.451	0.666
2015-09-17 08:06:00	1442477160	374.809	86.4824	49.163	417.537	401.061	3986.434	1214.256	14.161	1-0-00-0000-0000	1	36.668750	0.1808	0.0875	1.759	0.417	0.958	35.559	0.603	375.2488	86.6731	4.763	1.28	3.375	93.645	1.868
2015-09-17 11:06:00	1442487960	374.8415	87.9775	49.1685	412.248	401.45	3986.927	1074.293	13.949	1-0-00-0000-0000	1	36.793750	0.1848	0.1031	1.714	0.382	0.707	20.838	0.746	375.5388	88.2327	5.461	1.168	2.462	77.43	2.173
2015-09-17 14:06:00	1442498760	374.7966	86.1913	49.165	416.47	400.863	3985.768	1230.237	13.545	1-0-00-0000-0000	1	36.918750	0.176	0.1051	2.311	0.529	1.411	49.337	0.537	375.166	86.4741	8.505	1.764	5.538	125.349	1.737
2015-09-17 17:06:00	1442509560	374.8601	84.0143	49.1664	443.104	400.407	3985.763	967.962	11.907	1-0-00-0000-0000	1	37.043750	0.1618	0.1177	2.064	0.211	0.414	11.249	0.665	375.2902	84.2727	6.344	0.858	1.609	37.322	2.236
2015-09-17 20:06:00	1442520360	374.8366	83.3259	49.165	436.703	400.819	3985.413	1338.35	13.572	1-0-00-0000-0000	1	37.168750	0.1566	0.0817	1.13	0.257	0.961	28.095	0.709	375.1245	83.5346	4.012	0.848	3.567	79.846	1.981
2015-09-17 23:06:00	1442531160	374.8076	83.002	49.1567	442.249	400.526	3984.902	1350.882	13.714	1-0-00-0000-0000	1	37.293750	0.1707	0.0888	3.365	0.472	0.728	50.879	0.273	375.2488	83.1752	8.888	1.713	2.989	178.455	0.931
2015-09-18 02:06:00	1442541960	374.7869	82.8067	49.1553	425.648	400.718	3985.718	1259.308	12.828	1-0-00-0000-0000	1	37.418750	0.2095	0.1204	3.25	0.527	0.576	15.808	0.275	375.2488	83.0725	10.847	1.54	2.414	65.369	1.115
2015-09-18 05:06:00	1442552760	374.8187	83.0082	49.1685	432.527	401.058	3985.173	1312.675	13.81	1-0-00-0000-0000	1	37.543750	0.1473	0.0989	2.63	0.308	0.724	23.748	0.277	375.166	83.3036	8.542	1.111	2.395	67.86	0.912
2015-09-18 08:06:00	1442563560	374.7738	82.8205	49.1762	431.12	400.806	3985.797	1420.342	13.988	1-0-00-0000-0000	1	37.668750	0.1257	0.1319	1.91	0.249	0.6	25.651	0.319	375.0831	83.1367	6.538	0.763	1.956	87.136	1.117
2015-09-18 11:06:00	1442574360	374.8228	83.5313	49.1623	444.812	401.084	3985.672	1589.289	13.49	1-0-00-0000-0000	1	37.793750	0.2065	0.1128	1.261	0.299	0.683	68.691	0.575	375.3731	83.817	4.662	1.046	2.228	196.497	1.873
2015-09-18 14:06:00	1442585160	374.8435	83.1495	49.1664	398.827	400.914	3985.806	1657.766	14.319	1-0-00-0000-0000	1	37.918750	0.1695	0.1266	2.313	0.209	0.481	31.988	0.762	375.166	83.4897	8.488	0.766	1.75	109.454	2.456
2015-09-18 17:06:00	1442595960	374.8187	82.381	49.163	440.211	400.761	3986.269	1122.976	11.505	1-0-00-0000-0000	1	38.043750	0.1666	0.0936	2.564	0.528	0.884	32.588	0.871	375.1245	82.5976	7.107	1.879	2.307	105.521	2.675
2015-09-18 20:06:00	1442606760	374.7849	81.7847	49.1581	433.288	400.852	3985.911	1545.875	13.432	1-0-00-0000-0000	1	38.168750	0.1765	0.113	2.939	0.135	2.122	52.069	0.434	375.1245	82.0713	11.284	0.577	8.627	187.874	1.41
2015-09-18 23:06:00	1442617560	374.7835	81.4879	49.1616	439.516	400.663	3985.984	1358.051	13.348	1-0-00-0000-0000	1	38.293750	0.1553	0.0952	0.797	0.287	0.444	15.492	0.631	375.2074	81.6862	2.317	0.98	1.972	39.55	2.352
2015-09-19 02:06:00	1442628360	374.8152	81.507	49.165	441.051	400.751	3986.271	1178.825	11.901	1-0-00-0000-0000	1	38.418750	0.1621	0.1172	1.132	0.423	1.791	43.399	0.615	375.0831	81.7504	4.161	1.113	7.224	153.989	2.192
2015-09-19 05:06:00	1442639160	374.7925	81.6716	49.1623	448.052	400.701	3985.785	850.852	10.408	1-0-00-0000-0000	1	38.543750	0.1742	0.1064	0.974	0.291	0.184	28.667	0.734	375.166	81.9301	3.885	0.93	0.641	89.592	2.371
2015-09-19 08:06:00	1442649960	374.8284	82.2004	49.1637	440.756	400.913	3986.373	1263.991	12.174	1-0-00-0000-0000	1	38.668750	0.1559	0.0915	5.43	0.149	0.681	32.79	0.823	375.166	82.4692	19.997	0.669	2.523	92.355	2.793
2015-09-19 11:06:00	1442660760	375.0389	80.5916	49.7205	440.296	400.726	3985.687	1193.92	12.58	1-0-00-0000-0000	1	38.793750	0.8432	0.5855	2.035	0.287	1.343	33.867	1.249	378.3143	81.5899	7.934	0.826	3.481	86.815	3.323
2015-09-19 14:06:00	1442671560	374.8007	80.7988	49.1602	418.934	400.76	3986.63	1475.211	13.262	1-0-00-0000-0000	1	38.918750	0.1542	0.1436	1.29	0.147	1.096	50.472	0.685	375.4145	81.0701	4.221	0.494	3.545	154.896	2.79
2015-09-19 17:06:00	1442682360	374.8221	80.3724	49.1602	435.9	401.487	3985.724	1535.186	12.557	1-0-00-0000-0000	1	39.043750	0.1526	0.1053	1.397	0.372	1.138	35.137	0.512	375.0831	80.6144	5.883	1.255	3.816	115.193	1.937
2015-09-19 20:06:00	1442693160	374.8408	79.8852	49.1609	435.604	401.36	3985.621	1037.798	11.522	1-0-00-0000-0000	1	39.168750	0.161	0.1557	1.38	0.525	0.9	30.987	0.546	375.2074	80.4668	5.558	1.869	4.005	99.125	1.649
2015-09-19 23:06:00	1442703960	374.8049	79.561	49.1637	421.403	400.675	3986.222	1550.596	12.631	1-0-00-0000-0000	1	39.293750	0.1721	0.1075	1.812	0.8	0.386	25.709	0.524	375.1245	79.8763	6.675	2.727	1.413	78.824	1.592
2015-09-20 02:06:00	1442714760	374.8035	79.5496	49.1713	444.728	401.023	3984.878	1623.522	13.108	1-0-00-0000-0000	1	39.418750	0.1492	0.0969	2.861	0.636	1.069	34.929	0.315	375.0831	79.7544	11.54	2.049	3.216	118.177	1.11
2015-09-20 05:06:00	1442725560	374.8007	79.2517	49.1616	423.719	400.972	3986.201	1253.49	11.681	1-0-00-0000-0000	1	39.543750	0.1675	0.0828	2.385	0.339	0.518	17.694	0.32	375.3731	79.4591	7.924	1.16	2.054	59.558	1.523
2015-09-20 08:06:00	1442736360	374.7883	78.708	49.1637	435.291	401.002	3986.467	1407.624	12.066	1-0-00-0000-0000	1	39.668750	0.1645	0.0977	2.382	0.22	0.868	40.744	0.418	375.1245	78.9457	7.599	0.751	3.365	123.519	1.402
2015-09-20 11:06:00	1442747160	374.7821	78.7595	49.1685	451.935	400.947	3986.27	1306.365	11.613	1-0-00-0000-0000	1	39.793750	0.1692	0.1311	1.165	0.319	0.483	20.81	0.512	375.1245	79.2152	4.054	1.322	1.8	70.752	1.671
2015-09-20 14:06:00	1442757960	375.4566	78.9879	49.9274	428.171	401.091	3986.187	1309.708	11.535	1-0-00-0000-0000	1	39.918750	1.675	0.6033	1.911	0.424	0.986	31.7	0.486	380.7584	82.2446	6.21	1.305	3.583	103.733	1.71
2015-09-20 17:06:00	1442768760	374.7586	79.1202	49.1539	438.084	400.894	3986.65	1407.952	12.27	1-0-00-0000-0000	1	40.043750	0.1738	0.0969	3.273	0.28	0.965	25.581	0.495	375.0831	79.3564	10.103	0.994	3.033	84.746	1.712
2015-09-20 20:06:00	1442779560	374.8256	79.0107	49.1637	439.321	401.014	3987.024	1568.372	12.682	1-0-00-0000-0000	1	40.168750	0.1979	0.1201	3.623	0.55	0.729	46.256	0.267	375.2074	79.3436	11.295	1.614	2.72	151.751	0.903
2015-09-20 23:06:00	1442790360	374.7786	79.0055	49.1574	439.853	401.156	3986.583	1419.389	12.393	1-0-00-0000-0000	1	40.293750	0.1536	0.1181	4.219	0.26	0.319	60.695	0.573	375.1245	79.2987	13.058	0.911	0.945	205.287	1.706
2015-09-21 02:06:00	1442801160	374.7579	79.453	49.163	443.835	401.355	3986.028	1478.685	11.732	1-0-00-0000-0000	1	40.418750	0.1614	0.1567	1.51	0.387	1.041	39.595	0.231	375.1245	79.7479	5.256	1.397	4.08	111.217	0.853
2015-09-21 05:06:00	1442811960	374.8194	79.9958	49.1623	433.991	401.038	3985.934	1360.636	11.426	1-0-00-0000-0000	1	40.543750	0.1508	0.1688	1.557	0.528	0.579	29.434	0.449	375.166	80.3962	5.044	1.714	1.738	102.128	1.264
2015-09-21 08:06:00	1442822760	374.7925	80.3271	49.1574	420.985	401.185	3986.025	1237.474	11.189	1-0-00-0000-0000	1	40.668750	0.1878	0.182	1.156	0.374	0.58	22.46	0.835	375.2074	81.1728	5.123	1.142	1.557	71.317	2.802
