days.origin	days.water	days.manure	F07	F08	F09	F10	F11	F12	GW01	GW02	GW03	GW04	GW05	GW06	GWL01	GWL02	GWL03	GWL04	GWo01	GWo02	mean.F	sd.F	se.F	mean.GW	sd.GW	se.GW	mean.GWL	sd.GWL	se.GWL
3.125	-4.960417	-24.913194	NA	3.5533	5.0008	3.9909	2.6403	6.4186	23.5797	7.6338	37.6211	8.4128	19.5967	26.2161	1.9398	16.0333	6.3159	6.083	2.0283	3.4277	4.3208	1.45	0.65	20.5100	11.38	4.65	5.9713	5.28	2.16
3.25	-4.835417	-24.788194	NA	3.6464	4.9655	4.303	2.8517	6.4901	23.3953	7.6901	37.774	8.4315	20.1516	26.0328	2.0577	16.0333	6.3492	5.8553	2.0255	3.4277	4.4513	1.38	0.62	20.5792	11.38	4.64	5.9581	5.27	2.15
3.375	-4.710417	-24.663194	NA	3.4262	4.9261	4.1815	2.8508	6.5229	23.4551	7.7321	37.6826	8.7446	19.76	26.333	2.0448	16.0333	6.7316	5.5936	2.181	3.4277	4.3815	1.43	0.64	20.6179	11.31	4.62	6.0020	5.26	2.15
3.5	-4.585417	-24.538194	NA	3.4625	5.0079	4.0507	3.0778	6.3403	23.6288	7.8949	37.1334	8.8595	20.1552	26.3081	2.0447	16.0333	6.6605	5.4394	2.2875	3.4277	4.3878	1.31	0.59	20.6633	11.09	4.53	5.9822	5.24	2.14
3.625	-4.460417	-24.413194	NA	3.7494	5.002	4.131	3.6834	6.6053	24.0185	7.8732	37.4819	8.7451	21.4305	26.4557	2.0595	16.0333	6.7425	5.6354	2.2579	3.4277	4.6342	1.22	0.55	21.0008	11.25	4.59	6.0260	5.24	2.14
3.75	-4.335417	-24.288194	NA	3.6901	5.0041	4.2274	4.1193	6.6108	23.6783	7.6632	37.7287	9.2291	22.5577	26.0669	1.9882	16.0333	6.8036	5.8247	2.3664	3.4277	4.7303	1.15	0.52	21.1540	11.24	4.59	6.0740	5.24	2.14
3.875	-4.210417	-24.163194	NA	3.6415	5.1419	3.9547	4.1715	6.325	23.3948	7.4017	35.7919	9.3912	21.2333	25.2143	1.8892	16.0333	6.5743	5.621	2.5307	3.4277	4.6469	1.09	0.49	20.4045	10.58	4.32	6.0127	5.23	2.13
4	-4.085417	-24.038194	NA	3.5986	5.0455	4.004	4.0007	6.2678	23.4355	7.2423	35.5034	10.8794	19.8807	24.73	2.0027	16.0333	6.283	5.4728	2.7288	3.4277	4.5833	1.08	0.48	20.2785	10.20	4.16	5.9914	5.18	2.12
4.125	-3.960417	-23.913194	NA	3.3519	5.4333	3.9708	3.8073	6.136	23.372	7.3278	34.8914	10.6277	20.4898	24.4419	2.0819	15.4098	6.3906	5.4414	2.8932	3.2768	4.5399	1.19	0.53	20.1918	10.01	4.09	5.9156	4.93	2.01
4.25	-3.835417	-23.788194	NA	3.32	5.288	3.9838	3.3482	6.1079	23.4653	7.8023	34.8204	10.4744	20.9037	24.2752	1.9745	15.3549	6.2648	5.5605	3.0551	2.8067	4.4096	1.24	0.55	20.2902	9.90	4.04	5.8361	4.95	2.02
4.375	-3.710417	-23.663194	NA	3.2845	5.5951	4.044	3.1335	6.0834	23.8654	8.4763	35.6483	10.9199	20.1463	25.0812	2.1172	15.1701	6.7184	5.5298	3.3937	2.7287	4.4281	1.34	0.60	20.6896	9.98	4.07	5.9430	4.85	1.98
4.5	-3.585417	-23.538194	NA	3.0802	5.4551	4.1088	2.7187	5.9908	24.1888	8.5409	34.7964	11.1877	20.1048	25.3669	2.0839	15.0997	6.5582	5.4146	3.1649	2.2711	4.2707	1.43	0.64	20.6976	9.71	3.96	5.7654	4.91	2.00
4.625	-3.460417	-23.413194	NA	3.0118	5.4543	3.9934	2.5911	6.0633	24.142	8.5563	34.5473	11.5329	21.1453	25.0924	2.0736	14.7696	6.5187	5.3755	2.9564	2.1665	4.2228	1.51	0.67	20.8360	9.53	3.89	5.6434	4.82	1.97
4.75	-3.335417	-23.288194	NA	2.9349	5.5158	4.0241	2.271	6.1573	24.0264	8.3975	34.392	11.9405	20.044	24.3981	2.0806	14.4352	6.0907	5.4364	2.9869	3.2566	4.1806	1.65	0.74	20.5331	9.39	3.83	5.7144	4.54	1.85
4.875	-3.210417	-23.163194	NA	3.0077	5.4122	3.9944	2.321	6.0615	23.7074	8.2228	33.9363	12.0942	19.8406	23.6468	1.9468	14.1772	5.9284	5.4243	3.1721	2.1183	4.1594	1.57	0.70	20.2414	9.19	3.75	5.4612	4.58	1.87
5	-3.085417	-23.038194	NA	2.9304	5.6887	3.8879	2.4781	6.0519	23.4956	8.2358	33.601	12.1027	19.7523	22.8606	2.0149	13.8228	5.705	5.2611	3.1109	1.8545	4.2074	1.61	0.72	20.0080	9.01	3.68	5.2949	4.48	1.83
5.125	-2.960417	-22.913194	NA	2.6918	5.6696	3.9658	2.4644	6.031	23.4427	8.4369	33.4612	12.207	19.6873	22.5319	2.117	13.749	5.6301	5.2765	3.1169	1.8753	4.1645	1.65	0.74	19.9612	8.88	3.62	5.2941	4.43	1.81
5.25	-2.835417	-22.788194	NA	2.6854	5.9133	3.9355	2.4369	5.9582	23.5801	9.0474	33.8865	12.6785	19.5685	22.7731	2.1828	13.524	5.805	5.2941	3.1962	1.9042	4.1859	1.70	0.76	20.2557	8.79	3.59	5.3177	4.33	1.77
5.375	-2.710417	-22.663194	NA	2.5694	5.9744	3.8425	2.3931	6.2198	23.8536	9.3882	33.611	13.2056	20.2452	23.023	2.1324	13.4958	5.7514	5.3247	3.3875	1.7593	4.1998	1.82	0.81	20.5544	8.56	3.49	5.3085	4.33	1.77
5.5	-2.585417	-22.538194	NA	2.5363	5.9458	3.9277	2.3743	6.1455	23.7201	9.3585	33.7099	13.4497	21.0532	23.2368	2.171	13.2193	5.5012	5.451	3.2188	1.7046	4.1859	1.80	0.81	20.7547	8.56	3.49	5.2110	4.24	1.73
5.625	-2.460417	-22.413194	NA	2.4962	6.1251	4.0354	2.6161	6.0713	23.7626	9.5615	33.7422	14.0276	21.9431	23.4042	2.182	12.8407	5.7454	5.5684	3.5436	1.8516	4.2688	1.78	0.79	21.0735	8.44	3.45	5.2886	4.05	1.65
5.75	-2.335417	-22.288194	NA	2.5417	6.1469	4.0818	3.7629	5.9995	23.8535	9.586	33.675	14.4191	21.8051	23.3968	2.1265	12.7179	5.2901	5.6866	3.6213	1.6603	4.5066	1.54	0.69	21.1226	8.35	3.41	5.1838	4.03	1.65
5.875	-2.210417	-22.163194	NA	2.233	6.1588	3.9789	3.8173	5.8777	23.4058	9.2775	32.9181	14.5701	20.9673	23.1651	2.1958	12.3115	5.3333	5.5703	3.8152	1.742	4.4131	1.62	0.72	20.7173	8.13	3.32	5.1614	3.84	1.57
6	-2.085417	-22.038194	NA	2.2372	6.1593	3.9643	4.0298	5.7378	23.1871	9.2725	32.4838	14.9875	19.8752	22.7306	2.2057	12.0442	5.035	5.5351	3.8381	1.4085	4.4257	1.57	0.70	20.4228	7.91	3.23	5.0111	3.79	1.55
6.125	-1.960417	-21.913194	NA	2.1462	6.4331	3.9396	3.7841	5.8325	23.2807	9.5719	32.551	15.61	19.4235	22.8602	2.112	12.1347	5.0262	5.56	3.9115	1.4375	4.4271	1.72	0.77	20.5495	7.78	3.18	5.0303	3.83	1.56
6.25	-1.835417	-21.788194	NA	2.1014	6.3642	3.8566	3.7664	5.84	23.2136	9.9577	32.8073	16.0871	19.4083	23.0382	1.9557	11.8325	5.2308	5.5117	3.9994	1.5174	4.3857	1.73	0.77	20.7520	7.70	3.14	5.0079	3.73	1.52
6.375	-1.710417	-21.663194	NA	2.031	6.2588	3.9244	3.7147	5.8949	23.8321	10.4305	33.1177	16.678	19.6154	22.657	1.9678	11.7511	4.9818	5.5383	3.8607	1.5214	4.3648	1.73	0.77	21.0551	7.61	3.11	4.9368	3.70	1.51
6.5	-1.585417	-21.538194	NA	2.0309	6.5949	3.9506	3.6848	5.8087	24.5473	10.6864	32.9858	17.0718	19.8977	22.4914	2.0245	11.6038	5.4111	5.51	3.813	1.5909	4.4140	1.81	0.81	21.2801	7.50	3.06	4.9922	3.63	1.48
6.625	-1.460417	-21.413194	NA	2.078	6.314	3.9687	3.6477	5.7706	24.6095	10.821	33.193	17.3009	20.8329	22.7968	2.1738	11.5635	5.3154	5.5507	3.9222	1.5941	4.3558	1.71	0.76	21.5923	7.49	3.06	5.0199	3.58	1.46
6.75	-1.335417	-21.288194	NA	2.2701	7.2978	4.0536	3.786	6.0219	24.295	10.857	33.1293	17.3294	21.6407	22.7404	2.2741	10.9305	5.2724	5.4856	3.5473	1.528	4.6859	1.98	0.88	21.6653	7.42	3.03	4.8396	3.37	1.38
6.875	-1.210417	-21.163194	NA	2.0359	6.0159	3.9737	3.5945	5.8679	24.1531	10.6627	32.9829	17.38	20.4944	21.5234	2.1664	11.275	5.37	5.3999	3.6322	1.5541	4.2976	1.67	0.75	21.1994	7.40	3.02	4.8996	3.50	1.43
7	-1.085417	-21.038194	NA	2.0075	6.1918	4.0793	3.4183	5.9161	24.3077	10.7448	32.896	17.489	20.1864	20.8917	2.147	11.1352	5.218	5.4009	3.3641	1.7091	4.3226	1.75	0.78	21.0859	7.36	3.00	4.8290	3.44	1.41
7.125	-0.960417	-20.913194	NA	1.9108	6.0594	3.8997	3.3461	5.9264	24.3397	10.9701	32.359	17.364	19.6686	20.717	2.2489	10.8342	5.0622	5.3574	3.5432	1.6837	4.2285	1.77	0.79	20.9031	7.15	2.92	4.7883	3.30	1.35
7.25	-0.835417	-20.788194	NA	1.9633	6.3478	3.5787	3.3083	5.8473	24.5613	11.5651	33.1211	17.4545	19.8815	20.26	2.1652	10.6876	5.0738	5.1038	3.5415	1.6724	4.2091	1.84	0.82	21.1406	7.25	2.96	4.7074	3.26	1.33
7.375	-0.710417	-20.663194	NA	2.1073	6.2957	3.5027	3.3249	5.938	25.2498	12.2472	33.1691	17.6675	19.4815	20.5806	2.076	10.5727	5.422	4.872	3.6498	1.7404	4.2337	1.81	0.81	21.3993	7.15	2.92	4.7222	3.22	1.31
7.5	-0.585417	-20.538194	NA	2.1938	6.4363	3.5794	3.6344	6.2294	25.8127	12.7119	33.6855	18.0177	19.8205	20.6008	2.1442	10.5609	5.4582	4.9479	3.5835	1.8585	4.4147	1.85	0.83	21.7749	7.21	2.94	4.7589	3.19	1.30
7.625	-0.460417	-20.413194	NA	2.2646	6.3522	4.1735	3.5688	6.0872	26.8933	12.9796	33.3521	18.9912	19.9237	19.8239	2.4422	10.4785	5.155	5.5239	3.8233	1.9241	4.4893	1.73	0.77	21.9940	7.10	2.90	4.8912	3.09	1.26
7.75	-0.335417	-20.288194	NA	2.2848	5.469	4.1977	3.1742	6.0687	27.698	13.327	32.6816	18.7774	19.4325	19.8205	2.5728	9.4833	4.8406	5.5782	3.1685	1.0212	4.2389	1.57	0.70	21.9562	6.98	2.85	4.4441	2.96	1.21
7.875	-0.210417	-20.163194	NA	1.895	6.1908	3.9583	3.6502	5.9514	27.8534	15.3738	32.5079	18.2034	19.5559	19.7371	2.249	9.7503	5.017	5.414	3.4366	1.5561	4.3291	1.78	0.79	22.2052	6.54	2.67	4.5705	2.95	1.20
8	-0.085417	-20.038194	NA	1.895	6.2149	10.0725	3.6502	5.9514	24.5436	24.1486	32.4963	17.3675	19.5559	19.7371	4.8297	9.8984	5.0428	5.9498	3.493	1.7378	5.5568	3.08	1.38	22.9748	5.44	2.22	5.1586	2.75	1.12
8.085417	0	-19.952778	NA	1.895	6.2149	14.0648	3.6502	5.9514	21.1533	29.9985	32.4963	16.788	19.5559	19.7371	9.4797	9.8984	5.0428	6.2177	3.493	1.7378	6.3553	4.66	2.08	23.2882	6.37	2.60	5.9782	3.25	1.33
8.210417	0.125	-19.827778	NA	2.8699	5.2345	13.955	3.6419	2.6388	27.2597	40.0736	42.4552	17.8644	34.2141	22.0848	9.3687	20.7532	3.7615	7.1109	2.1067	2.2495	5.6680	4.74	2.12	30.6586	9.89	4.04	7.5584	7.07	2.89
8.335417	0.25	-19.702778	NA	3.7245	8.4663	14.7046	3.9911	1.8057	29.3205	46.1367	50.275	17.5982	49.9948	33.7967	10.799	30.326	2.8906	7.2166	1.2382	3.1001	6.5384	5.18	2.32	37.8537	13.19	5.38	9.2617	10.89	4.45
8.460417	0.375	-19.577778	NA	4.2618	15.1563	17.5401	4.3975	2.3461	33.8056	45.6466	50.7875	20.0308	62.7271	51.3266	12.978	32.0159	3.1763	7.38	1.8309	5.004	8.7404	7.04	3.15	44.0540	15.04	6.14	10.3975	11.29	4.61
8.585417	0.5	-19.452778	NA	4.0724	14.5971	16.6554	3.9072	2.6643	35.7172	42.9813	45.1155	20.353	66.0468	59.1296	12.4072	29.8086	3.497	6.47	1.9753	4.7428	8.3793	6.68	2.99	44.8906	16.37	6.68	9.8168	10.44	4.26
8.710417	0.625	-19.327778	NA	3.5079	11.1242	16.0137	3.0516	2.5302	35.3443	36.7621	39.5629	20.3599	62.2393	57.1631	11.053	25.532	3.228	6.1088	1.6108	3.9094	7.2455	6.04	2.70	41.9053	15.40	6.29	8.5737	8.93	3.65
8.835417	0.75	-19.202778	NA	2.7225	7.9127	14.934	2.3955	2.1957	34.2006	28.9406	34.2031	17.9248	55.9491	50.4992	9.8149	22.1655	3.1629	5.8104	1.2584	3.0955	6.0321	5.52	2.47	36.9529	14.04	5.73	7.5513	7.75	3.16
8.960417	0.875	-19.077778	NA	2.103	5.6185	14.5284	1.8827	1.9337	29.7279	23.8671	29.8631	16.4595	52.5114	44.3407	8.358	19.121	3.0978	5.4999	1.0446	2.3356	5.2133	5.44	2.43	32.7950	13.32	5.44	6.5762	6.67	2.72
9.085417	1	-18.952778	NA	1.9551	4.8812	14.266	1.6489	1.5582	26.3218	20.4383	27.6549	15.065	51.8449	40.0722	7.2365	17.9875	3.0327	5.1894	1.1474	1.959	4.8619	5.43	2.43	30.2329	13.50	5.51	6.0921	6.24	2.55
9.210417	1.125	-18.827778	NA	1.7614	4.5467	14.2206	1.5437	1.3168	23.4663	18.692	25.9926	14.0231	51.0633	36.2757	6.3638	17.5961	2.9675	4.8789	0.9605	2.2289	4.6778	5.49	2.46	28.2522	13.47	5.50	5.8326	6.07	2.48
9.335417	1.25	-18.702778	NA	1.5588	4.768	14.4317	1.4762	1.3814	22.6219	18.7279	24.8117	13.655	50.5019	34.262	5.8521	18.3298	2.9024	4.5685	0.8586	2.5931	4.7232	5.61	2.51	27.4301	13.22	5.40	5.8507	6.35	2.59
9.460417	1.375	-18.577778	NA	1.5461	5.1796	15.3706	1.7051	1.4982	21.5198	18.7444	23.9467	13.2138	49.4774	33.3884	5.4486	17.2603	2.8373	4.258	0.9795	3.0844	5.0599	5.97	2.67	26.7151	12.99	5.30	5.6447	5.88	2.40
9.585417	1.5	-18.452778	NA	1.54	5.2875	15.2228	1.9158	1.384	20.9901	17.4842	23.0099	12.817	49.1167	32.5368	5.0012	15.4675	2.7722	3.9475	1.14	3.0091	5.0700	5.90	2.64	25.9925	13.10	5.35	5.2229	5.18	2.12
9.710417	1.625	-18.327778	NA	1.5303	4.7545	14.9326	1.6709	1.2162	20.7362	16.0227	21.7331	12.2426	47.8593	31.1552	4.6881	13.1619	2.707	3.637	0.9519	2.6681	4.8209	5.83	2.61	24.9582	12.90	5.27	4.6357	4.36	1.78
9.835417	1.75	-18.202778	NA	1.2821	4.112	15.078	1.335	1.1176	19.5493	13.9297	19.0768	11.3507	44.8442	29.0142	4.1568	10.9307	2.6419	3.3265	0.6058	1.7113	4.5849	6.00	2.68	22.9608	12.32	5.03	3.8955	3.66	1.49
9.960417	1.875	-18.077778	NA	1.0978	3.6538	13.6781	1.0125	1.0913	18.2848	12.3735	17.5048	10.9105	42.1277	26.8141	3.7194	10.0796	2.5768	3.016	0.7157	1.4162	4.1067	5.47	2.44	21.3359	11.62	4.74	3.5873	3.36	1.37
10.085417	2	-17.952778	NA	0.9509	3.4233	13.8361	0.7833	1.0956	17.7003	12.3011	16.8749	10.3738	40.2259	25.5108	4.8751	10.0245	2.5117	2.7056	0.8154	1.4862	4.0178	5.59	2.50	20.4978	11.00	4.49	3.7364	3.38	1.38
10.210417	2.125	-17.827778	NA	0.9428	3.8999	13.7758	0.7698	1.1167	17.1101	13.7609	17.0569	10.0305	38.8746	25.7646	4.3342	10.4513	2.5887	2.3951	0.6781	1.5089	4.1010	5.56	2.49	20.4329	10.43	4.26	3.6594	3.55	1.45
10.335417	2.25	-17.702778	NA	0.8817	4.9254	14.2046	0.8984	1.1391	18.0734	14.8694	17.6134	10.184	38.693	27.0891	4.0778	10.5194	2.7818	2.4808	0.7223	2.1262	4.4098	5.74	2.57	21.0870	10.24	4.18	3.7847	3.47	1.42
10.460417	2.375	-17.577778	NA	1.1127	5.6984	14.4636	0.9064	1.2107	18.2508	14.1995	17.4968	10.363	39.6113	28.2564	3.8903	9.5354	2.5459	2.3263	1.0111	2.6585	4.6784	5.83	2.61	21.3630	10.75	4.39	3.6612	3.02	1.23
10.585417	2.5	-17.452778	NA	1.2445	5.4625	14.2931	0.8411	1.2506	17.9962	12.6549	16.3753	10.2631	40.5434	28.2005	3.53	8.0937	2.7825	2.2051	1.1344	2.3057	4.6184	5.73	2.56	21.0056	11.39	4.65	3.3419	2.46	1.00
10.710417	2.625	-17.327778	NA	1.0535	4.7676	13.3185	0.8316	1.0858	17.2368	11.3723	15.0944	10.4313	39.8493	26.8877	3.2275	6.8645	2.6264	2.1371	1.0398	2.0777	4.2114	5.35	2.39	20.1453	11.30	4.62	2.9955	2.03	0.83
10.835417	2.75	-17.202778	NA	1.068	4.0524	12.3304	0.7263	1.0432	17.2534	10.3527	13.7715	9.8164	37.8417	24.6381	2.7692	5.8517	1.8618	2.1126	0.8629	1.4762	3.8441	4.93	2.21	18.9456	10.74	4.38	2.4891	1.77	0.72
10.960417	2.875	-17.077778	NA	1.2094	3.5084	12.2162	0.6068	0.8826	16.4425	9.9506	12.9204	9.8472	36.442	22.9845	2.5545	5.7446	2.0751	1.9058	0.7639	1.3638	3.6847	4.91	2.19	18.0979	10.24	4.18	2.4013	1.75	0.71
11.085417	3	-16.952778	NA	0.8691	3.5001	11.9742	0.6944	1.0662	15.7544	10.8822	12.8129	9.5181	35.3521	21.9762	2.6584	5.9013	2.0924	1.7643	0.6673	1.2514	3.6208	4.81	2.15	17.7160	9.71	3.96	2.3892	1.85	0.76
11.210417	3.125	-16.827778	NA	0.8732	3.9351	12.9966	0.821	1.0911	15.3391	12.32	14.1121	9.5987	35.0692	22.8222	2.6126	6.8598	2.077	1.7934	0.5559	1.3339	3.9434	5.23	2.34	18.2102	9.37	3.83	2.5388	2.23	0.91
11.335417	3.25	-16.702778	NA	0.9525	4.611	13.342	0.9598	1.2762	16.1306	13.2075	15.0766	9.6048	35.529	24.9497	2.6106	7.7961	2.3722	1.8825	0.5689	1.7237	4.2283	5.32	2.38	19.0830	9.53	3.89	2.8257	2.54	1.04
11.460417	3.375	-16.577778	NA	0.9852	5.1307	12.7348	0.9838	1.1306	16.997	12.5537	14.8619	9.6849	35.9147	26.6073	2.7654	7.3476	2.415	1.7133	0.7904	2.0042	4.1930	5.09	2.28	19.4366	9.92	4.05	2.8393	2.31	0.94
11.585417	3.5	-16.452778	NA	0.9327	5.1731	12.4236	0.8993	1.1583	17.0022	10.8248	14.1967	9.457	36.9457	27.1305	2.9731	6.8469	2.2986	1.653	1.0042	1.8728	4.1174	4.98	2.23	19.2595	10.70	4.37	2.7748	2.10	0.86
11.710417	3.625	-16.327778	NA	0.9197	4.4794	11.5309	0.7928	1.0625	16.825	10.2541	13.0488	9.5832	34.8387	26.2193	2.9561	6.3106	2.0729	1.769	0.9014	1.4688	3.7571	4.61	2.06	18.4615	10.07	4.11	2.5798	1.95	0.80
11.835417	3.75	-16.202778	NA	0.7879	3.8608	10.1193	0.5902	0.7242	17.0437	9.4865	11.7061	9.2657	32.4037	24.3162	2.5133	4.6939	1.8329	1.5806	0.5889	1.2295	3.2165	4.09	1.83	17.3703	9.32	3.80	2.0732	1.43	0.59
11.960417	3.875	-16.077778	NA	0.7131	3.4919	9.3227	0.6161	0.812	16.8148	9.3811	11.2105	9.3077	30.632	22.7885	2.0204	4.3552	1.8636	1.4827	0.5851	1.1	2.9912	3.74	1.67	16.6891	8.60	3.51	1.9012	1.31	0.54
12.085417	4	-15.952778	NA	0.7035	3.268	9.1206	0.6629	1.289	16.197	9.6049	11.2082	9.1543	28.4617	21.8723	2.2418	4.7956	1.7648	1.4072	0.6855	1.1219	3.0088	3.58	1.60	16.0831	7.75	3.16	2.0028	1.47	0.60
12.210417	4.125	-15.827778	NA	0.5662	3.5042	9.538	0.7229	1.3124	16.0434	10.3389	11.7402	9.087	28.4822	22.1891	2.1971	5.691	1.8316	1.5291	0.6986	1.1063	3.1287	3.77	1.69	16.3135	7.64	3.12	2.1756	1.80	0.74
12.335417	4.25	-15.702778	NA	0.5865	4.1646	9.9202	0.7242	1.3904	16.8238	11.1068	12.553	8.8485	28.2535	23.8826	2.2213	6.3133	1.8377	1.331	0.7687	1.2735	3.3572	3.94	1.76	16.9114	7.68	3.14	2.2909	2.03	0.83
12.460417	4.375	-15.577778	NA	0.7915	4.6531	10.0564	0.7563	1.304	17.8538	10.6248	13.1658	8.9784	28.2778	25.9555	2.2591	5.9608	1.7451	1.4774	0.8679	1.4776	3.5123	4.00	1.79	17.4760	8.08	3.30	2.2980	1.85	0.76
12.585417	4.5	-15.452778	NA	0.7835	4.4189	9.7301	0.6983	1.2587	17.7192	9.979	12.6941	8.8332	27.7042	27.0432	1.8853	5.3595	1.7463	1.5804	0.9562	1.776	3.3779	3.87	1.73	17.3288	8.36	3.41	2.2173	1.57	0.64
12.710417	4.625	-15.327778	NA	0.5801	4.0059	9.1154	0.5244	1.0006	17.4357	9.469	11.5711	8.47	27.0205	26.1821	2.0212	4.6353	1.617	1.4394	0.9632	1.5159	3.0453	3.69	1.65	16.6914	8.29	3.38	2.0320	1.32	0.54
12.835417	4.75	-15.202778	NA	0.5909	3.5681	8.5686	0.5317	1.0759	17.9828	8.8061	10.8675	8.4035	25.9588	24.2734	2.0301	4.0777	1.6678	1.4302	0.8786	1.252	2.8670	3.42	1.53	16.0487	7.84	3.20	1.8894	1.14	0.47
12.960417	4.875	-15.077778	NA	0.5068	3.0328	8.1224	0.3942	1.5447	16.4027	8.4911	10.1207	8.0585	25.3223	22.6356	1.7866	4.1631	1.7305	1.3806	0.8133	0.977	2.7202	3.20	1.43	15.1718	7.50	3.06	1.8085	1.22	0.50
13.085417	5	-14.952778	NA	0.4942	2.6896	7.3855	0.4509	1.3886	15.526	8.3073	9.6615	8.1972	24.4178	21.7671	1.6993	4.5163	1.6781	1.2904	0.9335	0.8897	2.4818	2.89	1.29	14.6462	7.12	2.91	1.8346	1.36	0.55
13.210417	5.125	-14.827778	NA	0.4985	2.7641	7.3717	0.6926	1.2111	14.9587	9.3525	9.9912	8.0625	24.475	21.3612	1.9349	4.8746	1.7076	1.141	0.9232	1.0852	2.5076	2.86	1.28	14.7002	6.85	2.80	1.9444	1.49	0.61
13.335417	5.25	-14.702778	NA	0.6794	3.132	6.9732	0.6703	1.2063	15.0925	9.4554	10.5711	7.6643	25.7548	22.3402	1.9798	5.0498	1.6835	1.2346	0.8692	1.0911	2.5322	2.68	1.20	15.1464	7.40	3.02	1.9847	1.56	0.63
13.460417	5.375	-14.577778	NA	0.641	3.6049	7.4794	0.6366	1.2776	16.1814	9.6422	10.9098	7.7698	26.8661	23.4338	2.1626	5.109	1.7074	1.7078	0.8568	1.207	2.7279	2.92	1.31	15.8005	7.84	3.20	2.1251	1.53	0.62
13.585417	5.5	-14.452778	NA	0.6472	3.8724	7.4256	0.7342	1.2807	16.6678	9.4052	10.8541	7.6427	27.4043	24.7189	1.8348	4.9079	1.6321	1.288	0.8387	1.3848	2.7920	2.91	1.30	16.1155	8.32	3.40	1.9810	1.47	0.60
13.710417	5.625	-14.327778	NA	0.4648	3.5089	7.04	0.7687	1.1847	15.9436	8.8365	10.6562	7.8343	27.417	25.4428	1.7508	4.3703	1.621	1.1704	1.0396	1.3675	2.5934	2.76	1.23	16.0217	8.56	3.49	1.8866	1.25	0.51
13.835417	5.75	-14.202778	NA	0.6227	2.9632	7.4382	0.7931	1.2055	15.8566	8.0473	10.2578	7.7843	26.9358	24.4882	1.7219	3.9063	1.6473	1.3339	1.0134	1.3387	2.6045	2.86	1.28	15.5617	8.42	3.44	1.8269	1.05	0.43
13.960417	5.875	-14.077778	NA	0.5959	2.6559	8.2534	0.8061	1.2226	15.6344	8.048	9.8442	7.6337	25.8852	23.4847	1.5787	3.876	1.575	1.3241	0.8731	1.2774	2.7068	3.20	1.43	15.0884	8.00	3.27	1.7507	1.07	0.44
14.085417	6	-13.952778	NA	0.4265	2.536	7.0674	0.8316	1.1945	14.5711	8.1682	9.5858	6.9001	24.9619	22.627	1.9744	3.8769	1.5272	1.3384	0.6626	1.1529	2.4112	2.72	1.22	14.4690	7.71	3.15	1.7554	1.13	0.46
14.210417	6.125	-13.827778	NA	0.2397	2.4825	6.4914	0.8736	1.1572	13.7271	8.2901	9.3274	6.7622	24.1875	21.7693	2.3566	3.8777	1.4793	1.3164	0.4522	1.0285	2.2489	2.51	1.12	14.0106	7.36	3.01	1.7518	1.21	0.50
14.335417	6.25	-13.702778	NA	0.4863	2.6398	7.1785	0.6433	0.8491	13.9164	7.9969	9.8442	7.9165	24.2549	21.7707	1.9565	4.1433	1.9362	1.1362	1.4728	1.0598	2.3594	2.83	1.27	14.2833	7.15	2.92	1.9508	1.14	0.47
14.460417	6.375	-13.577778	NA	0.5324	2.8591	7.4092	0.6413	1.0197	14.4857	8.4951	10.2147	7.8546	25.134	23.0798	1.9078	4.6467	1.9393	1.2104	1.574	1.2785	2.4923	2.90	1.30	14.8773	7.54	3.08	2.0928	1.29	0.53
14.585417	6.5	-13.452778	NA	0.5701	3.1135	7.8253	0.7384	1.3194	15.5292	8.1338	10.3959	8.4853	25.7784	24.5577	1.8227	4.7696	1.7326	1.353	1.1444	1.7314	2.7133	3.03	1.36	15.4801	7.96	3.25	2.0923	1.34	0.55
14.710417	6.625	-13.327778	NA	0.6523	2.9197	7.2782	0.8375	0.933	15.9476	7.9653	9.9529	8.7203	25.6899	25.6957	2.3249	4.1119	1.3118	2.0311	1.1855	1.7192	2.5241	2.81	1.26	15.6619	8.26	3.37	2.1141	1.07	0.44
14.835417	6.75	-13.202778	NA	0.7369	2.5397	7.158	0.9355	0.9972	15.3827	7.4421	9.2373	8.81	24.2312	24.1728	1.6055	3.4029	1.3224	1.5114	1.06	1.4254	2.4735	2.72	1.21	14.8794	7.72	3.15	1.7213	0.84	0.34
14.960417	6.875	-13.077778	NA	0.4724	2.2365	6.8424	0.7114	0.9936	14.8168	7.8033	8.2788	8.7575	22.0261	22.3146	1.7132	3.1334	1.3543	1.0726	1.1128	1.3681	2.2513	2.65	1.19	13.9995	6.82	2.79	1.6257	0.77	0.32
15.085417	7	-12.952778	NA	0.5664	2.0346	6.0714	0.6576	1.5837	14.2433	7.3894	7.765	8.3113	21.2317	20.8982	1.4233	2.8721	1.3533	1.1027	1.2299	1.2251	2.1827	2.26	1.01	13.3065	6.51	2.66	1.5344	0.66	0.27
15.210417	7.125	-12.827778	NA	0.4644	1.969	5.5393	0.5574	1.2846	13.6617	7.3973	7.7555	8.0109	20.7966	20.0514	1.5284	3.1673	1.4002	1.1572	1.1772	1.3125	1.9629	2.09	0.93	12.9456	6.24	2.55	1.6238	0.77	0.31
15.335417	7.25	-12.702778	NA	0.4269	2.0823	5.6512	0.5198	0.9481	13.2475	8.3236	8.552	7.8631	20.88	20.5431	1.5751	3.873	1.4323	1.0116	1.2131	1.4627	1.9257	2.18	0.98	13.2349	6.11	2.50	1.7613	1.05	0.43
15.460417	7.375	-12.577778	NA	0.3792	2.2968	6.1034	0.5401	0.6647	13.4323	8.8191	9.2837	7.8177	22.2211	21.2957	1.7562	4.2742	1.3585	0.9601	1.2677	1.711	1.9968	2.42	1.08	13.8116	6.45	2.63	1.8880	1.21	0.49
15.585417	7.5	-12.452778	NA	0.3694	2.3951	5.7393	0.5797	0.8738	13.5178	8.2949	8.7361	8.177	22.1299	22.7168	1.8947	3.9768	1.3737	1.0421	1.3166	1.9408	1.9915	2.24	1.00	13.9287	6.88	2.81	1.9241	1.06	0.43
15.710417	7.625	-12.327778	NA	0.5956	2.553	5.7017	0.7203	1.0362	13.2627	7.8168	8.3595	8.9333	21.5578	23.1263	1.6811	3.457	1.4415	1.1804	1.4469	2.0731	2.1214	2.15	0.96	13.8427	6.88	2.81	1.8800	0.83	0.34
15.835417	7.75	-12.202778	NA	0.4073	2.2094	5.4757	0.7423	0.872	13.2194	7.0106	8.0066	9.2094	21.088	22.3518	1.7205	3.0047	1.3769	0.8247	1.2828	1.9365	1.9413	2.09	0.94	13.4810	6.73	2.75	1.6910	0.75	0.31
15.960417	7.875	-12.077778	NA	0.3692	1.895	5.5386	0.7121	1.1621	12.7826	6.9078	7.6572	9.0372	20.8424	21.0139	1.5491	2.6734	1.305	0.996	1.0614	1.5941	1.9354	2.09	0.94	13.0402	6.44	2.63	1.5298	0.61	0.25
16.085417	8	-11.952778	NA	0.3402	1.714	5.4	0.6813	1.5177	12.7551	6.8194	7.4168	9.1298	20.6511	19.6073	1.4386	2.5911	1.2548	1.0553	0.9726	1.3412	1.9306	2.02	0.90	12.7299	6.10	2.49	1.4423	0.59	0.24
16.210417	8.125	-11.827778	NA	0.54	1.6134	5.0515	0.5471	0.8699	11.7264	6.878	7.707	8.7612	21.4162	19.0698	1.5752	2.4866	1.4513	0.8974	0.85	1.2908	1.7244	1.91	0.85	12.5931	6.19	2.53	1.4252	0.60	0.24
16.335417	8.25	-11.702778	NA	0.8104	2.0173	4.6758	0.6213	0.8049	11.8603	7.6665	8.2873	8.9489	22.137	19.5504	1.6499	2.6292	1.5755	0.9199	0.8906	1.4537	1.7859	1.71	0.76	13.0751	6.24	2.55	1.5198	0.63	0.26
16.460417	8.375	-11.577778	NA	0.3827	2.3676	4.7212	0.5947	0.946	12.6264	8.3438	9.2772	8.9182	23.0895	20.6566	2.0258	3.3575	1.7275	0.8905	1.0216	1.8735	1.8024	1.81	0.81	13.8186	6.46	2.64	1.8161	0.89	0.36
16.585417	8.5	-11.452778	NA	0.342	2.3328	5.0266	0.5859	0.9711	13.2354	8.4349	9.1506	9.1268	23.6137	22.5096	1.9299	3.8885	1.9401	0.9159	1.1951	2.2341	1.8517	1.93	0.87	14.3452	6.97	2.85	2.0173	1.04	0.43
16.710417	8.625	-11.327778	NA	0.4721	2.4853	5.6114	0.3687	0.747	13.1813	7.8919	8.5002	9.7455	23.4945	22.1672	2.2024	3.5658	1.9856	1.0333	1.3269	2.27	1.9369	2.23	1.00	14.1634	6.97	2.85	2.0640	0.89	0.36
16.835417	8.75	-11.202778	NA	0.3887	2.0462	5.5732	0.5589	0.9771	12.8033	7.2529	7.7572	10.2322	22.3854	21.0464	1.6803	2.8418	1.7609	0.9673	1.2949	2.0468	1.9088	2.15	0.96	13.5796	6.62	2.70	1.7653	0.65	0.26
16.960417	8.875	-11.077778	NA	0.5933	2.6113	4.8059	0.8701	1.2597	11.7161	7.3853	8.6167	9.9855	21.6077	19.3583	1.3101	12.7478	8.6139	1.3653	8.9173	9.9986	2.0281	1.74	0.78	13.1116	5.93	2.42	7.1588	4.74	1.93
17.085417	9	-10.952778	NA	0.3702	0.8737	4.6848	0.8234	1.5545	11.2292	7.0157	6.6516	10.4205	20.5046	17.2429	5.6892	12.3538	4.988	4.4547	4.9633	13.4315	1.6613	1.74	0.78	12.1774	5.59	2.28	7.6467	4.10	1.67
17.210417	9.125	-10.827778	NA	0.1397	1.2155	4.7568	0.6783	0.7704	11.0099	6.6638	6.0756	10.711	19.302	17.1208	1.2295	1.1212	1.2343	0.8303	-0.1674	5.32	1.5121	1.85	0.83	11.8139	5.40	2.20	1.5947	1.90	0.78
17.335417	9.25	-10.702778	NA	0.5165	1.537	5.0277	0.4144	1.0095	11.6552	7.3478	6.8818	10.4784	19.416	16.9378	1.4895	2.3409	1.5993	0.9678	0.8573	1.4673	1.7010	1.91	0.86	12.1195	5.09	2.08	1.4537	0.53	0.22
17.460417	9.375	-10.577778	NA	0.3842	1.8495	5.0189	0.5652	0.6846	11.8849	7.4837	7.5924	9.9861	19.8685	17.7255	1.4074	2.8462	1.7161	0.6702	0.8435	1.7132	1.7005	1.94	0.87	12.4235	5.24	2.14	1.5328	0.78	0.32
17.585417	9.5	-10.452778	NA	0.3692	2.2216	5.2002	0.751	0.9067	11.8818	7.4509	7.6521	9.901	20.7183	18.7863	2.1901	3.5085	2.0347	0.5895	1.1633	2.0972	1.8897	1.98	0.88	12.7317	5.71	2.33	1.9305	1.00	0.41
17.710417	9.625	-10.327778	NA	0.3287	2.4902	5.2458	0.6837	0.9633	11.5963	7.3038	7.0338	10.1691	20.5428	18.5639	2.9211	2.9008	1.4303	0.2646	0.6152	2.1457	1.9423	2.02	0.90	12.5350	5.74	2.34	1.7129	1.13	0.46
17.835417	9.75	-10.202778	NA	0.2876	2.1495	6.0228	0.5532	0.9998	11.2644	7.1567	7.0532	10.9808	20.1175	18.1695	2.2474	2.017	1.1769	0.4074	0.4414	1.8536	2.0026	2.36	1.05	12.4570	5.52	2.25	1.3573	0.81	0.33
17.960417	9.875	-10.077778	NA	0.3645	1.7804	5.2467	0.4416	0.9536	10.9325	6.9027	7.0915	10.2564	19.2164	17.4181	1.5737	2.2378	1.4374	0.5502	0.9247	1.6104	1.7574	2.03	0.91	11.9696	5.21	2.13	1.3890	0.59	0.24
18.085417	10	-9.952778	NA	0.3675	1.7814	4.8914	0.539	1.2256	10.6927	7.1208	6.6231	10.6181	18.0131	16.6834	1.4522	2.1987	1.6835	0.7984	0.987	1.6596	1.7610	1.84	0.82	11.6252	4.77	1.95	1.4632	0.51	0.21
18.210417	10.125	-9.827778	NA	0.3353	1.9694	4.1817	0.6509	1.1615	10.5519	7.4496	6.8521	10.219	17.6915	16.4629	1.249	2.4823	1.8383	0.518	1.1133	1.82	1.6598	1.54	0.69	11.5378	4.55	1.86	1.5035	0.69	0.28
18.335417	10.25	-9.702778	NA	0.4835	2.4159	4.5587	0.5654	0.817	11.2486	8.1248	7.579	10.3438	18.2341	16.4726	1.2696	2.9359	1.9046	0.7517	1.0797	2.1074	1.7681	1.75	0.78	12.0005	4.40	1.80	1.6748	0.80	0.33
18.460417	10.375	-9.577778	NA	0.5288	2.5277	4.3487	0.6762	0.7801	11.625	8.4265	8.3198	11.005	19.0259	17.0142	1.3698	3.636	2.0802	0.6491	1.0179	2.1615	1.7723	1.65	0.74	12.5694	4.47	1.83	1.8191	1.07	0.44
18.585417	10.5	-9.452778	NA	0.5592	2.4743	4.4718	0.7335	0.7914	11.5749	8.3995	8.0107	11.0687	19.2173	17.7086	1.7283	4.1221	2.6304	0.7328	2.4586	2.8789	1.8060	1.68	0.75	12.6633	4.73	1.93	2.4252	1.14	0.46
18.710417	10.625	-9.327778	NA	0.7668	2.2179	5.1994	0.5737	0.7367	11.4641	8.5692	7.473	11.8952	18.372	17.7237	2.8134	4.8612	3.4976	0.8473	5.6321	5.9298	1.8989	1.96	0.88	12.5829	4.56	1.86	3.9302	1.93	0.79
18.835417	10.75	-9.202778	NA	0.6685	1.7176	4.5621	0.4477	0.6949	11.3532	8.0504	6.291	11.5913	17.4502	17.2676	2.3489	2.1446	1.2287	0.954	0.8402	1.4292	1.6182	1.72	0.77	12.0006	4.61	1.88	1.4909	0.62	0.25
18.960417	10.875	-9.077778	NA	0.4173	1.6554	4.4833	0.6076	0.8719	11.0801	7.6944	6.3415	11.6078	17.0313	16.5008	1.5856	2.2921	1.5298	0.7817	0.9907	1.4968	1.6071	1.68	0.75	11.7093	4.40	1.79	1.4461	0.53	0.22
19.085417	11	-8.952778	NA	0.4274	1.6504	4.1378	0.5698	1.3627	10.7784	7.6351	6.7017	11.2458	16.6488	15.7976	1.2714	2.2451	1.6278	0.7828	0.9941	1.4884	1.6296	1.49	0.67	11.4679	4.09	1.67	1.4016	0.52	0.21
19.210417	11.125	-8.827778	NA	0.3887	1.7334	3.9442	0.5444	1.6019	10.8116	7.6726	7.3427	10.2709	16.1162	15.3481	1.3202	2.0467	1.6474	0.7748	1.0662	1.4321	1.6425	1.42	0.64	11.2603	3.73	1.52	1.3812	0.44	0.18
19.335417	11.25	-8.702778	NA	0.4379	1.9507	4.101	0.7606	1.1217	11.4475	7.8064	8.2656	9.9896	15.9699	15.364	1.2251	2.6348	1.4166	0.8106	1.0856	1.6345	1.6744	1.47	0.66	11.4738	3.50	1.43	1.4679	0.64	0.26
19.460417	11.375	-8.577778	NA	0.3192	2.2558	4.1355	0.7759	0.7658	11.7653	7.8059	8.4509	10.3825	16.3479	16.0902	1.3226	3.4482	1.5238	0.7774	1.0312	1.805	1.6504	1.57	0.70	11.8071	3.70	1.51	1.6514	0.95	0.39
19.585417	11.5	-8.452778	NA	0.1936	2.2652	4.4807	0.6168	0.8554	11.6834	7.7223	8.0096	10.5474	16.269	16.8557	1.2974	3.2748	1.799	0.6091	1.0746	1.8731	1.6823	1.75	0.78	11.8479	3.95	1.61	1.6547	0.92	0.38
19.710417	11.625	-8.327778	NA	0.5693	2.0962	5.7529	0.4757	0.9399	12.0189	8.2915	7.6326	11.4542	15.5808	16.7388	1.5372	3.2437	1.8734	0.7541	1.1821	2.2039	1.9668	2.21	0.99	11.9528	3.70	1.51	1.7991	0.87	0.36
19.835417	11.75	-8.202778	NA	0.6944	1.4681	5.2051	0.4267	0.8093	11.9429	8.1184	6.3702	11.2117	15.0276	15.9366	1.9839	2.1085	1.6411	0.8951	0.9936	1.556	1.7207	1.99	0.89	11.4346	3.75	1.53	1.5297	0.50	0.20
19.960417	11.875	-8.077778	NA	0.5806	1.4352	4.7359	0.4923	0.9647	11.4513	7.9499	6.2702	11.1449	14.6968	15.1468	2.0204	2.2333	1.4261	0.6904	1.0483	1.2361	1.6417	1.77	0.79	11.1100	3.54	1.45	1.4424	0.59	0.24
20.085417	12	-7.952778	NA	0.5946	1.5032	4.7747	0.5679	1.476	10.9017	7.8997	6.1525	10.8364	14.4215	14.5355	1.7185	2.2212	1.7148	0.8268	0.9507	1.398	1.7833	1.73	0.77	10.7912	3.38	1.38	1.4717	0.52	0.21
20.210417	12.125	-7.827778	NA	0.5422	1.7092	4.2166	0.5888	1.7759	10.7583	7.9633	6.5539	10.5212	14.0692	14.0407	1.4653	2.2921	1.7745	0.7147	0.9322	1.4189	1.7665	1.49	0.67	10.6511	3.07	1.25	1.4329	0.57	0.23
20.335417	12.25	-7.702778	NA	0.5055	2.0383	4.2439	0.5243	1.2716	11.0771	8.4628	7.3229	10.1017	14.2236	14.0896	1.4677	2.7432	1.9077	0.6999	1.1539	1.4446	1.7167	1.55	0.69	10.8796	2.85	1.16	1.5695	0.70	0.29
20.460417	12.375	-7.577778	NA	0.4827	2.0424	4.0911	0.5098	0.8692	11.2578	8.7916	7.7893	9.6654	14.812	14.8709	1.6044	3.2733	1.7718	0.6978	1.1736	1.4681	1.5990	1.53	0.68	11.1978	3.04	1.24	1.6648	0.87	0.36
20.585417	12.5	-7.452778	NA	0.3388	1.8635	4.3409	0.6268	0.8369	11.4854	8.9912	7.9	8.7307	15.058	15.4294	1.2368	3.0819	1.751	0.7501	1.0738	1.8049	1.6014	1.64	0.73	11.2658	3.31	1.35	1.6164	0.82	0.34
20.710417	12.625	-7.327778	NA	0.3837	1.7622	4.5823	0.5176	0.9381	11.6138	9.2452	7.2259	8.0744	14.4434	15.3197	1.4182	2.5856	1.7244	1.1091	1.0139	1.6776	1.6368	1.73	0.77	10.9871	3.37	1.38	1.5881	0.57	0.23
20.835417	12.75	-7.202778	NA	0.4605	1.5207	5.2423	0.31	1.3076	11.0867	9.3186	6.771	8.2826	13.7275	15.12	1.3403	2.7557	1.6778	0.6229	0.9919	1.5174	1.7682	2.01	0.90	10.7177	3.23	1.32	1.4843	0.73	0.30
20.960417	12.875	-7.077778	NA	0.5806	1.5301	4.9882	0.4626	1.4834	10.8739	8.9713	6.434	7.8561	13.6571	15.0855	1.1786	2.8285	1.8165	0.6723	1.0111	1.4925	1.8090	1.84	0.83	10.4796	3.38	1.38	1.4999	0.76	0.31
21.085417	13	-6.952778	NA	0.6542	1.5539	4.952	0.4796	1.4529	10.9765	8.8617	6.4765	7.9531	13.641	15.0692	1.1947	2.9013	1.8321	0.7129	1.0271	1.5248	1.8185	1.81	0.81	10.4963	3.36	1.37	1.5321	0.78	0.32
21.210417	13.125	-6.827778	NA	0.6528	1.5776	4.9299	0.4965	1.4224	11.1213	8.9716	6.5189	8.1035	13.625	15.053	1.2597	2.9741	1.8476	0.7143	1.0432	1.5571	1.8158	1.80	0.81	10.5655	3.31	1.35	1.5660	0.79	0.32
21.335417	13.25	-6.702778	NA	0.6515	1.6013	4.9077	0.5135	1.3919	11.2662	9.0815	6.5613	8.2539	13.6089	15.0367	1.3248	3.0468	1.8632	0.7156	1.0593	1.5894	1.8132	1.79	0.80	10.6348	3.26	1.33	1.5998	0.81	0.33
21.460417	13.375	-6.577778	NA	0.6502	1.6251	4.8856	0.5305	1.3614	11.4111	9.1915	6.6038	8.4043	13.5929	15.0205	1.3898	3.1196	1.8788	0.717	1.0753	1.6217	1.8106	1.78	0.80	10.7040	3.22	1.31	1.6337	0.83	0.34
21.585417	13.5	-6.452778	NA	0.6488	1.6488	4.8635	0.5475	1.3309	11.556	9.3014	6.6462	8.5546	13.5768	15.0042	1.4548	3.1924	1.8943	0.7184	1.0914	1.654	1.8079	1.77	0.79	10.7732	3.18	1.30	1.6676	0.85	0.35
21.710417	13.625	-6.327778	NA	0.6475	1.6726	4.8414	0.5645	1.3004	11.7009	9.4113	6.6886	8.705	13.5608	14.9879	1.5199	3.2652	1.9099	0.7197	1.1075	1.6863	1.8053	1.76	0.79	10.8424	3.14	1.28	1.7014	0.88	0.36
21.835417	13.75	-6.202778	NA	0.6461	1.6963	4.8193	0.5815	1.2699	11.8458	9.5213	6.7311	8.8554	13.5448	14.9717	1.5849	3.338	1.9255	0.7211	1.1235	1.7186	1.8026	1.75	0.78	10.9117	3.10	1.26	1.7353	0.90	0.37
21.960417	13.875	-6.077778	NA	0.6448	1.7201	4.7971	0.5984	1.2395	11.9906	9.6312	6.7735	9.0058	13.5287	14.9554	1.6499	3.4108	1.9411	0.7225	1.1396	1.7509	1.8000	1.74	0.78	10.9809	3.06	1.25	1.7691	0.92	0.38
22.085417	14	-5.952778	NA	0.6435	1.7438	4.775	0.6154	1.209	12.1355	9.7411	6.8159	9.1562	13.5127	14.9391	1.7149	3.4836	1.9566	0.7238	1.1556	1.7832	1.7973	1.73	0.77	11.0501	3.02	1.23	1.8030	0.94	0.38
22.210417	14.125	-5.827778	NA	0.6421	1.7676	4.7529	0.6324	1.1785	12.2804	9.8511	6.8584	9.3066	13.4966	14.9229	1.78	3.5564	1.9722	0.7252	1.1717	1.8155	1.7947	1.72	0.77	11.1193	2.98	1.22	1.8368	0.97	0.39
22.335417	14.25	-5.702778	NA	0.6408	1.7913	4.7308	0.6494	1.148	12.4253	9.961	6.9008	9.457	13.4806	14.9066	1.845	3.6292	1.9878	0.7266	1.1878	1.8478	1.7921	1.71	0.76	11.1885	2.95	1.20	1.8707	0.99	0.40
22.460417	14.375	-5.577778	NA	0.6395	1.815	4.7087	0.6664	1.1175	12.5702	10.0709	6.9433	9.6074	13.4645	14.8904	1.91	3.702	2.0033	0.7279	1.2038	1.8801	1.7894	1.70	0.76	11.2578	2.92	1.19	1.9045	1.01	0.41
22.585417	14.5	-5.452778	NA	0.6381	1.8388	4.6865	0.6834	1.087	12.7151	10.1809	6.9857	9.7578	13.4485	14.8741	1.9751	3.7747	2.0189	0.7293	1.2199	1.9124	1.7868	1.69	0.76	11.3270	2.89	1.18	1.9384	1.04	0.42
22.710417	14.625	-5.327778	NA	0.6368	1.8625	4.6644	0.7003	1.0565	12.8599	10.2908	7.0281	9.9082	13.4324	14.8578	2.0401	3.8475	2.0345	0.7307	1.236	1.9447	1.7841	1.68	0.75	11.3962	2.86	1.17	1.9723	1.06	0.43
22.835417	14.75	-5.202778	NA	0.6354	1.8863	4.6423	0.7173	1.026	13.0048	10.4007	7.0706	10.0586	13.4164	14.8416	2.1051	3.9203	2.05	0.732	1.252	1.9769	1.7815	1.67	0.75	11.4655	2.83	1.15	2.0061	1.08	0.44
22.960417	14.875	-5.077778	NA	0.6341	1.91	4.6202	0.7343	0.9955	13.1497	10.5107	7.113	10.209	13.4003	14.8253	2.1702	3.9931	2.0656	0.7334	1.2681	2.0092	1.7788	1.67	0.75	11.5347	2.80	1.14	2.0399	1.11	0.45
23.085417	15	-4.952778	NA	0.6328	1.9338	4.5981	0.7513	0.965	13.2946	10.6206	7.1554	10.3594	13.3843	14.809	2.2352	4.0659	2.0812	0.7348	1.2841	2.0415	1.7762	1.66	0.74	11.6039	2.78	1.13	2.0738	1.13	0.46
23.210417	15.125	-4.827778	NA	0.6314	1.9575	4.5759	0.7683	0.9345	13.4395	10.7305	7.1979	10.5098	13.3682	14.7928	2.3002	4.1387	2.0968	0.7361	1.3002	2.0738	1.7735	1.65	0.74	11.6731	2.76	1.13	2.1076	1.16	0.47
23.335417	15.25	-4.702778	NA	0.6301	1.9813	4.5538	0.7853	0.904	13.5844	10.8405	7.2403	10.6602	13.3522	14.7765	2.3652	4.2115	2.1123	0.7375	1.3163	2.1061	1.7709	1.64	0.74	11.7424	2.74	1.12	2.1415	1.18	0.48
23.460417	15.375	-4.577778	NA	0.6288	2.005	4.5317	0.8022	0.8735	13.7292	10.9504	7.2827	10.8106	13.3361	14.7603	2.4303	4.2843	2.1279	0.7389	1.3323	2.1384	1.7682	1.64	0.73	11.8116	2.72	1.11	2.1753	1.21	0.49
23.585417	15.5	-4.452778	NA	0.6274	2.0287	4.5096	0.8192	0.843	13.8741	11.0603	7.3252	10.961	13.3201	14.744	2.4953	4.3571	2.1435	0.7402	1.3484	2.1707	1.7656	1.63	0.73	11.8808	2.70	1.10	2.2092	1.23	0.50
23.710417	15.625	-4.327778	NA	0.4169	1.9084	4.4875	0.7498	0.8761	13.434	11.1703	7.3676	11.0905	13.3041	14.7277	2.049	4.0677	2.0744	0.6351	1.1884	2.2947	1.6877	1.66	0.74	11.8490	2.61	1.07	2.0516	1.17	0.48
23.835417	15.75	-4.202778	NA	0.5603	1.6522	4.4653	0.5881	0.9488	12.9807	10.9785	7.41	11.7835	13.288	14.7115	2.0796	2.4817	1.9346	0.6321	0.7826	2.3925	1.6429	1.64	0.73	11.8587	2.53	1.03	1.7172	0.81	0.33
23.960417	15.875	-4.077778	NA	0.6664	1.5076	4.4432	0.5253	1.1124	12.6666	10.9788	7.2687	11.9439	13.272	14.6952	1.993	2.3381	1.9765	0.7797	0.9085	1.431	1.6510	1.61	0.72	11.8042	2.55	1.04	1.5711	0.63	0.26
24.085417	16	-3.952778	NA	0.6583	1.3899	4.4211	0.5681	1.3325	12.3648	11.1022	6.8318	12.0493	13.2559	14.679	1.8267	2.3391	1.8897	0.9451	1.1019	1.3191	1.6740	1.58	0.71	11.7138	2.68	1.09	1.5703	0.54	0.22
24.210417	16.125	-3.827778	NA	0.6554	1.4525	4.399	0.5463	1.2321	11.8947	11.0575	6.4744	11.3137	13.2399	14.6627	1.6515	2.35	1.9221	0.7745	1.1974	1.2443	1.6571	1.58	0.71	11.4405	2.78	1.14	1.5233	0.57	0.23
24.335417	16.25	-3.702778	NA	0.6726	1.5179	4.3631	0.5165	1.5718	11.9052	11.0542	6.4552	11.1352	13.2238	14.5352	1.4747	2.3836	1.9527	0.7334	1.1632	1.2434	1.7284	1.55	0.69	11.3848	2.76	1.13	1.4918	0.59	0.24
24.460417	16.375	-3.577778	NA	0.5712	1.4438	4.1876	0.5215	1.8028	12.4746	11.1821	6.7488	10.747	13.2078	14.765	1.4878	2.46	1.8437	0.6516	1.1976	1.2624	1.7054	1.49	0.67	11.5209	2.75	1.12	1.4838	0.62	0.25
24.585417	16.5	-3.452778	NA	0.6652	1.4745	4.184	0.4996	1.2542	12.7127	11.2953	7.0498	10.7203	13.1917	15.0697	1.5589	2.8041	1.9796	0.4855	1.2145	1.4058	1.6155	1.49	0.67	11.6732	2.73	1.12	1.5747	0.78	0.32
24.710417	16.625	-3.327778	NA	0.8382	1.424	4.5822	0.4577	0.7922	12.8335	11.5199	6.8218	10.8984	13.1757	15.3092	1.7121	3.0782	1.8613	0.6455	1.2446	1.369	1.6189	1.69	0.76	11.7598	2.86	1.17	1.6518	0.82	0.33
24.835417	16.75	-3.202778	NA	0.6256	1.3894	4.4236	0.5412	0.855	12.2894	10.651	6.3196	10.5612	13.1596	15.0419	1.6992	2.5067	1.7253	0.7196	1.2642	1.2976	1.5670	1.63	0.73	11.3371	2.97	1.21	1.5354	0.60	0.25
24.960417	16.875	-3.077778	NA	0.7279	1.4524	4.4626	0.5874	0.9941	11.6453	10.117	6.1991	10.4635	13.1436	14.2978	1.9601	2.1588	1.8533	0.5591	1.4048	1.3604	1.6449	1.61	0.72	10.9777	2.83	1.15	1.5494	0.58	0.24
25.085417	17	-2.952778	NA	0.7206	1.4521	4.3199	0.4825	1.0309	10.5308	10.0016	5.9315	9.9076	12.5556	13.5359	2.1794	2.0626	1.7412	0.588	1.4241	1.2905	1.6012	1.56	0.70	10.4105	2.64	1.08	1.5476	0.58	0.24
25.210417	17.125	-2.827778	NA	0.6644	1.4497	3.9738	0.5163	1.2669	10.3532	9.7012	5.889	10.6494	12.0628	12.9971	2.4094	2.1433	1.822	0.5995	1.3111	1.2461	1.5742	1.40	0.63	10.2754	2.46	1.01	1.5886	0.66	0.27
25.335417	17.25	-2.702778	NA	0.6579	1.5579	4.1693	0.6275	1.395	10.9454	10.0061	6.1702	10.7426	11.9853	12.5951	2.1564	2.4353	1.8775	0.73	1.2877	1.3226	1.6815	1.45	0.65	10.4075	2.27	0.93	1.6349	0.63	0.26
25.460417	17.375	-2.577778	NA	0.5247	1.6045	3.8826	0.6178	1.3623	11.2981	10.0066	6.3467	11.0624	12.1814	12.621	1.936	2.9092	1.9948	0.4421	1.516	1.3766	1.5984	1.36	0.61	10.5860	2.27	0.93	1.6958	0.82	0.33
25.585417	17.5	-2.452778	NA	0.5699	1.5035	3.6192	0.5665	2.1352	11.5403	10.1133	6.486	10.5253	12.6058	12.8904	1.7534	2.9636	2.213	0.5541	1.6819	1.3667	1.6789	1.27	0.57	10.6935	2.34	0.95	1.7554	0.81	0.33
25.710417	17.625	-2.327778	NA	0.4833	1.3895	4.2738	0.6333	3.4867	11.9353	10.2869	6.2912	11.7019	12.5203	13.0547	1.8902	2.8917	2.4374	1.8686	1.6467	1.3986	2.0533	1.73	0.77	10.9650	2.47	1.01	2.0222	0.55	0.22
25.835417	17.75	-2.202778	NA	0.5361	1.3109	4.0396	0.5136	3.076	10.6993	10.0937	6.0988	10.8705	11.7384	12.64	1.7414	2.3146	2.4525	0.7751	1.4357	1.1229	1.8952	1.59	0.71	10.3568	2.27	0.93	1.6404	0.66	0.27
25.960417	17.875	-2.077778	NA	0.6433	1.343	3.8039	0.4497	2.18	9.8792	9.7889	5.9703	10.6231	10.8834	12.024	1.7509	2.0935	2.3538	0.6538	1.3693	1.0241	1.6840	1.37	0.61	9.8615	2.07	0.85	1.5409	0.65	0.26
26.085417	18	-1.952778	NA	0.741	1.3794	3.5559	0.5658	1.5758	9.8526	9.8784	5.7195	10.3128	10.6928	12.039	1.6975	2.048	2.3437	0.6194	1.3262	1.106	1.5636	1.19	0.53	9.7492	2.13	0.87	1.5235	0.63	0.26
26.210417	18.125	-1.827778	NA	0.7196	1.4715	3.7383	0.5838	1.3242	10.1794	9.977	5.7642	10.3832	10.608	11.9664	1.7667	2.1955	2.406	0.5064	1.3518	1.1609	1.5675	1.27	0.57	9.8130	2.10	0.86	1.5646	0.70	0.29
26.335417	18.25	-1.702778	NA	0.6762	1.5455	3.8387	0.632	1.3854	10.5371	9.7196	5.9807	10.2537	10.9802	12.0917	2.2107	2.6703	2.4676	0.7064	1.3655	1.1184	1.6156	1.31	0.59	9.9272	2.09	0.85	1.7565	0.80	0.33
26.460417	18.375	-1.577778	NA	0.5384	1.5529	3.9405	0.7107	1.5277	10.6588	10.0742	6.346	10.1733	11.5116	12.1202	2.2679	3.5908	2.7361	0.7707	1.4075	1.2027	1.6540	1.36	0.61	10.1473	2.02	0.83	1.9960	1.06	0.43
26.585417	18.5	-1.452778	NA	0.4939	1.6052	4.0565	0.5863	2.3277	10.6558	10.2775	6.4037	10.6636	11.4431	12.1013	2.0971	3.2177	2.8889	0.39	1.2936	1.3592	1.8139	1.47	0.66	10.2575	2.00	0.82	1.8744	1.07	0.44
26.710417	18.625	-1.327778	NA	0.4897	1.6759	4.1585	0.5544	2.5042	10.6339	10.7888	6.3927	11.1713	11.0663	12.1176	1.8163	2.8529	2.8467	0.7354	1.3217	1.4254	1.8765	1.53	0.68	10.3618	2.01	0.82	1.8331	0.86	0.35
26.835417	18.75	-1.202778	NA	0.5047	1.7147	4.0832	0.596	2.9238	10.3116	10.7309	6.317	11.1573	10.6906	11.6315	2.1485	2.4304	2.7079	0.7101	1.3083	1.3188	1.9645	1.54	0.69	10.1398	1.93	0.79	1.7707	0.77	0.32
26.960417	18.875	-1.077778	NA	0.6981	1.736	3.7903	0.5605	2.3798	9.7946	10.536	6.1378	11.486	10.4024	11.2455	1.8548	2.1941	2.4688	0.7696	1.1472	1.2115	1.8329	1.33	0.59	9.9337	1.96	0.80	1.6077	0.67	0.27
27.085417	19	-0.952778	NA	0.7664	1.7494	3.8164	0.5955	1.6125	9.3583	10.2919	5.8864	11.7307	10.0467	10.8369	1.8058	2.2692	2.3258	0.525	1.1221	1.153	1.7080	1.28	0.57	9.6918	2.03	0.83	1.5335	0.72	0.29
27.210417	19.125	-0.827778	NA	0.655	1.7793	4.0078	0.5821	1.0896	9.2435	10.1966	5.7759	11.8407	9.8352	10.7556	1.7237	2.3097	2.1802	0.3897	1.0749	1.1745	1.6228	1.42	0.63	9.6079	2.07	0.85	1.4754	0.73	0.30
27.335417	19.25	-0.702778	NA	0.5792	1.843	3.9405	0.5168	0.8449	9.3591	10.5927	5.9244	12.5158	10.0553	11.1373	1.757	2.5726	2.2086	0.5752	1.1024	1.0475	1.5449	1.44	0.64	9.9308	2.23	0.91	1.5439	0.76	0.31
27.460417	19.375	-0.577778	NA	0.5231	1.8326	3.9518	0.5468	1.1003	10.5045	10.653	6.3353	13.099	10.4681	11.3528	1.9347	2.8781	2.2095	0.6345	1.1635	1.2469	1.5909	1.42	0.64	10.4021	2.23	0.91	1.6779	0.82	0.33
27.585417	19.5	-0.452778	NA	0.648	1.786	4.2442	0.631	3.5809	10.3366	10.3915	6.5501	13.6708	10.4367	11.3253	2.1338	3.1095	2.2407	0.7521	1.0899	1.3071	2.1780	1.67	0.75	10.4518	2.30	0.94	1.7722	0.88	0.36
27.710417	19.625	-0.327778	NA	0.6643	1.7873	4.5288	0.6113	2.9386	10.7401	10.0867	6.4036	14.0747	14.0855	11.4441	2.6427	2.8501	2.2404	0.6451	1.0899	1.3735	2.1061	1.66	0.74	11.1391	2.87	1.17	1.8070	0.90	0.37
27.835417	19.75	-0.202778	NA	0.6543	1.7873	4.5288	0.5667	2.1378	10.747	10.0213	6.4036	14.0747	20.5895	11.5223	2.7272	2.8501	2.2404	0.6392	1.0899	1.3735	1.9350	1.60	0.72	12.2264	4.79	1.96	1.8200	0.92	0.37
27.960417	19.875	-0.077778	NA	0.6543	1.7873	4.5288	0.5667	2.1378	10.747	10.0213	6.4036	14.0747	27.0935	11.5223	2.7272	2.8501	2.2404	0.6392	1.0899	1.3735	1.9350	1.60	0.72	13.3104	7.20	2.94	1.8200	0.92	0.37
28.038194	19.952778	0	NA	0.6543	1.7873	4.5288	0.5667	2.1378	10.747	10.0213	6.4036	14.0747	31.1403	11.5223	2.7272	2.8501	2.2404	0.6392	1.0899	1.3735	1.9350	1.60	0.72	13.9849	8.76	3.58	1.8200	0.92	0.37
28.163194	20.077778	0.125	NA	6.7226	1.686	17.6771	0.3803	1.1904	31.7526	26.6642	20.6008	39.5709	37.6443	32.8597	3.4932	4.3418	2.8998	1.7077	4.4825	3.5616	5.5313	7.23	3.23	31.5154	7.03	2.87	3.4144	1.02	0.42
28.288194	20.202778	0.25	NA	11.0408	1.5861	24.2745	0.2002	0.4011	45.3802	39.916	34.7981	53.8466	44.4567	52.5796	4.2591	5.8335	3.5591	2.0706	7.8752	5.7496	7.5005	10.40	4.65	45.1629	7.29	2.98	4.8912	2.03	0.83
28.413194	20.327778	0.375	NA	10.8236	1.745	26.3641	0.1107	0.2377	51.5853	45.179	38.7335	61.8778	54.1546	64.7363	5.0251	6.3779	4.62	1.7504	7.6883	5.8558	7.8562	11.26	5.03	52.7111	9.84	4.02	5.2196	2.01	0.82
28.538194	20.452778	0.5	NA	10.9757	1.9494	27.4822	0.1497	0.1942	55.893	48.9592	42.5234	71.225	65.8966	78.4188	5.791	6.246	6.0271	1.646	9.3578	6.8783	8.1502	11.70	5.23	60.4860	13.73	5.61	5.9910	2.49	1.02
28.663194	20.577778	0.625	NA	11.1579	1.9702	27.3265	0.1999	0.2609	57.9269	50.4445	43.4279	79.9133	74.9657	93.4241	6.557	5.6045	5.6161	1.585	10.7775	7.4411	8.1831	11.62	5.20	66.6837	19.18	7.83	6.2635	2.99	1.22
28.788194	20.702778	0.75	NA	11.6248	1.6045	26.6575	0.4451	0.0031	59.5169	51.0661	43.9929	84.3275	80.0455	101.2914	7.323	5.3028	4.8316	1.5313	10.3727	7.3106	8.0670	11.44	5.11	70.0400	22.05	9.00	6.1120	2.98	1.22
28.913194	20.827778	0.875	NA	12.3637	1.3657	25.9695	0.2838	0.348	61.2618	51.6877	44.1345	85.7949	82.3422	100.5423	8.0889	5.1356	4.3945	1.5687	10.4329	7.0594	8.0661	11.23	5.02	70.9606	21.95	8.96	6.1133	3.10	1.27
29.038194	20.952778	1	NA	12.7531	1.1023	24.777	0.116	0.6929	62.6154	52.8272	44.4671	87.7742	84.5353	101.0867	8.0263	4.9683	3.9787	1.5717	10.587	6.8096	7.8883	10.81	4.83	72.2176	22.21	9.07	5.9903	3.18	1.30
29.163194	21.077778	1.125	NA	13.0213	0.8159	24.8243	0.0362	0.7006	64.4972	55.2054	45.9646	91.5509	86.5376	104.5353	7.8339	5.7057	3.4929	1.4482	10.5508	6.8037	7.8797	10.91	4.88	74.7152	22.91	9.35	5.9725	3.22	1.31
29.288194	21.202778	1.25	NA	13.6339	0.8246	25.0667	0.164	0.3627	66.7995	57.5094	48.2909	96.6819	88.7825	108.3425	8.0388	5.9383	3.6558	1.6388	9.9975	6.6181	8.0104	11.12	4.97	77.7344	23.72	9.68	5.9812	3.00	1.23
29.413194	21.327778	1.375	NA	13.9923	0.9266	24.7453	0.1039	0.2692	68.3069	58.4638	50.1947	100.96	91.1538	110.2355	8.3362	5.9426	4.0341	1.5309	10.252	6.3808	8.0075	11.05	4.94	79.8858	24.36	9.94	6.0794	3.08	1.26
29.538194	21.452778	1.5	NA	14.1668	1.0952	24.4621	0.0721	0.2734	69.6598	59.5893	52.0283	104.0756	92.8083	112.0165	8.706	5.8972	4.5063	1.55	10.8629	6.4153	8.0139	10.95	4.90	81.6963	24.73	10.10	6.3229	3.24	1.32
29.663194	21.577778	1.625	NA	14.6657	1.1147	24.3529	0.0785	0.1804	70.8895	61.1963	54.2961	106.8385	93.3909	114.2414	8.9986	5.9024	4.2377	1.6113	10.6723	6.2888	8.0784	10.99	4.91	83.4754	24.89	10.16	6.2852	3.25	1.33
29.788194	21.702778	1.75	NA	15.0499	1.254	24.1989	0.1136	-0.0207	73.2509	62.865	56.3576	109.6736	93.0472	115.5933	9.3436	6.4529	3.9588	1.6159	10.7256	6.1638	8.1191	11.00	4.92	85.1313	24.73	10.10	6.3768	3.35	1.37
29.913194	21.827778	1.875	NA	15.116	1.1424	24.2713	-0.0469	0.0119	74.873	64.8212	58.3116	111.335	92.9234	117.4305	9.7808	6.776	3.7949	1.6539	10.2918	6.3032	8.0989	11.08	4.95	86.6158	24.55	10.02	6.4334	3.35	1.37
30.038194	21.952778	2	NA	15.3144	1.1434	24.3551	-0.0326	0.1751	75.2929	65.9087	59.9267	113.2775	93.0871	119.2494	10.4119	6.7774	3.7032	1.8814	9.893	6.2786	8.1911	11.11	4.97	87.7904	24.81	10.13	6.4909	3.35	1.37
30.163194	22.077778	2.125	NA	15.4861	1.186	23.549	0.0774	0.1687	76.0142	66.9396	61.0962	113.9197	91.8799	120.2452	9.9531	6.6108	3.7746	1.6367	9.8949	6.1473	8.0934	10.82	4.84	88.3491	24.65	10.06	6.3362	3.30	1.35
30.288194	22.202778	2.25	NA	15.2793	1.2493	23.8858	-0.0129	0.0674	75.9799	67.872	62.4624	115.1436	91.569	122.1429	9.9449	6.8475	3.979	1.6558	10.4572	6.0977	8.0938	10.93	4.89	89.1950	24.93	10.18	6.4970	3.40	1.39
30.413194	22.327778	2.375	NA	15.3027	1.6754	24.0241	0.0882	0.1188	76.6789	68.9562	63.9927	115.8572	91.4068	125.2018	10.2144	7.014	4.8783	1.9326	11.6701	6.2688	8.2418	10.89	4.87	90.3489	25.32	10.34	6.9964	3.55	1.45
30.538194	22.452778	2.5	NA	15.1494	2.1451	24.314	0.1419	0.1087	77.7697	69.5691	65.2368	116.3303	92.8526	126.7862	10.6046	7.0582	5.5863	1.754	12.6963	6.473	8.3718	10.90	4.87	91.4241	25.39	10.36	7.3621	3.86	1.58
30.663194	22.577778	2.625	NA	15.2026	2.1731	24.5951	0.4643	0.1199	77.7181	69.8432	68.0634	117.6041	91.498	127.3772	10.8368	7.3458	6.3569	1.7633	12.8921	6.7213	8.5110	10.94	4.89	92.0173	25.20	10.29	7.6527	3.87	1.58
30.788194	22.702778	2.75	NA	15.3174	1.9998	24.3904	-0.0537	0.4712	78.4133	71.116	68.06	118.4289	89.1867	127.0896	11.3265	7.7988	6.4664	2.0832	12.6093	7.0315	8.4250	10.94	4.89	92.0491	25.03	10.22	7.8860	3.76	1.53
30.913194	22.827778	2.875	NA	14.856	2.2601	25.2718	-0.1277	0.6851	79.269	72.0893	67.4188	118.5546	88.7497	124.9747	11.8162	7.7288	5.4933	2.1119	12.0637	6.6577	8.5891	11.14	4.98	91.8427	24.35	9.94	7.6453	3.82	1.56
31.038194	22.952778	3	NA	14.2155	2.3199	24.9351	-0.0265	0.4461	78.0744	71.3417	68.2184	118.7205	87.0764	123.909	11.7239	7.6731	4.9363	2.1135	11.5181	6.3408	8.3780	10.94	4.89	91.2234	24.24	9.90	7.3843	3.76	1.54
31.163194	23.077778	3.125	NA	14.1867	2.0562	26.2334	0.0573	0.2818	76.7699	70.931	68.8908	119.8441	86.2573	124.5136	12.69	7.7552	5.0472	2.5274	11.1965	6.1319	8.5631	11.48	5.13	91.2011	24.78	10.12	7.5580	3.83	1.56
31.288194	23.202778	3.25	NA	14.0484	1.9355	26.7573	0.034	0.1092	76.6377	71.1131	69.7552	120.6592	87.1869	124.816	12.6423	7.9987	5.2532	2.3787	11.5198	6.0596	8.5769	11.72	5.24	91.6947	24.85	10.15	7.6421	3.90	1.59
31.413194	23.327778	3.375	NA	13.7907	1.8315	27.2741	-0.0393	0.067	76.4941	70.9269	70.9433	122.0355	86.9183	124.6385	13.1161	8.0206	5.6658	2.4467	12.0082	6.1323	8.5848	11.93	5.33	91.9928	24.98	10.20	7.8983	4.05	1.65
31.538194	23.452778	3.5	NA	13.7528	1.9248	28.7968	0.0578	0.1986	76.0892	71.5309	71.6655	124.0406	87.2043	124.0936	13.3347	8.0254	6.3235	2.5006	12.0694	6.1421	8.9462	12.47	5.58	92.4373	25.16	10.27	8.0659	4.04	1.65
31.663194	23.577778	3.625	NA	13.2047	2.2269	28.0433	0.1453	0.3009	76.1429	71.7346	72.3381	125.3635	87.6662	123.4519	13.7784	8.1817	6.5038	2.8508	11.9372	6.448	8.7842	12.04	5.39	92.7829	25.16	10.27	8.2833	3.99	1.63
31.788194	23.702778	3.75	NA	12.6881	2.1314	28.1931	0.1092	0.224	76.306	72.3748	72.9111	127.38	86.3735	121.6238	14.1361	8.218	6.3778	3.1974	11.577	6.4547	8.6692	12.09	5.41	92.8282	25.11	10.25	8.3268	3.95	1.61
31.913194	23.827778	3.875	NA	12.4466	2.0056	28.3429	0.0327	0.182	74.6466	71.8544	73.0216	128.2806	84.3433	118.0792	14.0578	8.1915	6.3497	2.8836	11.4814	6.3103	8.6020	12.17	5.44	91.7043	24.99	10.20	8.2124	4.01	1.64
32.038194	23.952778	4	NA	12.0548	2.164	28.4928	0.0677	0.1745	72.9163	71.5243	73.24	129.1812	83.0159	115.0603	14.3655	8.1691	6.3812	2.9311	11.5655	6.3152	8.5908	12.17	5.44	90.8230	24.99	10.20	8.2879	4.10	1.67
32.163194	24.077778	4.125	NA	11.6213	2.3601	28.8627	0.186	0.1702	71.7815	71.9882	74.0523	131.8909	82.8266	112.5046	14.8138	8.258	6.6585	3.2537	11.5268	6.2158	8.6401	12.25	5.48	90.8407	25.37	10.36	8.4544	4.13	1.69
32.288194	24.202778	4.25	NA	11.5071	2.4954	29.2648	0.1467	0.252	70.7095	72.3164	74.6786	132.2178	83.117	109.5455	15.12	8.6645	7.1805	3.4144	12.3281	6.4639	8.7332	12.39	5.54	90.4308	25.02	10.21	8.8619	4.23	1.73
32.413194	24.327778	4.375	NA	11.4275	2.5865	30.0018	0.2819	0.2415	69.4672	72.4775	75.5635	132.9876	83.7313	107.1458	15.7719	8.9275	7.4795	3.6366	13.3367	6.4404	8.9078	12.66	5.66	90.2288	24.97	10.19	9.2654	4.51	1.84
32.538194	24.452778	4.5	NA	11.1967	2.6283	30.8642	0.1708	0.0384	68.7992	72.6369	76.0549	133.4418	83.5033	103.9058	15.9187	8.4676	7.8193	3.6515	12.8828	6.0528	8.9797	13.05	5.84	89.7236	24.77	10.11	9.1321	4.51	1.84
32.663194	24.577778	4.625	NA	10.7729	2.8805	31.2425	-0.0243	0.0108	66.6177	72.3398	76.8026	134.4924	83.0325	99.7501	15.6543	9.119	8.3582	3.9657	12.9148	6.4319	8.9765	13.21	5.91	88.8392	25.09	10.24	9.4073	4.27	1.74
32.788194	24.702778	4.75	NA	10.4236	3.0213	31.7795	0.2551	0.23	65.164	72.0621	77.1126	135.7152	81.5601	94.825	16.1298	9.4472	8.7063	4.177	12.5739	6.7213	9.1419	13.32	5.96	87.7398	25.53	10.42	9.6259	4.24	1.73
32.913194	24.827778	4.875	NA	10.0858	2.7647	32.0815	0.2775	0.2558	63.0474	71.4538	76.7835	135.5685	79.7081	89.857	16.4886	9.7251	9.0931	4.3218	12.6778	6.5034	9.0931	13.47	6.02	86.0697	25.83	10.54	9.8016	4.35	1.77
33.038194	24.952778	5	NA	9.8259	2.6865	32.4425	0.1206	0.2151	61.0452	70.8252	77.1267	135.3746	78.9449	85.0317	16.5924	9.9814	8.9548	4.5229	12.5411	6.516	9.0581	13.66	6.11	84.7247	26.12	10.66	9.8514	4.31	1.76
33.163194	25.077778	5.125	NA	9.6773	2.4857	32.7492	0.0641	0.1862	58.8469	70.6203	76.7347	136.0834	78.2386	80.6941	17.0374	9.9378	9.3413	4.6807	12.3947	6.4591	9.0325	13.82	6.18	83.5363	26.91	10.98	9.9752	4.39	1.79
33.288194	25.202778	5.25	NA	9.4088	2.4912	33.3552	0.2049	0.085	57.4825	70.7662	77.5611	137.4731	77.8421	77.4426	17.6447	10.3023	9.7907	4.8335	13.4228	6.4278	9.1090	14.08	6.29	83.0946	27.77	11.34	10.4036	4.66	1.90
33.413194	25.327778	5.375	NA	9.2744	2.6976	33.9563	0.2126	0.1821	55.7189	70.5236	77.666	138.2195	77.463	74.3171	17.9034	10.6807	10.3975	5.1717	14.5673	6.5755	9.2646	14.29	6.39	82.3180	28.57	11.66	10.8827	4.78	1.95
33.538194	25.452778	5.5	NA	9.1025	2.6567	34.0903	0.0684	0.2807	53.8927	70.1291	77.9986	140.068	77.4453	71.4813	18.1035	10.9697	11.319	5.3867	14.2348	6.1898	9.2397	14.36	6.42	81.8358	29.83	12.18	11.0339	4.81	1.96
33.663194	25.577778	5.625	NA	8.8552	2.4786	34.2465	0.1354	0.2394	51.7688	69.8986	78.0954	141.5618	77.3244	69.0093	18.4363	11.5363	11.7428	5.9324	13.8018	6.4699	9.1910	14.45	6.46	81.2764	31.02	12.66	11.3199	4.68	1.91
33.788194	25.702778	5.75	NA	8.7078	2.5763	33.7169	0.3425	0.3997	49.5912	69.6605	78.4633	141.9819	77.4106	66.3399	18.7787	11.5574	12.0677	6.1725	13.6188	6.01	9.1486	14.15	6.33	80.5746	31.83	13.00	11.3675	4.82	1.97
33.913194	25.827778	5.875	NA	8.6145	2.5407	34.1968	0.3972	0.8322	47.0267	68.7925	78.5728	142.4766	76.758	63.4694	18.9424	11.9083	12.4122	6.648	13.8834	6.113	9.3163	14.29	6.39	79.5160	32.87	13.42	11.6512	4.79	1.95
34.038194	25.952778	6	NA	8.6659	2.6511	34.7733	0.2825	0.7911	44.9478	68.3591	78.0574	143.4426	75.597	61.1764	19.0602	12.6359	12.9952	6.931	13.7323	6.2255	9.4328	14.55	6.51	78.5967	33.93	13.85	11.9300	4.76	1.94
34.163194	26.077778	6.125	NA	8.6373	2.6416	34.6057	0.2282	0.5112	43.0297	68.1441	77.8902	144.1025	74.4347	59.4309	19.0652	13.1182	13.5897	6.9122	13.7448	6.3474	9.3248	14.53	6.50	77.8387	34.78	14.20	12.1296	4.78	1.95
34.288194	26.202778	6.25	NA	8.6646	2.6055	34.6994	0.1896	0.3013	41.5592	67.3413	77.6141	143.8334	73.8318	57.9972	19.306	13.6057	14.4306	7.2736	14.3452	6.4277	9.2921	14.61	6.54	77.0295	35.18	14.36	12.5648	4.88	1.99
34.413194	26.327778	6.375	NA	8.8115	2.6671	35.0301	0.2901	0.2743	39.8082	66.7848	77.8794	143.5389	73.0386	56.5659	19.4818	14.1754	15.0874	7.5779	14.5251	6.6396	9.4146	14.74	6.59	76.2693	35.63	14.54	12.9145	4.90	2.00
34.538194	26.452778	6.5	NA	9.0702	2.9258	35.3979	0.2795	0.3032	39.7427	66.7469	76.7608	144.0104	72.0799	55.3869	19.6704	14.421	15.6145	7.8817	14.8788	6.4272	9.5953	14.86	6.65	75.7879	35.96	14.68	13.1489	5.02	2.05
34.663194	26.577778	6.625	NA	9.0173	3.3401	34.8994	0.3388	0.092	41.4432	66.6941	76.5429	143.2061	72.0577	54.1742	20.0041	14.7797	16.0868	8.243	14.6199	6.3433	9.5375	14.63	6.54	75.6864	35.47	14.48	13.3461	5.11	2.09
34.788194	26.702778	6.75	NA	8.6851	3.6242	34.6686	0.283	-0.0248	40.6114	66.046	75.9657	142.4832	71.9925	53.1603	19.7666	15.4457	17.7472	8.2743	15.4722	6.7004	9.4472	14.53	6.50	75.0432	35.51	14.50	13.9011	5.25	2.14
34.913194	26.827778	6.875	NA	8.5337	3.0582	34.4098	-0.0338	0.132	39.4431	65.3857	74.8889	141.9389	71.5595	52.577	20.0567	22.8302	23.5745	11.11	20.6833	12.0554	9.2200	14.50	6.49	74.2989	35.63	14.55	18.3850	5.44	2.22
35.038194	26.952778	7	NA	8.9361	2.4921	34.0551	-0.3506	0.7668	39.1482	65.8601	73.8122	141.5363	69.4698	51.5305	22.0059	18.7998	18.9155	14.0596	15.2037	8.3104	9.1799	14.36	6.42	73.5595	35.68	14.57	16.2158	4.81	1.96
35.163194	27.077778	7.125	NA	9.2944	3.0901	33.225	0.2828	0.6281	38.5991	64.1328	72.7167	140.0889	67.7147	50.0639	20.8396	15.3642	17.8757	8.6437	13.2127	6.3749	9.3041	13.85	6.19	72.2193	35.53	14.51	13.7185	5.49	2.24
35.288194	27.202778	7.25	NA	9.3022	3.2376	31.9705	0.0945	0.3925	37.3607	63.4109	71.2722	136.9793	66.7562	48.4001	20.9563	15.2669	17.4536	8.3436	13.6229	6.6666	8.9995	13.36	5.98	70.6966	34.84	14.23	13.7183	5.43	2.22
35.413194	27.327778	7.375	NA	8.8952	3.7508	30.7961	0.391	0.3047	35.6596	62.635	69.7614	133.9925	65.4673	47.8145	20.7634	15.4197	17.3119	8.2414	13.6635	6.4933	8.8276	12.77	5.71	69.2217	34.17	13.95	13.6489	5.43	2.22
35.538194	27.452778	7.5	NA	8.7439	3.615	29.7113	0.2914	0.294	33.854	60.7656	68.1054	131.3068	65.5526	47.2337	20.2901	15.5135	17.9375	7.7679	13.7115	6.5408	8.5311	12.33	5.52	67.8030	33.65	13.74	13.6269	5.50	2.24
35.663194	27.577778	7.625	NA	8.0757	5.4719	29.7378	0.3644	-0.0163	34.6162	60.0001	67.2072	128.553	63.8953	45.3841	21.198	15.8675	21.2474	8.3262	12.9636	6.5454	8.7267	12.24	5.47	66.6093	32.75	13.37	14.3580	6.26	2.56
35.788194	27.702778	7.75	NA	8.3541	3.922	29.753	-0.3644	1.2555	36.2606	59.4395	66.4598	126.3478	62.8113	45.6032	25.0067	14.6339	18.0292	9.8816	11.9197	5.1424	8.5840	12.29	5.49	66.1537	31.61	12.90	14.1022	6.89	2.81
35.913194	27.827778	7.875	NA	8.6126	3.5811	29.2892	0.1062	0.7606	33.2796	58.651	63.34	124.8443	61.0005	44.4703	21.5424	14.5638	17.3363	8.7842	12.2367	5.4786	8.4699	12.11	5.42	64.2643	31.83	12.99	13.3237	5.81	2.37
36.038194	27.952778	8	NA	8.7225	3.6624	29.2232	0.2386	1.2054	32.8498	57.1194	61.9765	123.4236	59.3536	43.1284	21.0957	15.1652	18.4841	8.926	12.5073	6.5081	8.6104	11.98	5.36	62.9752	31.63	12.91	13.7811	5.58	2.28
36.163194	28.077778	8.125	NA	8.7007	3.917	28.3253	0.1939	0.6191	31.8881	57.0664	61.2293	121.0755	59.194	42.325	21.484	15.1799	18.9821	8.9834	12.3838	6.7141	8.3512	11.67	5.22	62.1297	31.04	12.67	13.9546	5.71	2.33
36.288194	28.202778	8.25	NA	8.7973	4.1935	27.775	0.3197	0.5256	30.5878	56.1477	60.151	118.8944	58.8383	42.1434	21.8148	15.4019	19.0484	8.7481	12.3203	7.0846	8.3222	11.41	5.10	61.1271	30.53	12.46	14.0697	5.77	2.36
36.413194	28.327778	8.375	NA	8.6463	4.5008	27.7302	0.3894	0.2381	30.3667	55.9193	59.2985	116.9383	58.7031	42.3976	21.9989	15.7495	19.1201	8.9023	12.1226	7.0356	8.3010	11.40	5.10	60.6039	29.82	12.17	14.1548	5.85	2.39
36.538194	28.452778	8.5	NA	8.3049	4.5566	27.1855	0.4499	0.3918	30.1027	55.3987	58.8087	114.7801	58.3766	42.8729	22.7776	16.0377	19.0131	8.9538	12.8535	7.2472	8.1777	11.12	4.97	60.0566	29.03	11.85	14.4805	5.96	2.43
36.663194	28.577778	8.625	NA	8.9676	4.9278	26.9339	0.7785	0.6058	29.9886	55.5062	58.2037	113.5043	58.8019	43.0094	23.8762	16.0018	18.9243	8.8341	12.7017	7.3795	8.4427	10.89	4.87	59.8357	28.55	11.66	14.6196	6.26	2.55
36.788194	28.702778	8.75	NA	8.9552	5.0159	26.818	0.0888	0.2824	29.8768	54.5341	57.3134	112.2115	57.0888	42.6083	49.534	15.8854	18.4014	22.9712	12.3947	7.1942	8.2321	11.02	4.93	58.9388	28.19	11.51	21.0635	14.94	6.10
36.913194	28.827778	8.875	NA	8.7866	4.69	26.3036	-0.1267	0.4502	28.4226	53.1962	55.5132	108.5063	55.3141	42.038	108.0043	15.2732	17.4964	39.0074	11.9372	6.8709	8.0207	10.84	4.85	57.1651	27.25	11.12	33.0982	38.32	15.64
37.038194	28.952778	9	NA	8.5717	4.3106	25.7893	-0.3069	0.5832	26.9683	51.7939	53.5474	104.8011	53.5393	41.4467	22.9607	14.3498	16.5185	14.2379	11.3914	6.5142	7.7896	10.66	4.77	55.3495	26.32	10.74	14.3287	5.46	2.23
37.163194	29.077778	9.125	NA	8.1557	5.0028	25.3951	0.2604	0.3053	26.0515	50.3412	53.3455	101.2763	52.3301	40.3572	21.8301	14.2907	16.7148	8.213	12.0013	7.218	7.8239	10.37	4.64	53.9503	25.37	10.36	13.3780	5.48	2.24
37.288194	29.202778	9.25	NA	8.274	5.1829	25.1472	0.4114	0.488	25.7442	50.1337	52.5153	99.3052	51.137	39.7872	21.9062	14.3794	16.3335	8.0685	12.0614	7.4678	7.9007	10.20	4.56	53.1038	24.79	10.12	13.3695	5.43	2.22
37.413194	29.327778	9.375	NA	8.3245	5.3197	24.9594	0.6208	0.4704	25.2712	49.7438	52.0698	100.1665	51.1244	39.8203	21.6257	13.88	15.7535	7.8479	12.4675	7.3514	7.9390	10.08	4.51	53.0327	25.23	10.30	13.1543	5.32	2.17
37.538194	29.452778	9.5	NA	7.7835	5.5264	24.3413	0.365	0.2719	24.942	48.5537	51.8003	101.2729	49.665	39.6037	21.2249	13.5754	15.264	7.4017	12.4187	7.7426	7.6576	9.88	4.42	52.6396	25.80	10.53	12.9379	5.15	2.10
37.663194	29.577778	9.625	NA	7.1754	6.3203	23.8409	0.3505	-0.1807	25.5041	47.9789	51.386	99.8549	49.6555	38.7897	21.748	20.8561	15.832	8.1697	15.0644	15.4751	7.5013	9.73	4.35	52.1949	25.25	10.31	16.1909	4.88	1.99
37.788194	29.702778	9.75	NA	7.2059	3.967	24.0748	0.3538	0.1803	26.0271	49.2945	48.3408	97.1917	46.1408	37.9715	23.9728	15.4205	12.3401	9.3911	11.2444	9.4633	7.1564	9.89	4.42	50.8277	24.33	9.93	13.6387	5.53	2.26
37.913194	29.827778	9.875	NA	7.2051	5.144	23.7287	0.357	0.508	23.0963	44.4493	48.8426	93.2214	45.3976	38.0598	20.7109	11.186	12.2969	6.9252	11.1706	6.4283	7.3886	9.60	4.29	48.8445	23.58	9.63	11.4530	5.14	2.10
38.038194	29.952778	10	NA	7.0278	5.3665	23.3753	0.2868	0.4221	22.2346	42.4006	47.6341	88.2901	43.7999	37.1418	19.525	11.7263	11.7072	6.7471	11.6079	7.3671	7.2957	9.47	4.24	46.9168	22.12	9.03	11.4468	4.56	1.86
38.163194	30.077778	10.125	NA	6.8843	5.3018	23.7382	0.1506	0.5109	21.5726	41.0088	46.1245	84.9884	41.9692	36.6881	18.6589	11.2136	10.6554	6.5596	12.0571	7.5296	7.3172	9.64	4.31	45.3919	21.18	8.65	11.1124	4.28	1.75
38.288194	30.202778	10.25	NA	6.4329	6.2506	24.101	0.4243	0.589	21.3989	39.3833	46.0406	83.8415	40.654	35.9027	18.344	10.8943	9.9834	6.3672	12.3972	7.6898	7.5596	9.70	4.34	44.5368	20.97	8.56	10.9460	4.23	1.73
38.413194	30.327778	10.375	NA	6.7045	5.555	23.0835	0.2753	0.5189	21.3712	38.1713	44.7478	83.0361	39.639	35.8458	17.8485	10.4068	9.3134	6.4028	12.2369	7.5679	7.2274	9.32	4.17	43.8019	20.76	8.48	10.6294	4.09	1.67
38.538194	30.452778	10.5	NA	6.3293	5.3545	20.652	0.5262	0.5806	20.319	37.4393	44.1106	81.2699	38.8875	35.4419	17.3728	9.9228	9.0316	5.3266	12.7626	7.597	6.6885	8.25	3.69	42.9114	20.42	8.34	10.3356	4.24	1.73
38.663194	30.577778	10.625	NA	6.0497	5.3644	21.2039	0.6214	0.5172	20.4479	36.0445	45.0042	80.2918	37.4199	35.1237	16.9637	11.4757	9.9937	4.8863	13.5786	8.5511	6.7513	8.48	3.79	42.3887	20.21	8.25	10.9082	4.17	1.70
38.788194	30.702778	10.75	NA	6.0656	5.3889	21.8174	0.5762	0.6645	23.7841	34.2433	42.5705	76.4275	36.194	33.9568	16.5657	10.9916	8.6827	6.8437	13.3644	8.0039	6.9025	8.72	3.90	41.1960	18.29	7.47	10.7420	3.68	1.50
38.913194	30.827778	10.875	NA	6.0212	5.3703	19.9586	0.5717	0.8459	21.5342	32.5631	39.8221	70.0024	34.8402	32.9183	15.7914	8.7575	6.8533	5.8362	12.7861	6.6031	6.5535	7.90	3.53	38.6134	16.50	6.74	9.4379	3.99	1.63
39.038194	30.952778	11	NA	5.9162	5.2147	19.6885	0.6786	1.0707	20.0745	30.9774	38.52	65.7369	33.2227	32.0679	15.2849	8.7611	6.5709	4.8361	12.2078	6.8034	6.5137	7.73	3.46	36.7666	15.42	6.30	9.0774	3.95	1.61
39.163194	31.077778	11.125	NA	5.7744	5.1357	19.3867	0.5519	0.9237	19.3089	29.3027	37.2927	60.3925	31.9248	30.8227	14.5672	8.7207	6.4183	4.7639	11.9279	6.8102	6.3545	7.66	3.43	34.8407	13.82	5.64	8.8680	3.71	1.52
39.288194	31.202778	11.25	NA	5.7989	5.2772	19.411	0.5294	1.0637	19.3616	27.9628	36.087	55.3444	30.9631	30.722	13.899	8.5104	5.8964	4.6617	12.1004	6.8228	6.4160	7.65	3.42	33.4068	12.07	4.93	8.6485	3.64	1.49
39.413194	31.327778	11.375	NA	5.8341	5.2673	19.1257	0.5477	0.9418	19.2458	26.7432	35.0954	50.5601	30.6927	30.3568	13.4118	8.3233	5.5365	4.4046	12.2189	6.8875	6.3433	7.54	3.37	32.1157	10.48	4.28	8.4638	3.64	1.48
39.538194	31.452778	11.5	NA	5.6753	4.9803	18.7264	0.4805	0.8602	19.2085	25.0722	34.0406	45.9958	29.6612	30.0993	12.9728	8.1244	5.2865	4.0427	11.8213	6.7828	6.1445	7.41	3.32	30.6796	9.06	3.70	8.1717	3.57	1.46
39.663194	31.577778	11.625	NA	5.509	4.8831	18.465	0.529	0.7359	19.0865	24.4573	32.5541	41.7338	29.0514	29.7119	12.7062	8.2203	5.1926	3.9536	11.4088	7.0629	6.0244	7.32	3.27	29.4325	7.66	3.13	8.0907	3.43	1.40
39.788194	31.702778	11.75	NA	5.3488	4.7251	17.8719	0.4233	0.7882	18.9622	23.3652	30.9324	39.6936	27.4361	28.12	12.478	8.0578	4.9124	4.1193	11.0187	6.6372	5.8315	7.09	3.17	28.0849	7.05	2.88	7.8706	3.33	1.36
39.913194	31.827778	11.875	NA	5.3415	5.0204	17.0777	0.5041	1.0639	18.1515	22.004	29.7951	37.9222	26.6921	27.313	11.9152	7.5339	4.6829	3.6025	10.4457	6.1793	5.8015	6.68	2.99	26.9796	6.79	2.77	7.3933	3.25	1.33
40.038194	31.952778	12	NA	5.3245	5.5658	16.6987	0.415	1.2247	18.096	21.0624	28.5149	36.7089	25.633	26.755	11.5974	7.491	4.5451	3.5616	9.9414	6.1858	5.8457	6.50	2.91	26.1284	6.46	2.64	7.2204	3.11	1.27
40.163194	32.077778	12.125	NA	5.0618	5.1342	16.1694	0.5796	1.0654	17.7567	20.3779	27.2199	35.4429	24.5994	25.2937	11.2729	7.5676	4.3057	3.4717	9.7953	6.1998	5.6021	6.28	2.81	25.1151	6.13	2.50	7.1022	3.06	1.25
40.288194	32.202778	12.25	NA	4.7067	4.9015	15.6988	0.4973	1.2735	17.5792	19.6916	25.8922	34.8901	24.2099	24.7081	10.8567	7.5075	4.451	3.2691	9.885	6.1829	5.4156	6.08	2.72	24.4952	6.02	2.46	7.0254	2.98	1.22
40.413194	32.327778	12.375	NA	4.6531	5.0236	15.4623	0.3812	1.0912	17.2314	19.338	25.1387	35.0727	23.1815	24.1527	10.8112	7.4288	4.4815	3.2777	9.8165	6.0948	5.3223	6.03	2.70	24.0192	6.20	2.53	6.9851	2.95	1.21
40.538194	32.452778	12.5	NA	4.611	4.9588	15.2305	0.5251	1.0862	17.332	18.9833	24.5965	35.2659	23.1458	24.0267	10.747	7.5262	4.3527	3.0964	9.8733	6.0066	5.2823	5.91	2.64	23.8917	6.29	2.57	6.9337	3.03	1.24
40.663194	32.577778	12.625	NA	4.4965	4.86	15.4713	0.269	1.1014	18.1588	18.5961	24.1138	35.3486	22.4839	23.2237	10.6307	8.2987	4.8019	3.1512	10.999	5.9013	5.2396	6.07	2.71	23.6542	6.23	2.54	7.2971	3.20	1.31
40.788194	32.702778	12.75	NA	4.5291	4.7729	15.3616	0.4664	1.5912	19.3105	18.291	22.9861	34.6747	22.2367	22.3225	10.3103	8.1015	4.2422	3.4738	10.6025	5.7831	5.3442	5.90	2.64	23.3036	5.87	2.40	7.0856	3.05	1.25
40.913194	32.827778	12.875	NA	4.4604	4.8045	14.783	0.4515	1.5571	17.0288	16.8581	21.2437	32.5142	21.2474	21.4179	9.8051	7.3502	3.672	2.8272	9.936	5.5536	5.2113	5.66	2.53	21.7184	5.70	2.33	6.5240	3.03	1.24
41.038194	32.952778	13	NA	4.011	4.6635	13.978	0.5579	1.5022	16.8016	16.2477	20.0404	30.0185	20.0319	20.499	9.2014	7.48	3.616	2.9147	9.4835	5.6144	4.9425	5.33	2.38	20.6065	4.95	2.02	6.3850	2.79	1.14
41.163194	33.077778	13.125	NA	4.199	4.6382	13.4418	0.4388	1.407	16.6338	15.837	19.3761	28.7759	19.5733	19.502	9.1205	7.4186	3.6483	2.7945	9.0244	5.5179	4.8250	5.14	2.30	19.9497	4.61	1.88	6.2540	2.70	1.10
41.288194	33.202778	13.25	NA	3.9987	4.6635	12.9532	0.431	1.2482	16.8928	15.9792	18.4063	28.0125	19.1158	19.1241	9.0596	7.1607	3.6258	2.7916	8.938	5.4359	4.6589	4.97	2.22	19.5885	4.31	1.76	6.1686	2.66	1.09
41.413194	33.327778	13.375	NA	3.9045	4.4456	12.3451	0.5215	1.1762	17.0721	15.8812	18.3812	27.1585	18.7069	19.1473	9.1571	7.3187	3.4777	2.6129	9.0013	5.5076	4.4786	4.71	2.11	19.3912	3.99	1.63	6.1792	2.78	1.13
41.538194	33.452778	13.5	NA	3.8427	4.2848	12.1388	0.6345	1.3134	16.8574	16.661	17.5263	26.292	18.5738	19.0919	8.423	7.4272	3.3601	2.6355	8.9978	5.5868	4.4428	4.58	2.05	19.1671	3.62	1.48	6.0717	2.66	1.09
41.663194	33.577778	13.625	NA	3.8524	4.4995	12.0595	0.7259	1.2601	16.4846	16.6416	17.2649	25.6268	18.3867	18.8707	8.1615	7.6902	3.407	2.7386	8.9601	5.3621	4.4795	4.54	2.03	18.8792	3.44	1.40	6.0533	2.61	1.07
41.788194	33.702778	13.75	NA	3.6496	4.7828	11.7774	0.3799	1.5634	16.5103	16.7317	16.3685	25.7343	17.5083	18.5177	8.152	8.0443	3.4379	2.7362	9.0587	5.1226	4.4306	4.45	1.99	18.5618	3.60	1.47	6.0919	2.69	1.10
41.913194	33.827778	13.875	NA	3.6997	4.7411	11.5725	0.5759	1.6934	16.4512	16.4236	15.4896	26.5705	16.7974	17.4231	8.1212	8.2054	3.2857	2.4488	9.1217	5.0765	4.4565	4.30	1.92	18.1926	4.15	1.70	6.0432	2.83	1.15
42.038194	33.952778	14	NA	3.5418	4.6061	11.721	0.4952	1.6096	16.2128	16.1803	14.7648	27.6036	16.5649	16.3906	7.713	8.3894	3.2108	2.5092	8.8717	5.0989	4.3947	4.40	1.97	17.9528	4.77	1.95	5.9655	2.74	1.12
42.163194	34.077778	14.125	NA	3.5401	4.6779	11.936	0.5769	1.5889	16.4431	16.1412	14.1455	30.3777	16.3428	16.9664	8.078	8.6244	3.3253	2.429	8.331	5.1152	4.4640	4.48	2.00	18.4028	5.95	2.43	5.9838	2.73	1.12
42.288194	34.202778	14.25	NA	3.5365	4.7236	12.6656	0.8435	1.5672	16.6366	16.0124	13.6466	33.251	16.2532	17.6403	7.9079	8.9066	3.371	2.3426	8.0268	4.9606	4.6673	4.73	2.12	18.9067	7.15	2.92	5.9192	2.74	1.12
42.413194	34.327778	14.375	NA	3.3905	4.5955	12.3782	0.6895	1.5416	17.0486	15.9208	13.3405	36.3637	16.2065	17.7762	7.7159	9.0098	3.2515	2.1222	8.0983	4.8287	4.5191	4.65	2.08	19.4427	8.43	3.44	5.8377	2.84	1.16
42.538194	34.452778	14.5	NA	3.4922	4.701	11.8281	0.4886	1.5976	17.6117	15.712	12.9131	36.8849	16.0707	17.8736	7.738	8.6772	3.2059	2.3547	7.9183	4.5929	4.4215	4.45	1.99	19.5110	8.69	3.55	5.7478	2.70	1.10
42.663194	34.577778	14.625	NA	3.3789	4.8784	11.0974	0.7536	1.4643	17.3811	15.5672	12.8916	35.9134	16.8005	17.1853	7.2139	8.6486	3.1989	2.3212	8.3852	4.7028	4.3145	4.12	1.84	19.2899	8.31	3.39	5.7451	2.71	1.11
42.788194	34.702778	14.75	NA	3.3688	4.9067	10.8008	0.8441	1.6701	19.3284	15.1564	12.4099	35.3472	15.7861	16.8629	7.4309	8.5344	3.0608	5.2546	8.497	4.8975	4.3181	3.95	1.77	19.1485	8.25	3.37	6.2792	2.22	0.91
42.913194	34.827778	14.875	NA	3.2386	4.7662	10.5112	0.7346	1.7959	16.4528	14.8211	11.9007	32.8387	15.285	16.3262	7.1797	7.7852	2.9227	2.5737	7.2999	4.422	4.2093	3.84	1.72	17.9374	7.48	3.06	5.3639	2.35	0.96
43.038194	34.952778	15	NA	3.4559	4.671	10.306	0.6558	1.5978	15.8152	14.2169	11.8804	31.704	15.1826	15.6654	7.0908	7.681	3.0717	2.3855	7.4852	4.5058	4.1373	3.79	1.69	17.4108	7.15	2.92	5.3700	2.35	0.96
43.163194	35.077778	15.125	NA	3.2722	4.6805	10.2861	0.5894	1.5745	15.8105	13.9149	11.6773	30.4976	14.7719	15.1843	7.1996	7.6113	3.2348	2.4715	7.3644	4.33	4.0805	3.81	1.70	16.9761	6.78	2.77	5.3686	2.30	0.94
43.288194	35.202778	15.25	NA	3.321	4.6901	10.0993	0.7574	1.8873	15.5098	13.3736	11.3869	28.7187	14.8448	15.1335	7.0215	7.6141	3.2633	2.1512	6.8902	4.1879	4.1510	3.64	1.63	16.4946	6.18	2.52	5.1880	2.28	0.93
43.413194	35.327778	15.375	NA	3.2973	4.6995	10.5408	0.8031	1.6605	15.5604	13.4953	11.1154	27.7237	15.1839	15.6377	7.2088	7.359	3.5755	2.285	6.8192	4.2538	4.2002	3.85	1.72	16.4527	5.79	2.36	5.2502	2.16	0.88
43.538194	35.452778	15.5	NA	3.1812	4.6429	11.0072	0.8313	1.8278	15.0938	13.2077	10.9108	26.6525	15.2174	15.8333	6.9502	7.3799	3.7042	2.3287	6.9294	4.0583	4.2981	4.02	1.80	16.1526	5.45	2.22	5.2251	2.13	0.87
43.663194	35.577778	15.625	NA	3.0451	4.8085	10.8686	0.9311	1.6775	14.9956	13.1268	10.7722	26.8911	15.5518	15.2164	7.0718	7.416	3.5644	2.2516	6.7026	4.1578	4.2662	3.97	1.78	16.0923	5.59	2.28	5.1940	2.15	0.88
43.788194	35.702778	15.75	NA	3.6998	4.9362	10.9792	0.7749	1.8581	15.2583	14.0834	10.6996	28.3085	15.5549	14.7549	7.3929	7.1983	3.3774	2.2869	6.3524	4.2923	4.4496	3.99	1.78	16.4433	6.07	2.48	5.1500	2.13	0.87
43.913194	35.827778	15.875	NA	2.9312	4.7727	10.0718	0.7155	1.5777	14.5955	12.6663	10.4721	29.6807	15.4903	13.9941	7.178	6.9285	3.2708	2.2346	6.113	4.1287	4.0138	3.72	1.66	16.1498	6.85	2.80	4.9756	2.05	0.84
44.038194	35.952778	16	NA	2.709	4.6034	9.809	0.8047	1.4312	15.0352	12.3936	10.1121	31.9173	15.3461	13.4136	7.0282	6.969	3.313	2.2123	6.0589	4.3126	3.8715	3.62	1.62	16.3697	7.85	3.21	4.9823	2.01	0.82
44.163194	36.077778	16.125	NA	2.6498	4.4046	10.7324	0.73	1.5839	15.4555	12.5547	9.8011	33.7572	15.388	12.8352	6.6664	6.9224	3.3552	2.2348	6.1984	4.1631	4.0201	4.00	1.79	16.6319	8.65	3.53	4.9234	1.95	0.79
44.288194	36.202778	16.25	NA	3.0719	4.2437	9.3428	0.7954	1.6134	15.6419	12.8757	9.7675	32.8333	15.7957	12.7689	6.8929	6.9787	3.3973	2.1157	6.3468	3.9635	3.8134	3.36	1.50	16.6138	8.25	3.37	4.9491	2.06	0.84
44.413194	36.327778	16.375	NA	2.7641	4.1557	9.1499	0.8697	1.5534	15.6963	12.9977	9.6934	31.6259	15.9419	12.7224	7.149	7.1173	3.4425	2.0806	6.299	4.1608	3.6986	3.29	1.47	16.4463	7.78	3.18	5.0415	2.12	0.86
44.538194	36.452778	16.5	NA	2.7621	4.1955	8.6336	0.8734	1.6039	15.8532	12.8157	9.6618	30.3019	16.2713	12.7859	6.8731	7.0789	3.4008	2.1046	6.1459	4.0243	3.6137	3.07	1.37	16.2816	7.28	2.97	4.9379	2.05	0.84
44.663194	36.577778	16.625	NA	2.465	4.1104	8.5354	0.8662	1.6587	14.809	12.54	9.5869	29.1791	16.5187	13.486	6.5626	7.1674	4.7478	2.1267	7.1364	4.0803	3.5271	3.05	1.36	16.0199	6.85	2.80	5.3035	2.02	0.82
44.788194	36.702778	16.75	NA	2.8517	3.8585	9.0381	0.8528	1.7043	14.3836	12.7702	9.2923	29.0975	16.6391	12.6221	6.4845	7.1131	4.5366	2.0342	7.4862	4.0653	3.6611	3.21	1.44	15.8008	6.94	2.84	5.2866	2.11	0.86
44.913194	36.827778	16.875	NA	2.6529	3.7917	9.73	1.0182	1.6908	13.359	12.5019	9.1374	27.1461	16.6846	11.9282	6.4923	7.0585	2.6458	1.9533	6.2826	3.8984	3.7767	3.49	1.56	15.1262	6.37	2.60	4.7218	2.18	0.89
45.038194	36.952778	17	NA	2.8154	3.9231	10.352	1.0416	1.6598	12.8265	12.5598	8.8996	26.2231	16.6315	11.5992	6.461	7.2794	2.667	2.1336	6.1034	3.6754	3.9584	3.74	1.67	14.7899	6.13	2.50	4.7200	2.17	0.88
45.163194	37.077778	17.125	NA	3.045	3.9653	9.9007	1.1554	1.6791	12.1396	12.6863	8.7573	25.3034	16.6066	11.2951	6.6287	6.8925	2.6232	1.7178	6.0153	3.7252	3.9491	3.51	1.57	14.4647	5.89	2.40	4.6005	2.21	0.90
45.288194	37.202778	17.25	NA	2.7532	3.8207	9.4362	1.1114	1.5442	12.1298	12.6517	8.8361	26.3183	16.6473	11.2466	6.4346	6.8854	2.7275	2.1323	5.9436	3.6606	3.7331	3.36	1.50	14.6383	6.26	2.56	4.6307	2.04	0.83
45.413194	37.327778	17.375	NA	2.6923	3.9984	9.1662	1.0603	1.6887	12.7227	12.2875	8.7715	27.3029	17.17	10.9718	6.539	6.7247	2.7486	1.9471	5.8334	3.5519	3.7212	3.24	1.45	14.8711	6.69	2.73	4.5575	2.07	0.84
45.538194	37.452778	17.5	NA	2.6698	4.1828	8.481	1.1357	1.4933	12.6982	12.3765	8.6511	27.8418	17.1359	10.8771	6.3818	6.5623	2.8748	2.0525	5.5964	3.5197	3.5925	2.98	1.33	14.9301	6.91	2.82	4.4979	1.93	0.79
45.663194	37.577778	17.625	NA	3.1322	3.9591	7.7695	1.1619	1.4426	12.3888	12.8113	8.5269	28.8514	16.7868	10.643	7.7192	8.7049	3.5449	1.4169	5.51	4.4085	3.4931	2.66	1.19	15.0014	7.32	2.99	5.2174	2.70	1.10
45.788194	37.702778	17.75	NA	2.688	3.4938	7.9078	1.1809	1.9174	13.8224	11.7486	8.1606	32.1465	16.5878	10.2348	9.1174	10.3368	3.255	1.7505	5.6133	4.4409	3.4376	2.64	1.18	15.4501	8.68	3.54	5.7523	3.36	1.37
45.913194	37.827778	17.875	NA	2.8275	3.5367	8.039	1.2186	1.7709	12.1704	11.8867	8.1633	30.3862	16.5949	9.8793	7.0394	5.7773	2.4365	2.0922	5.2095	2.7315	3.4785	2.70	1.21	14.8468	8.12	3.32	4.2144	2.06	0.84
46.038194	37.952778	18	NA	3.0206	3.7147	8.1167	1.1659	1.3997	11.9343	11.7646	8.2831	30.2498	16.4111	10.0324	6.7678	6.2788	2.5314	1.9246	5.0461	3.2936	3.4835	2.80	1.25	14.7792	8.05	3.29	4.3071	2.02	0.82
46.163194	38.077778	18.125	NA	3.0657	3.6674	8.1089	1.1863	1.6211	11.5493	11.9613	8.1435	31.3828	16.5912	10.2016	6.628	6.1528	2.5136	1.8902	5.1226	3.1752	3.5299	2.75	1.23	14.9716	8.51	3.47	4.2471	1.99	0.81
46.288194	38.202778	18.25	NA	3.1271	3.6102	8.2704	1.1085	1.5673	11.2577	11.5381	8.2717	33.9047	16.5175	9.9054	6.748	6.1609	2.5367	1.8863	5.0171	3.3398	3.5367	2.84	1.27	15.2325	9.56	3.90	4.2815	1.99	0.81
46.413194	38.327778	18.375	NA	3.0325	3.6621	9.0006	1.2448	1.5458	11.2997	11.533	8.2563	35.4402	16.4858	9.9852	6.7594	6.1615	2.4512	1.6922	4.9496	3.3769	3.6972	3.13	1.40	15.5000	10.15	4.14	4.2318	2.05	0.84
46.538194	38.452778	18.5	NA	3.3504	3.7949	9.2872	1.4343	1.7494	11.1214	11.3813	8.1816	35.2093	16.7783	10.3186	6.7918	6.198	2.5373	1.7722	5.0688	3.3933	3.9232	3.16	1.41	15.4984	10.07	4.11	4.2936	2.04	0.83
46.663194	38.577778	18.625	NA	2.7158	3.7354	8.8894	1.4202	1.5669	10.6204	10.3614	8.3239	33.1371	16.58	10.3207	5.9452	7.1113	3.673	1.4348	6.243	4.5277	3.6655	3.07	1.37	14.8906	9.37	3.82	4.8225	2.07	0.84
46.788194	38.702778	18.75	NA	2.83	3.4266	9.5268	1.2902	1.5457	11.786	10.6782	8.0593	32.9008	15.9739	10.1138	6.4597	7.4277	3.3756	1.8375	6.3246	5.1817	3.7239	3.36	1.50	14.9187	9.19	3.75	5.1011	2.12	0.86
46.913194	38.827778	18.875	NA	2.9558	3.3125	8.9805	1.2306	1.6355	11.7817	10.4387	7.8352	31.1441	15.8461	10.1865	6.3144	5.6209	1.8106	2.0028	4.683	2.9921	3.6230	3.12	1.39	14.5387	8.55	3.49	3.9040	1.91	0.78
47.038194	38.952778	19	NA	2.6021	3.6965	8.6255	1.3467	1.7052	11.5723	10.5292	8.0299	30.2107	15.7188	10.3186	6.1522	6.0615	2.0021	1.8248	4.8121	3.231	3.5952	2.96	1.32	14.3966	8.15	3.33	4.0139	1.94	0.79
47.163194	39.077778	19.125	NA	2.7686	3.8365	8.6923	1.4221	1.5945	11.454	10.4785	7.9902	31.1458	15.8425	10.2526	6.5107	5.9852	1.9583	2.1554	4.7341	3.3349	3.6628	2.98	1.33	14.5273	8.54	3.49	4.1131	1.93	0.79
47.288194	39.202778	19.25	NA	2.7906	3.6326	8.3327	1.343	1.5743	11.2984	10.3799	7.9994	32.4565	15.8333	9.9335	6.1395	5.9775	1.9388	1.7951	4.553	3.3282	3.5346	2.84	1.27	14.6502	9.10	3.72	3.9554	1.92	0.78
47.413194	39.327778	19.375	NA	2.6687	3.3212	8.2813	1.4012	1.6285	11.4639	10.1423	8.0275	33.2769	15.8347	9.7435	6.5324	5.8614	2.2101	1.695	4.6372	3.525	3.4602	2.81	1.25	14.7481	9.45	3.86	4.0769	1.95	0.80
47.538194	39.452778	19.5	NA	2.711	3.2251	8.4409	1.5005	1.6493	11.7213	10.2224	7.9138	34.4361	15.5893	9.8171	6.1085	5.8983	2.3441	1.7697	4.73	3.5649	3.5054	2.85	1.28	14.9500	9.89	4.04	4.0693	1.81	0.74
47.663194	39.577778	19.625	NA	2.7623	3.127	8.56	1.5553	1.4818	11.3156	10.1181	7.9769	35.4124	15.4599	9.7575	6.1238	5.9643	2.419	1.6854	4.5772	3.4951	3.4973	2.92	1.31	15.0067	10.31	4.21	4.0441	1.83	0.75
47.788194	39.702778	19.75	NA	2.722	3.0985	8.6944	1.4153	2.1955	10.928	10.1622	7.8733	35.2688	15.1567	9.7483	6.2083	6.0164	2.5274	1.7873	4.5949	3.4698	3.6251	2.90	1.30	14.8562	10.29	4.20	4.1007	1.82	0.74
47.913194	39.827778	19.875	NA	2.7761	3.2136	9.1499	1.5776	1.9433	11.2254	10.1791	7.7924	35.3037	14.9415	9.7504	6.2268	5.8204	2.4603	2.0469	4.4876	3.3694	3.7321	3.10	1.39	14.8654	10.29	4.20	4.0686	1.74	0.71
