days.origin	days.water	days.manure	F07	F08	F09	F10	F11	F12	GW01	GW02	GW03	GW04	GW05	GW06	GWL01	GWL02	GWL03	GWL04	GWo01	GWo02	mean.F	sd.F	se.F	mean.GW	sd.GW	se.GW	mean.GWL	sd.GWL	se.GWL
3.125	-4.960417	-24.913194	NA	16.6399	19.0191	18.4516	17.4816	16.8062	18.5336	16.2216	18.0372	17.8234	17.0975	16.9079	16.9331	19.4894	19.2318	17.9742	18.8184	20.7785	17.6797	1.03	0.46	17.4369	0.85	0.35	18.8709	1.32	0.54
3.25	-4.835417	-24.788194	NA	16.1933	18.7849	18.2233	17.2292	16.7226	17.7867	15.8819	18.281	17.5703	16.545	16.9762	16.322	19.4894	19.7147	17.6804	18.5789	20.7785	17.4307	1.06	0.48	17.1735	0.88	0.36	18.7606	1.59	0.65
3.375	-4.710417	-24.663194	NA	16.475	18.5118	17.5207	16.9092	16.8584	17.1675	16.2745	17.9781	17.2992	15.6236	16.2212	16.1929	19.4894	17.9428	17.9709	18.4232	20.7785	17.2550	0.80	0.36	16.7607	0.87	0.35	18.4663	1.55	0.63
3.5	-4.585417	-24.538194	NA	16.5736	18.764	18.0219	17.2954	16.9023	17.5015	16.0294	18.4217	17.7522	15.9517	16.4864	16.2655	19.4894	18.5952	17.6089	19.4322	20.7785	17.5114	0.88	0.40	17.0238	1.01	0.41	18.6949	1.59	0.65
3.625	-4.460417	-24.413194	NA	16.4209	18.5106	18.5282	16.9285	16.341	17.0972	15.9154	18.2555	18.4766	16.3011	16.1579	16.0633	19.4894	18.3737	17.4762	19.4752	20.7785	17.3458	1.09	0.49	17.0340	1.11	0.45	18.6094	1.68	0.68
3.75	-4.335417	-24.288194	NA	16.2285	18.7882	17.7973	17.395	16.3494	17.4373	16.514	18.2062	17.9937	16.6952	16.1457	16.7245	19.4894	18.4809	17.7439	18.9875	20.7785	17.3117	1.06	0.48	17.1654	0.84	0.34	18.7008	1.41	0.57
3.875	-4.210417	-24.163194	NA	17.3625	19.584	18.7395	18.5034	17.7518	19.2042	17.6287	19.3538	19.5943	18.2057	17.5949	17.7867	19.4894	19.3516	19.1145	19.5536	20.7785	18.3882	0.87	0.39	18.5969	0.90	0.37	19.3457	0.96	0.39
4	-4.085417	-24.038194	NA	18.774	20.533	19.0073	19.4409	18.9937	19.0297	18.0478	20.6887	18.8139	19.5673	18.4944	17.8351	19.4894	20.8916	19.348	21.0008	20.7785	19.3498	0.70	0.31	19.1070	0.93	0.38	19.8906	1.24	0.51
4.125	-3.960417	-23.913194	NA	18.3707	20.6695	19.1419	19.1999	18.2789	18.4103	17.3048	19.8089	18.7654	18.1559	17.917	17.4421	19.5127	20.5515	18.7877	20.944	19.7287	19.1322	0.96	0.43	18.3937	0.85	0.35	19.4945	1.26	0.52
4.25	-3.835417	-23.788194	NA	17.4158	19.5789	18.4327	18.9016	17.0455	18.0287	16.916	20.5551	18.4596	17.6552	17.7738	17.1935	18.8253	19.9188	18.4603	20.7797	20.5916	18.2749	1.04	0.47	18.2314	1.25	0.51	19.2949	1.39	0.57
4.375	-3.710417	-23.663194	NA	17.221	19.7394	18.2598	19.0406	17.3172	18.011	16.5595	20.0148	18.2562	17.2453	17.4872	16.5918	19.2826	20.6974	18.0165	19.8377	20.2898	18.3156	1.09	0.49	17.9290	1.18	0.48	19.1193	1.55	0.63
4.5	-3.585417	-23.538194	NA	17.5716	20.5408	18.4765	19.0523	18.0028	18.2526	17.0667	20.7355	18.6355	18.2331	17.8638	17.3367	19.4471	21.0525	18.691	20.9322	20.9212	18.7288	1.15	0.52	18.4645	1.23	0.50	19.7301	1.52	0.62
4.625	-3.460417	-23.413194	NA	18.0311	21.5315	19.1574	20.2421	18.6767	18.8292	17.2935	20.101	19.469	18.7174	18.0509	17.6348	20.1347	20.9955	19.1796	21.4245	21.2298	19.5278	1.38	0.62	18.7435	1.00	0.41	20.0998	1.47	0.60
4.75	-3.335417	-23.288194	NA	18.8167	22.763	19.6831	20.5609	18.8004	19.3481	17.9313	20.8981	19.5075	19.2109	19.1882	17.7839	20.4086	21.9644	18.9491	21.5083	21.5061	20.1248	1.64	0.74	19.3473	0.95	0.39	20.3534	1.66	0.68
4.875	-3.210417	-23.163194	NA	19.5293	23.2198	20.2358	22.0111	19.7751	19.5323	18.4162	23.0829	19.9838	20.8944	20.1052	18.3767	21.6759	23.6324	19.5124	23.3143	22.5529	20.9542	1.60	0.71	20.3358	1.57	0.64	21.5108	2.13	0.87
5	-3.085417	-23.038194	NA	19.5586	23.564	20.2236	22.2865	20.1903	19.5925	17.9696	23.556	20.3757	21.3634	20.1249	18.5768	21.9333	24.7354	20.1234	23.7925	22.5947	21.1646	1.69	0.76	20.4970	1.87	0.76	21.9594	2.29	0.94
5.125	-2.960417	-22.913194	NA	19.2426	23.07	19.9101	22.1321	20.1316	19.3873	18.2763	23.0374	20.227	20.7779	19.7826	18.4149	21.2694	23.3636	19.6022	22.9161	22.9676	20.8973	1.62	0.73	20.2481	1.61	0.66	21.4223	2.04	0.83
5.25	-2.835417	-22.788194	NA	18.8742	22.9459	19.7167	21.8762	19.9227	19.0159	18.425	23.0012	20.1109	20.8126	19.7106	18.1891	21.4628	22.6403	19.8738	23.7197	22.7847	20.6671	1.68	0.75	20.1794	1.61	0.66	21.4451	2.07	0.85
5.375	-2.710417	-22.663194	NA	19.6302	23.7765	20.805	24.0658	20.1322	19.4591	18.8026	23.9826	20.2034	21.8257	20.4719	19.0102	21.239	23.9649	20.5818	24.0578	23.6525	21.6819	2.09	0.93	20.7909	1.87	0.76	22.0844	2.11	0.86
5.5	-2.585417	-22.538194	NA	20.6857	24.8005	21.1401	24.5484	21.0771	20.4085	18.7197	24.3355	20.6902	22.0419	21.1265	19.7492	22.4994	26.3242	20.6283	24.6746	23.679	22.4504	2.04	0.91	21.2204	1.88	0.77	22.9258	2.48	1.01
5.625	-2.460417	-22.413194	NA	21.205	25.5427	21.2923	24.7665	21.9277	21.0039	19.2791	24.2008	21.4707	21.8887	21.1204	19.4654	23.5037	24.3799	20.8737	25.5178	24.3667	22.9468	2.05	0.92	21.4939	1.60	0.65	23.0179	2.34	0.96
5.75	-2.335417	-22.288194	NA	22.3099	26.5729	21.6795	26.2553	22.4284	21.4175	19.9611	25.078	22.3317	22.6859	21.9492	19.3923	23.5011	25.4396	21.2353	25.685	25.3204	23.8492	2.36	1.06	22.2372	1.69	0.69	23.4290	2.60	1.06
5.875	-2.210417	-22.163194	NA	22.8878	26.876	22.1886	26.8153	23.4842	21.908	20.3715	25.4411	22.2813	23.5829	23.423	20.2492	23.9188	26.1066	21.5969	25.9776	25.8732	24.4504	2.23	1.00	22.8346	1.73	0.71	23.9537	2.52	1.03
6	-2.085417	-22.038194	NA	24.1056	27.1783	22.6649	27.4512	24.3866	21.8301	21.1093	27.0237	22.2639	24.9197	24.2775	21.0085	24.0365	27.019	22.2867	26.6254	25.4706	25.1573	2.08	0.93	23.5707	2.24	0.91	24.4078	2.41	0.98
6.125	-1.960417	-21.913194	NA	23.8558	27.8238	22.9194	26.9188	24.1929	21.6918	19.8235	26.8278	22.3266	24.1425	23.1111	20.4074	24.4329	26.883	22.2458	26.5024	25.4116	25.1421	2.11	0.94	22.9872	2.38	0.97	24.3138	2.54	1.04
6.25	-1.835417	-21.788194	NA	23.969	26.5426	22.9017	26.5891	24.2495	22.0317	20.5775	25.5787	22.5397	23.6891	23.4175	20.055	23.5377	26.9969	21.8908	26.3018	25.3021	24.8504	1.64	0.74	22.9724	1.69	0.69	24.0141	2.69	1.10
6.375	-1.710417	-21.663194	NA	24.6224	27.8961	22.7968	27.7681	25.0192	21.9051	21.2966	26.6249	23.0495	24.7426	24.3221	20.7013	24.5068	26.9877	22.3738	27.5466	26.1897	25.6205	2.19	0.98	23.6568	1.97	0.80	24.7176	2.72	1.11
6.5	-1.585417	-21.538194	NA	25.2238	28.3999	23.5923	28.5306	25.7872	22.0759	22.1361	27.7685	23.5936	26.1769	25.1591	21.2555	25.4189	28.0026	22.7484	27.9525	27.0098	26.3068	2.13	0.95	24.4850	2.29	0.93	25.3980	2.83	1.16
6.625	-1.460417	-21.413194	NA	25.8733	28.8039	23.8575	29.4994	26.3975	22.9878	22.4801	27.3063	23.3774	26.14	25.2542	21.4267	25.101	27.5186	23.2532	27.9128	27.1036	26.8863	2.29	1.02	24.5910	1.93	0.79	25.3860	2.61	1.07
6.75	-1.335417	-21.288194	NA	26.9553	29.8492	23.808	29.907	27.123	23.4914	22.5403	28.3579	23.6801	27.1562	26.2992	21.4932	25.1329	28.4313	23.5921	28.2433	27.5592	27.5285	2.52	1.13	25.2542	2.34	0.95	25.7420	2.82	1.15
6.875	-1.210417	-21.163194	NA	28.2518	29.296	24.5656	30.7598	27.9731	23.7444	22.8163	29.3459	24.1619	28.0447	27.1641	21.6056	26.1605	29.4631	23.6095	28.5118	28.0971	28.1693	2.29	1.02	25.8795	2.66	1.08	26.2413	3.08	1.26
7	-1.085417	-21.038194	NA	29.7311	30.6586	24.9821	31.6294	29.5158	23.879	23.6539	29.4213	24.2105	29.1725	28.4356	22.0055	26.7827	29.2127	23.8786	30.1199	28.3159	29.3034	2.56	1.14	26.4621	2.82	1.15	26.7192	3.18	1.30
7.125	-0.960417	-20.913194	NA	30.0355	31.5675	25.3906	32.3443	30.0423	24.14	23.8711	30.2436	25.013	30.1847	28.1705	22.0283	26.7542	29.5795	24.2215	29.7128	28.9592	29.8760	2.70	1.21	26.9371	2.96	1.21	26.8759	3.17	1.29
7.25	-0.835417	-20.788194	NA	29.9754	30.7671	24.7391	31.657	29.8503	24.3295	25.0877	28.6892	25.3424	28.3411	27.9929	22.2684	25.9092	30.1965	24.4644	30.0324	28.3693	29.3978	2.70	1.21	26.6305	1.92	0.78	26.8734	3.20	1.31
7.375	-0.710417	-20.663194	NA	30.4608	31.6306	25.3554	32.9379	29.9064	23.9251	25.2899	30.9532	25.4419	29.9917	28.8534	22.4105	27.425	32.2959	24.4845	30.6326	28.9981	30.0582	2.88	1.29	27.4092	2.89	1.18	27.7078	3.74	1.53
7.5	-0.585417	-20.538194	NA	31.1211	32.4843	25.9201	33.8649	30.9817	24.7299	25.2104	30.5385	26.0373	30.4695	28.8823	22.7532	27.3461	31.1447	24.855	31.1058	29.6634	30.8744	3.01	1.34	27.6446	2.64	1.08	27.8114	3.46	1.41
7.625	-0.460417	-20.413194	NA	31.594	33.1077	25.6239	34.4123	30.8952	25.0232	25.436	31.1246	25.8121	31.4115	30.0457	22.9674	28.4668	31.7384	25.1194	31.842	30.2501	31.1266	3.36	1.50	28.1422	3.02	1.23	28.3973	3.65	1.49
7.75	-0.335417	-20.288194	NA	32.7412	33.1955	26.9257	34.2135	32.3338	25.1818	25.4841	32.2676	26.7116	31.4859	30.1231	23.0596	29.2108	32.3962	25.5828	31.7153	31.2395	31.8819	2.86	1.28	28.5423	3.13	1.28	28.8674	3.76	1.54
7.875	-0.210417	-20.163194	NA	33.6043	33.5177	27.9398	35.986	33.2712	25.8954	25.9578	32.2191	27.0515	31.3863	30.7384	23.8774	29.2722	32.1687	26.5682	33.2506	32.0297	32.8638	2.96	1.33	28.8747	2.89	1.18	29.5278	3.68	1.50
8	-0.085417	-20.038194	NA	33.6043	33.5284	27.7754	35.986	33.2712	25.609	26.2691	32.2159	27.0886	31.3863	30.7384	24.2502	29.2597	32.1343	26.3272	33.527	32.2047	32.8331	3.03	1.36	28.8846	2.88	1.18	29.6172	3.69	1.51
8.085417	0	-19.952778	NA	33.6043	33.5284	27.6372	35.986	33.2712	25.1272	26.4767	32.2159	27.4704	31.3863	30.7384	24.2259	29.2597	32.1343	25.4456	33.527	32.2047	32.8054	3.09	1.38	28.9025	2.92	1.19	29.4662	3.87	1.58
8.210417	0.125	-19.827778	NA	44.9491	43.3971	28.0163	49.3982	43.4416	27.844	37.6088	39.7539	27.3445	46.0329	40.2887	27.2612	34.8133	39.14	27.6105	39.3996	37.2443	41.8405	8.11	3.63	36.4788	7.43	3.03	34.2448	5.53	2.26
8.335417	0.25	-19.702778	NA	50.1775	50.5314	34.8229	58.2218	46.8763	32.512	39.8626	45.9261	32.624	53.8569	44.6033	30.7899	39.5824	44.0094	32.2313	43.9126	41.1453	48.1260	8.52	3.81	41.5641	8.30	3.39	38.6118	5.77	2.36
8.460417	0.375	-19.577778	NA	46.9804	51.9785	36.4893	59.6073	45.1115	33.7962	38.5366	48.5417	33.8065	52.9675	43.3227	31.9248	39.8058	43.7471	34.2643	44.0063	40.1994	48.0334	8.55	3.82	41.8285	7.89	3.22	38.9913	4.94	2.02
8.585417	0.5	-19.452778	NA	46.8564	52.2477	36.4826	60.1986	44.522	34.7047	37.4584	48.2234	36.6724	52.768	42.955	32.3455	39.5267	44.302	35.272	43.3438	40.1376	48.0615	8.84	3.96	42.1303	7.18	2.93	39.1546	4.62	1.88
8.710417	0.625	-19.327778	NA	46.0778	53.3565	35.9682	61.4485	43.9607	36.4481	36.009	46.711	33.77	50.5127	42.5682	32.6062	39.612	45.1042	34.4788	43.5985	39.8114	48.1623	9.67	4.33	41.0032	6.69	2.73	39.2019	4.91	2.00
8.835417	0.75	-19.202778	NA	46.0037	53.5004	43.1521	61.3484	44.7361	38.4182	37.2036	46.5648	40.6197	51.2185	42.5742	35.9058	39.7276	45.7092	34.3687	44.21	40.6042	49.7481	7.60	3.40	42.7665	5.30	2.16	40.0876	4.45	1.82
8.960417	0.875	-19.077778	NA	43.5019	52.962	36.8794	60.9347	43.1751	33.9478	36.0962	46.6675	35.0128	53.9284	40.4586	34.7687	39.5211	46.3141	34.4326	44.1672	40.9682	47.4906	9.46	4.23	41.0185	7.86	3.21	40.0286	4.83	1.97
9.085417	1	-18.952778	NA	41.9058	51.924	36.4444	60.4548	41.2766	33.2963	36.2836	46.9799	35.2393	52.763	38.6834	32.599	37.7555	46.9191	34.4965	42.3891	39.5606	46.4011	9.66	4.32	40.5409	7.66	3.13	38.9533	5.24	2.14
9.210417	1.125	-18.827778	NA	41.8403	51.7301	36.3332	60.2226	40.8783	34.6983	36.1143	46.1472	35.2395	52.742	38.0199	33.2559	37.5281	47.5241	34.5604	41.5546	38.9825	46.2009	9.64	4.31	40.4935	7.33	2.99	38.9009	5.18	2.11
9.335417	1.25	-18.702778	NA	41.7096	51.8216	34.1172	60.5642	41.0493	32.2313	35.6868	45.6068	32.9288	51.7782	38.0045	33.0807	37.3067	48.129	34.6244	41.7428	39.269	45.8524	10.37	4.64	39.3727	7.76	3.17	39.0254	5.44	2.22
9.460417	1.375	-18.577778	NA	42.213	52.6771	34.9645	61.5661	41.0983	32.3004	34.9416	47.5701	33.2606	52.4104	38.7228	32.3434	36.2806	48.734	34.6883	42.4574	39.3009	46.5038	10.56	4.72	39.8676	8.28	3.38	38.9674	5.95	2.43
9.585417	1.5	-18.452778	NA	43.5809	53.7063	34.349	63.3974	41.7186	33.2494	35.4079	48.3185	33.5831	54.4396	38.9875	32.612	36.6129	49.339	34.7522	42.8648	39.8276	47.3504	11.32	5.06	40.6643	8.76	3.58	39.3347	6.11	2.49
9.710417	1.625	-18.327778	NA	44.6945	55.2709	33.8284	66.3186	42.2676	32.319	36.294	49.0526	33.4399	57.9783	39.6338	32.2529	38.4429	49.9439	34.8161	44.0734	40.6628	48.4760	12.57	5.62	41.4529	10.08	4.12	40.0320	6.41	2.62
9.835417	1.75	-18.202778	NA	46.0936	56.8072	34.8397	68.6665	43.0956	32.3042	36.8226	50.2312	33.6352	60.8418	39.8332	32.0599	38.9166	50.5489	34.88	44.8899	41.4826	49.9005	13.11	5.86	42.2780	11.12	4.54	40.4630	6.73	2.75
9.960417	1.875	-18.077778	NA	50.2455	58.913	34.6582	72.3341	46.8396	33.5158	37.5411	50.4651	34.2043	65.2644	42.6758	32.5587	39.2938	51.1539	34.9439	45.6567	41.6274	52.5981	14.05	6.28	43.9444	12.19	4.98	40.8724	6.87	2.80
10.085417	2	-17.952778	NA	51.9822	61.4548	35.402	75.9618	48.1189	34.4444	40.4213	52.4857	34.592	67.0567	44.0505	33.1642	41.0165	51.7588	35.0078	47.7514	43.6074	54.5839	15.17	6.79	45.5084	12.51	5.11	42.0510	7.19	2.94
10.210417	2.125	-17.827778	NA	52.9767	62.5371	35.1278	79.1032	48.9732	33.9713	40.2337	53.3483	35.0875	72.3836	44.1858	33.0386	40.2812	51.0419	35.0717	48.4296	43.8916	55.7436	16.36	7.32	46.5350	14.48	5.91	41.9591	7.18	2.93
10.335417	2.25	-17.702778	NA	54.9984	64.9454	35.4727	83.7254	50.5923	33.672	43.6713	54.7082	34.5617	83.0022	45.2049	32.9387	40.6989	48.5954	34.5419	48.5266	44.345	57.9468	17.90	8.00	49.1367	18.30	7.47	41.6077	6.78	2.77
10.460417	2.375	-17.577778	NA	56.6095	66.0479	35.9108	86.0401	51.0669	33.7007	44.0401	54.5323	33.9819	84.4376	46.3148	31.8056	41.9137	50.0083	34.7994	49.1936	44.7667	59.1350	18.59	8.31	49.5012	18.85	7.69	42.0812	7.47	3.05
10.585417	2.5	-17.452778	NA	57.2644	66.1485	36.1104	85.2141	51.4141	33.9634	44.6215	55.198	34.6021	81.3739	46.8331	32.9974	42.5709	50.4736	35.2106	49.4254	45.4028	59.2303	18.18	8.13	49.4320	17.56	7.17	42.6801	7.26	2.96
10.710417	2.625	-17.327778	NA	58.4016	65.7011	37.0826	83.2946	52.1114	35.7374	45.7194	55.3964	37.0351	79.4997	46.5205	33.5772	42.8134	49.7845	36.3871	49.799	45.665	59.3183	17.05	7.62	49.9847	16.13	6.59	43.0044	6.81	2.78
10.835417	2.75	-17.202778	NA	58.9351	64.4423	36.808	81.9852	51.5412	34.6796	47.101	55.4996	36.2506	78.0746	46.8596	34.0041	42.6795	49.5293	36.2132	49.0209	45.7582	58.7424	16.63	7.44	49.7442	15.87	6.48	42.8675	6.53	2.67
10.960417	2.875	-17.077778	NA	61.9658	64.1701	48.7472	80.9998	53.8525	45.7487	47.804	57.0373	45.3405	78.0295	49.2288	37.5516	42.3541	51.5701	42.889	49.4694	45.557	61.9471	12.33	5.51	53.8648	12.58	5.13	44.8985	5.11	2.08
11.085417	3	-16.952778	NA	60.5844	64.1551	37.0615	78.8235	53.942	34.6599	45.0774	55.8931	34.7974	75.8224	49.0027	34.2479	42.1963	50.8303	36.2886	49.0674	45.3558	58.9133	15.24	6.82	49.2088	15.42	6.30	42.9977	6.72	2.74
11.210417	3.125	-16.827778	NA	59.5232	62.8659	36.3714	76.6203	53.1687	35.214	42.7474	53.4814	34.0921	71.4689	47.3843	34.2818	42.3413	49.7581	35.6183	48.1554	45.0427	57.7099	14.69	6.57	47.3980	13.88	5.67	42.5329	6.42	2.62
11.335417	3.25	-16.702778	NA	59.0479	61.561	36.4101	73.8909	51.7121	35.3484	44.7876	52.6035	36.1043	68.6558	47.4705	33.9508	42.1212	48.6413	36.0438	47.6399	44.2974	56.5244	13.79	6.17	47.4950	12.32	5.03	42.1157	6.02	2.46
11.460417	3.375	-16.577778	NA	58.7813	60.2004	36.4583	72.6555	52.4455	34.9099	46.0186	52.4403	36.2135	67.2643	48.205	34.2435	41.9269	46.2367	36.9733	47.4123	43.77	56.1082	13.20	5.90	47.5086	11.86	4.84	41.7604	5.21	2.12
11.585417	3.5	-16.452778	NA	54.0211	59.7347	35.6324	71.3552	51.3703	34.2541	42.3627	52.2599	35.0108	64.349	48.1519	34.7346	42.0705	47.1608	36.5736	47.5785	43.9109	54.4227	13.01	5.82	46.0647	11.42	4.66	42.0048	5.36	2.19
11.710417	3.625	-16.327778	NA	55.1661	59.1154	36.3132	70.5165	52.3827	35.4941	40.529	52.9032	35.7199	63.4535	48.5219	34.5265	41.1858	50.109	36.1385	47.2696	44.0142	54.6988	12.38	5.54	46.1036	11.00	4.49	42.2073	6.14	2.50
11.835417	3.75	-16.202778	NA	56.447	58.4107	35.9147	70.1822	53.0034	35.5483	42.6647	52.7247	35.486	62.6672	48.4095	34.6534	41.4316	49.3036	36.3654	47.3232	44.1711	54.7916	12.37	5.53	46.2501	10.58	4.32	42.2081	5.87	2.40
11.960417	3.875	-16.077778	NA	59.0371	57.7259	35.8862	68.0004	53.4985	35.3268	46.0567	51.4375	35.7445	60.9573	48.5789	33.0883	41.7566	45.7845	36.4481	47.0239	43.7974	54.8296	11.83	5.29	46.3503	9.78	3.99	41.3165	5.48	2.24
12.085417	4	-15.952778	NA	57.9468	56.53	35.9335	65.8165	52.9384	35.4191	46.9009	51.2892	35.2986	58.7038	48.1924	34.9562	42.2143	45.3622	36.6615	45.7576	43.6351	53.8330	11.06	4.94	45.9673	9.18	3.75	41.4312	4.57	1.86
12.210417	4.125	-15.827778	NA	54.0146	54.8582	35.6933	63.2615	50.0081	33.6355	40.8456	48.9541	33.2493	55.6317	46.9626	34.8813	41.4708	43.9985	35.7626	44.6471	42.2411	51.5671	10.10	4.52	43.2131	8.92	3.64	40.5002	4.18	1.71
12.335417	4.25	-15.702778	NA	56.0787	53.4005	35.2606	61.7043	50.6093	32.9153	41.7986	47.7227	33.4248	52.6461	46.4413	34.7088	40.1001	44.5024	35.0029	44.0861	41.5805	51.4107	9.91	4.43	42.4915	8.01	3.27	39.9968	4.30	1.76
12.460417	4.375	-15.577778	NA	54.7052	52.3324	34.279	59.7735	50.9635	33.6515	38.7682	48.0008	34.5159	52.6126	46.8859	33.7311	38.9007	44.7701	35.2236	43.7675	40.969	50.4107	9.62	4.30	42.4058	7.84	3.20	39.5603	4.47	1.83
12.585417	4.5	-15.452778	NA	55.1647	51.0983	34.5288	57.9082	49.5789	34.1551	41.0883	47.0899	34.3394	51.7403	45.7395	33.8195	37.6441	42.3209	34.9898	42.6969	39.999	49.6558	9.07	4.06	42.3588	7.14	2.92	38.5784	3.73	1.52
12.710417	4.625	-15.327778	NA	54.3891	50.0226	34.0494	56.7423	49.7005	34.0671	38.7799	46.3337	34.2383	49.7212	45.6715	34.5128	37.6401	41.7253	35.316	41.6109	39.7647	48.9808	8.86	3.96	41.4686	6.69	2.73	38.4283	3.11	1.27
12.835417	4.75	-15.202778	NA	51.334	49.9218	33.2687	55.3155	48.5494	32.7441	38.7597	44.8657	33.2784	49.1674	44.7734	33.1045	38.2074	40.6651	34.8768	41.2566	39.3291	47.6779	8.44	3.78	40.5981	6.75	2.76	37.9066	3.26	1.33
12.960417	4.875	-15.077778	NA	51.3653	49.7264	33.0086	54.542	47.3211	32.7004	40.4866	44.4872	33.0132	47.9739	43.1572	33.234	38.1137	40.634	34.4081	41.1515	39.3864	47.1927	8.35	3.74	40.3031	6.25	2.55	37.8213	3.29	1.34
13.085417	5	-14.952778	NA	51.6715	48.556	33.0474	54.648	47.7367	32.6119	40.6928	44.9457	32.7714	48.4572	42.6396	31.6116	37.0725	42.0043	33.7553	40.4515	39.2779	47.1319	8.33	3.73	40.3531	6.47	2.64	37.3622	4.02	1.64
13.210417	5.125	-14.827778	NA	50.2685	47.7833	33.4039	53.8989	46.9936	32.5921	38.2899	44.3373	32.3936	48.2615	41.9772	32.0907	35.8191	42.0973	33.7629	39.9102	39.0667	46.4696	7.78	3.48	39.6419	6.42	2.62	37.1245	3.86	1.58
13.335417	5.25	-14.702778	NA	50.4139	48.0343	33.0412	53.388	46.1891	33.0184	39.2462	43.9268	32.6574	47.4742	42.4401	31.9202	36.7351	40.7976	34.0023	40.3513	39.0374	46.2133	7.84	3.51	39.7938	6.00	2.45	37.1407	3.59	1.47
13.460417	5.375	-14.577778	NA	48.3789	47.8498	33.0441	52.242	45.7216	32.7126	38.1146	43.2234	32.1791	46.6116	41.6176	31.7302	37.5645	40.5222	33.6427	40.0519	38.5462	45.4473	7.32	3.27	39.0765	5.82	2.38	37.0096	3.56	1.45
13.585417	5.5	-14.452778	NA	48.6389	46.3312	32.1382	50.3648	44.9266	32.052	38.2405	41.8459	31.6229	45.3191	41.1687	32.2253	35.6334	39.4228	33.2447	38.5853	37.3237	44.4799	7.21	3.22	38.3749	5.54	2.26	36.0725	2.90	1.18
13.710417	5.625	-14.327778	NA	47.1549	45.1143	32.2691	49.6138	44.4091	31.8919	36.8521	41.9283	32.008	44.6829	40.4431	31.9545	35.1393	38.7047	33.5325	37.9698	36.5094	43.7122	6.71	3.00	37.9677	5.30	2.16	35.6350	2.60	1.06
13.835417	5.75	-14.202778	NA	43.4968	44.4208	32.0519	48.5465	42.3503	31.3836	34.3534	41.2233	30.3341	43.2827	39.4303	32.7543	35.076	37.7969	33.529	37.7715	36.3051	42.1733	6.12	2.74	36.6679	5.40	2.20	35.5388	2.13	0.87
13.960417	5.875	-14.077778	NA	41.1752	43.2469	31.5372	46.6039	40.9263	30.5007	33.2509	40.2829	30.4056	42.1503	39.3607	30.7937	34.6225	36.3589	32.2366	37.4783	36.0675	40.6979	5.60	2.51	35.9918	5.23	2.13	34.5929	2.59	1.06
14.085417	6	-13.952778	NA	42.6506	42.8655	34.1558	46.3809	41.5736	33.1267	35.1801	40.4768	33.1409	41.5138	39.6153	32.5876	34.7451	36.8055	34.0515	37.2659	35.8192	41.5253	4.50	2.01	37.1756	3.80	1.55	35.2125	1.77	0.72
14.210417	6.125	-13.827778	NA	44.7446	43.2617	34.546	47.1867	42.7105	34.5581	37.4833	40.6707	34.2085	40.9357	39.8699	34.391	34.8678	37.252	35.1471	37.0536	35.5708	42.4899	4.77	2.13	37.9544	3.02	1.23	35.7137	1.18	0.48
14.335417	6.25	-13.702778	NA	39.3265	41.1335	30.5063	44.4644	39.202	31.287	33.936	38.4055	30.8169	39.207	37.647	32.5398	33.7083	36.8772	32.4503	35.8125	34.4845	38.9265	5.16	2.31	35.2166	3.70	1.51	34.3121	1.78	0.73
14.460417	6.375	-13.577778	NA	38.2506	39.7462	29.5651	42.6945	37.9533	30.5111	33.4568	37.1076	29.2429	37.8928	35.8436	31.8544	31.903	34.8861	31.4451	34.4897	33.1578	37.6419	4.89	2.19	34.0091	3.56	1.45	32.9560	1.46	0.60
14.585417	6.5	-13.452778	NA	36.8215	38.9521	28.7762	40.7847	37.2995	29.0575	30.4177	36.5015	28.2858	36.5349	34.6206	30.1595	31.3429	33.3978	30.8242	33.0213	32.0966	36.5268	4.60	2.06	32.5697	3.76	1.54	31.8071	1.26	0.52
14.710417	6.625	-13.327778	NA	35.0623	36.9605	28.0761	38.8856	34.9169	29.2863	30.7203	35.0761	27.5334	34.7606	34.1439	29.5784	31.0236	32.7306	29.7605	31.8562	31.3481	34.7803	4.08	1.83	31.9201	3.18	1.30	31.0496	1.22	0.50
14.835417	6.75	-13.202778	NA	33.2874	34.529	27.3962	35.665	33.1762	27.5301	28.1277	32.7295	26.8453	32.7317	31.8155	28.4157	29.9077	31.2274	29.1247	30.8517	30.3081	32.8108	3.19	1.43	29.9633	2.75	1.12	29.9725	1.06	0.43
14.960417	6.875	-13.077778	NA	34.2827	34.5863	26.7861	36.4151	33.9019	26.2989	29.6269	32.3734	26.4083	33.7863	31.9431	27.641	28.806	30.3876	28.5911	30.0603	29.5721	33.1944	3.71	1.66	30.0728	3.18	1.30	29.1763	1.02	0.42
15.085417	7	-12.952778	NA	33.6201	35.8257	26.7728	37.1207	33.6546	27.1849	27.8615	33.1311	26.634	33.8187	31.6928	27.0356	29.0602	30.8958	28.6447	30.7506	30.0334	33.3988	3.99	1.79	30.0538	3.20	1.30	29.4034	1.47	0.60
15.210417	7.125	-12.827778	NA	34.3408	35.6772	28.1765	37.4351	33.405	27.6099	28.493	33.5393	27.2634	33.77	31.3278	27.8672	29.9074	32.072	29.0203	31.938	30.5295	33.8069	3.49	1.56	30.3339	2.94	1.20	30.2224	1.65	0.67
15.335417	7.25	-12.702778	NA	34.4664	36.1134	29.829	37.8146	34.2694	29.9111	28.9684	33.6357	29.3499	33.8309	31.7539	29.4604	30.9657	32.3979	30.6792	32.426	31.1652	34.4986	2.98	1.33	31.2416	2.15	0.88	31.1824	1.12	0.46
15.460417	7.375	-12.577778	NA	35.5235	35.6839	29.9207	37.5713	34.4534	30.1204	30.1177	33.8674	29.6788	33.4973	32.231	29.6374	31.4242	32.3554	30.894	32.7109	31.0988	34.6306	2.86	1.28	31.5854	1.86	0.76	31.3535	1.10	0.45
15.585417	7.5	-12.452778	NA	35.4846	35.3259	30.1283	36.8132	33.6667	29.9303	29.6481	33.2591	29.7122	32.6218	30.9999	29.4068	30.6357	32.6314	31.403	32.4913	30.656	34.2837	2.58	1.15	31.0286	1.57	0.64	31.2040	1.23	0.50
15.710417	7.625	-12.327778	NA	34.9853	35.166	30.0972	36.7914	34.1996	29.4263	29.3707	33.39	29.5425	33.5878	31.4456	28.9196	30.0265	32.0559	31.6251	31.6521	30.3969	34.2479	2.50	1.12	31.1272	1.99	0.81	30.7794	1.21	0.49
15.835417	7.75	-12.202778	NA	34.8637	34.9553	29.7963	36.4624	34.1228	30.0536	30.8056	33.6863	29.5592	33.0196	32.4888	30.8947	30.7713	31.5023	30.9585	30.9331	30.3195	34.0401	2.52	1.13	31.6022	1.69	0.69	30.8966	0.38	0.16
15.960417	7.875	-12.077778	NA	34.8549	34.8272	28.8537	36.6307	33.922	29.7777	30.2085	33.3628	28.6209	33.4323	31.9574	29.9589	30.5456	31.2033	30.9321	30.9001	30.3476	33.8177	2.94	1.32	31.2266	1.99	0.81	30.6479	0.45	0.19
16.085417	8	-11.952778	NA	34.8509	34.7339	29.315	37.03	33.7188	29.874	29.6259	32.8537	29.2755	34.2753	31.1404	29.2211	30.421	30.7578	31.3143	31.3102	30.5634	33.9297	2.85	1.27	31.1741	2.01	0.82	30.5980	0.77	0.31
16.210417	8.125	-11.827778	NA	34.7413	34.9095	31.4601	36.8975	34.3685	32.051	31.8774	32.5624	31.3937	32.9603	33.4695	30.895	30.1836	31.1801	32.5979	31.4581	29.9462	34.4754	1.95	0.87	32.3857	0.76	0.31	31.0435	0.96	0.39
16.335417	8.25	-11.702778	NA	33.7879	34.8823	29.9171	36.1678	33.6356	30.716	29.4741	31.8258	29.9704	33.2948	30.7362	29.6774	30.0524	30.8451	31.6146	30.9589	29.5741	33.6781	2.33	1.04	31.0029	1.38	0.56	30.4537	0.81	0.33
16.460417	8.375	-11.577778	NA	36.2211	35.3027	30.1242	36.2569	34.5909	30.3183	33.0903	32.7614	29.7357	33.7216	32.7062	32.1643	30.5373	31.0334	32.5944	30.6826	29.892	34.4992	2.54	1.14	32.0556	1.62	0.66	31.1507	1.03	0.42
16.585417	8.5	-11.452778	NA	33.7283	34.1122	29.8962	35.4512	32.8753	29.7374	30.1086	31.992	29.5527	31.9935	30.2377	30.0021	29.9352	30.098	30.9974	30.8466	29.9877	33.2126	2.07	0.93	30.6037	1.10	0.45	30.3112	0.48	0.20
16.710417	8.625	-11.327778	NA	33.0239	33.6756	28.4342	34.7115	32.0283	28.1331	28.8948	31.2478	28.8285	31.3646	30.1981	28.8074	29.0871	29.221	29.3928	30.2523	29.4562	32.3747	2.41	1.08	29.7778	1.36	0.56	29.3695	0.49	0.20
16.835417	8.75	-11.202778	NA	32.165	33.2208	28.2855	34.0015	31.9354	28.069	29.5505	30.885	28.1337	31.0718	29.9358	28.346	29.0931	29.3033	28.895	29.8184	28.4979	31.9216	2.20	0.98	29.6076	1.30	0.53	28.9923	0.54	0.22
16.960417	8.875	-11.077778	NA	30.8485	31.8166	27.5468	33.0518	30.914	27.0424	27.1121	30.5448	27.1011	29.0681	29.2135	27.5442	28.1723	28.6088	28.5235	28.9761	27.9438	30.8355	2.04	0.91	28.3470	1.48	0.60	28.2948	0.51	0.21
17.085417	9	-10.952778	NA	30.2766	31.2821	27.5477	32.2547	30.5084	26.9876	28.1355	30.2882	26.9239	28.4049	28.2	28.2962	27.0924	27.8973	27.9763	28.1095	27.6277	30.3739	1.76	0.79	28.1567	1.22	0.50	27.8332	0.43	0.17
17.210417	9.125	-10.827778	NA	30.5276	30.6172	26.5052	31.5468	29.6277	25.4119	27.4848	29.7495	25.5507	29.4455	29.2385	27.3365	26.4905	27.4798	27.1444	27.9345	27.3322	29.7649	1.94	0.87	27.8135	1.97	0.80	27.2863	0.47	0.19
17.335417	9.25	-10.702778	NA	29.5624	30.5236	25.9713	31.3864	29.0802	25.5667	26.7716	29.9474	25.8329	29.0608	28.1647	26.8711	27.0962	28.164	27.3588	27.9886	27.5516	29.3048	2.06	0.92	27.5573	1.78	0.73	27.5051	0.50	0.20
17.460417	9.375	-10.577778	NA	29.1476	30.6793	26.5536	31.0523	29.1496	26.5403	26.5259	28.862	26.1872	29.8991	27.9807	26.5597	27.3466	27.2238	27.4846	27.8331	27.4128	29.3165	1.77	0.79	27.6659	1.50	0.61	27.3101	0.42	0.17
17.585417	9.5	-10.452778	NA	28.5031	30.452	26.0742	30.38	28.7885	25.4971	25.6374	28.477	25.26	28.8616	27.1126	26.7412	26.8639	27.193	26.9936	27.9007	27.0512	28.8396	1.78	0.80	26.8076	1.59	0.65	27.1239	0.41	0.17
17.710417	9.625	-10.327778	NA	28.4118	30.2158	25.0938	30.2322	28.5537	25.6158	25.3285	28.4034	24.9974	27.7327	26.6936	26.0631	27.0767	27.2665	26.0137	27.6521	26.9527	28.5015	2.10	0.94	26.4619	1.38	0.57	26.8375	0.66	0.27
17.835417	9.75	-10.202778	NA	27.6945	29.6255	24.8241	29.4403	27.7359	25.376	25.3107	28.0068	24.7996	27.1929	26.9153	25.8389	26.7869	26.9168	26.211	26.8472	26.6078	27.8641	1.93	0.86	26.2669	1.28	0.52	26.5348	0.42	0.17
17.960417	9.875	-10.077778	NA	28.9908	29.3882	25.6212	29.2836	28.2518	25.1361	26.6113	27.9944	25.3124	27.1194	27.7222	25.6147	26.0752	27.0306	26.4082	26.4081	26.3914	28.3071	1.57	0.70	26.6493	1.20	0.49	26.3214	0.47	0.19
18.085417	10	-9.952778	NA	29.1396	29.5722	25.2677	29.7709	28.7813	24.7034	26.51	28.2238	23.8868	26.9441	28.1779	25.301	26.1733	27.45	26.4038	27.2186	26.6772	28.5063	1.85	0.83	26.4077	1.79	0.73	26.5373	0.77	0.32
18.210417	10.125	-9.827778	NA	28.2651	28.6704	24.4337	29.0316	28.3848	24.0024	25.5533	27.3811	23.682	26.0918	26.817	24.7112	26.2556	26.4832	24.6859	26.5649	25.8223	27.7571	1.88	0.84	25.5879	1.49	0.61	25.7538	0.86	0.35
18.335417	10.25	-9.702778	NA	26.9028	27.8915	23.8131	28.0545	27.259	23.2385	24.8749	26.927	23.9446	25.424	25.6658	24.6311	24.5346	24.6702	24.9208	25.8278	25.5631	26.7842	1.73	0.77	25.0125	1.31	0.53	25.0246	0.54	0.22
18.460417	10.375	-9.577778	NA	25.6284	27.4376	23.0032	27.6169	26.3179	22.2124	24.549	25.7999	23.259	25.0006	25.7169	24.1893	24.0191	24.8533	24.684	25.0851	24.5128	26.0008	1.86	0.83	24.4230	1.43	0.58	24.5573	0.40	0.16
18.585417	10.5	-9.452778	NA	25.1507	26.9873	23.2098	27.0653	25.5456	22.3024	24.3171	25.7775	22.8677	24.8704	25.2596	23.7965	23.2811	25.1927	23.9492	24.2343	25.2307	25.5917	1.58	0.71	24.2325	1.37	0.56	24.2808	0.78	0.32
18.710417	10.625	-9.327778	NA	25.1427	26.8909	22.8811	26.5902	25.3955	22.5974	24.1982	24.9372	22.4754	25.3385	24.3491	24.458	24.3804	24.5545	23.7151	25.0132	24.6238	25.3801	1.58	0.71	23.9826	1.19	0.49	24.4575	0.42	0.17
18.835417	10.75	-9.202778	NA	25.3103	25.8816	22.9535	26.5592	25.1312	22.5132	23.0291	25.5017	22.5023	25.4478	24.2983	24.535	24.2197	23.9712	23.6073	25.1655	24.1905	25.1672	1.36	0.61	23.8821	1.40	0.57	24.2815	0.53	0.22
18.960417	10.875	-9.077778	NA	25.2543	25.2763	23.396	26.2764	24.9839	22.4489	22.4043	24.7954	22.29	24.5729	24.5439	24.4809	23.8657	23.9302	24.1283	24.5065	24.5589	25.0374	1.04	0.47	23.5092	1.24	0.51	24.2451	0.31	0.13
19.085417	11	-8.952778	NA	25.0481	25.5982	22.6661	25.44	25.1974	22.3999	22.938	24.2678	22.6566	23.643	24.3372	23.6879	23.4718	23.4303	23.7555	24.3917	23.8632	24.7900	1.21	0.54	23.3738	0.83	0.34	23.7667	0.35	0.14
19.210417	11.125	-8.827778	NA	24.8515	25.7993	22.6821	24.8699	25.0235	22.5125	23.5144	23.8765	22.7443	23.123	24.0708	22.4887	22.8257	23.9976	23.2046	23.6401	23.6371	24.6453	1.16	0.52	23.3069	0.62	0.25	23.2990	0.57	0.23
19.335417	11.25	-8.702778	NA	24.7014	25.3842	22.5709	25.1625	24.6311	22.2433	22.9789	24.3833	22.4832	23.5963	23.5016	22.9923	22.983	22.9561	23.403	23.9664	23.8694	24.4900	1.12	0.50	23.1978	0.79	0.32	23.3617	0.46	0.19
19.460417	11.375	-8.577778	NA	24.2047	24.8695	22.7855	25.7443	24.508	22.5764	22.3592	24.3462	22.5194	24.1347	23.5456	23.449	23.3547	23.4052	23.6043	24.0695	23.8939	24.4224	1.08	0.48	23.2469	0.88	0.36	23.6294	0.29	0.12
19.585417	11.5	-8.452778	NA	23.8881	24.9774	22.318	25.2495	24.3293	22.7102	22.6421	24.3117	22.1633	23.448	23.9193	23.0636	23.3902	23.7079	23.6151	24.1564	23.0193	24.1525	1.16	0.52	23.1991	0.83	0.34	23.4921	0.43	0.18
19.710417	11.625	-8.327778	NA	24.2712	25.0748	21.1965	24.4697	24.2558	22.0495	22.1281	23.6896	21.5571	22.9577	24.0164	23.1871	23.5213	23.7298	23.0556	24.4423	23.6416	23.8536	1.52	0.68	22.7331	0.98	0.40	23.5963	0.49	0.20
19.835417	11.75	-8.202778	NA	24.2846	24.7281	22.436	24.5348	24.3461	21.783	22.3462	23.5511	21.6657	23.0887	23.6348	23.1567	22.7834	24.0591	22.5726	23.6307	23.7266	24.0659	0.93	0.41	22.6782	0.87	0.36	23.3215	0.58	0.24
19.960417	11.875	-8.077778	NA	24.0155	24.0593	22.3274	24.5234	24.1072	21.629	22.0879	23.4375	22.507	23.1459	23.1915	22.3175	22.591	23.6536	22.8629	23.7771	23.321	23.8066	0.85	0.38	22.6665	0.71	0.29	23.0872	0.59	0.24
20.085417	12	-7.952778	NA	24.09	24.4237	22.4024	24.3375	24.0346	21.245	22.866	23.0956	21.4173	22.9793	23.0922	22.8095	23.4883	23.1937	21.9294	23.6096	22.8423	23.8576	0.83	0.37	22.4492	0.87	0.36	22.9788	0.61	0.25
20.210417	12.125	-7.827778	NA	23.4905	24.1595	22.0779	24.5392	23.8736	21.9789	23.3353	23.8613	21.8942	22.8645	22.8132	23.0443	22.4911	23.1497	22.0747	23.3114	23.3907	23.6281	0.95	0.42	22.7912	0.76	0.31	22.9103	0.52	0.21
20.335417	12.25	-7.702778	NA	23.751	23.9361	22.1742	24.3638	23.9212	22.1392	22.3938	23.3839	22.1849	23.0099	22.8694	22.765	22.8741	22.8517	22.1047	23.0872	23.4718	23.6293	0.84	0.38	22.6635	0.50	0.20	22.8591	0.45	0.18
20.460417	12.375	-7.577778	NA	24.0582	23.7376	21.9693	24.4576	23.743	21.3507	22.5561	22.5871	21.0439	22.8353	23.0233	22.7218	23.2889	22.85	22.6022	22.7607	22.7331	23.5931	0.95	0.43	22.2327	0.83	0.34	22.8261	0.24	0.10
20.585417	12.5	-7.452778	NA	23.0529	23.5369	21.8697	23.7977	23.3645	21.2214	22.598	22.3706	21.4664	21.8618	22.5615	22.7905	22.9303	22.7888	22.82	22.8093	21.9841	23.1243	0.75	0.34	22.0133	0.59	0.24	22.6872	0.35	0.14
20.710417	12.625	-7.327778	NA	22.246	23.5268	21.0246	23.4565	23.2975	21.0347	22.2096	22.3921	21.2592	21.5764	21.8848	22.359	23.071	22.2367	21.7196	22.231	22.8382	22.7103	1.08	0.48	21.7261	0.53	0.22	22.4093	0.48	0.20
20.835417	12.75	-7.202778	NA	22.2916	23.4557	21.5233	23.5171	22.7708	21.7126	21.5585	22.6891	22.0005	21.6195	21.3823	21.4065	21.7248	21.8046	21.858	22.0028	22.659	22.7117	0.84	0.37	21.8271	0.47	0.19	21.9093	0.42	0.17
20.960417	12.875	-7.077778	NA	22.5196	23.0486	21.5843	23.1456	22.4098	22.1067	21.1316	23.3709	22.1406	21.7279	21.1897	22.2511	22.4348	21.1793	22.6269	22.334	23.2285	22.5416	0.62	0.28	21.9446	0.82	0.34	22.3424	0.67	0.27
21.085417	13	-6.952778	NA	22.6122	23.2524	21.6263	23.3148	22.5209	22.214	21.1251	23.4902	22.2121	21.8207	21.269	22.7099	22.5358	21.4051	22.758	22.4751	23.3169	22.6653	0.68	0.31	22.0219	0.85	0.35	22.5335	0.63	0.26
21.210417	13.125	-6.827778	NA	22.6502	23.4561	21.6688	23.484	22.632	22.2845	21.2328	23.6095	22.2831	21.9134	21.3482	22.7153	22.6369	21.631	22.7313	22.6163	23.4053	22.7782	0.75	0.33	22.1119	0.86	0.35	22.6227	0.57	0.23
21.335417	13.25	-6.702778	NA	22.6881	23.6599	21.7113	23.6532	22.743	22.3549	21.3405	23.7288	22.3541	22.0061	21.4274	22.7206	22.7379	21.8569	22.7047	22.7574	23.4937	22.8911	0.81	0.36	22.2020	0.87	0.35	22.7119	0.52	0.21
21.460417	13.375	-6.577778	NA	22.7261	23.8636	21.7537	23.8223	22.8541	22.4254	21.4482	23.8481	22.4251	22.0988	21.5067	22.726	22.8389	22.0828	22.678	22.8986	23.5821	23.0040	0.88	0.39	22.2920	0.87	0.36	22.8011	0.48	0.20
21.585417	13.5	-6.452778	NA	22.764	24.0674	21.7962	23.9915	22.9652	22.4958	21.5559	23.9674	22.4961	22.1916	21.5859	22.7314	22.94	22.3086	22.6513	23.0397	23.6705	23.1169	0.94	0.42	22.3821	0.88	0.36	22.8903	0.46	0.19
21.710417	13.625	-6.327778	NA	22.802	24.2711	21.8387	24.1607	23.0763	22.5663	21.6635	24.0867	22.5671	22.2843	21.6651	22.7368	23.041	22.5345	22.6246	23.1809	23.7589	23.2298	1.01	0.45	22.4722	0.89	0.36	22.9794	0.45	0.19
21.835417	13.75	-6.202778	NA	22.8399	24.4749	21.8811	24.3299	23.1874	22.6368	21.7712	24.206	22.6381	22.377	21.7444	22.7422	23.1421	22.7604	22.5979	23.322	23.8473	23.3426	1.08	0.48	22.5622	0.90	0.37	23.0686	0.47	0.19
21.960417	13.875	-6.077778	NA	22.8779	24.6786	21.9236	24.4991	23.2985	22.7072	21.8789	24.3253	22.7091	22.4697	21.8236	22.7476	23.2431	22.9862	22.5713	23.4631	23.9357	23.4555	1.15	0.51	22.6523	0.91	0.37	23.1578	0.50	0.20
22.085417	14	-5.952778	NA	22.9158	24.8824	21.9661	24.6683	23.4095	22.7777	21.9866	24.4446	22.7801	22.5625	21.9028	22.753	23.3441	23.2121	22.5446	23.6043	24.0241	23.5684	1.22	0.55	22.7424	0.92	0.37	23.2470	0.54	0.22
22.210417	14.125	-5.827778	NA	22.9538	25.0862	22.0085	24.8374	23.5206	22.8481	22.0943	24.5639	22.8511	22.6552	21.982	22.7584	23.4452	23.438	22.5179	23.7454	24.1125	23.6813	1.29	0.58	22.8324	0.93	0.38	23.3362	0.60	0.24
22.335417	14.25	-5.702778	NA	22.9917	25.2899	22.051	25.0066	23.6317	22.9186	22.202	24.6832	22.9221	22.7479	22.0613	22.7637	23.5462	23.6638	22.4912	23.8866	24.201	23.7942	1.36	0.61	22.9225	0.94	0.38	23.4254	0.66	0.27
22.460417	14.375	-5.577778	NA	23.0297	25.4937	22.0935	25.1758	23.7428	22.9891	22.3097	24.8025	22.9931	22.8406	22.1405	22.7691	23.6472	23.8897	22.4645	24.0277	24.2894	23.9071	1.43	0.64	23.0126	0.95	0.39	23.5146	0.73	0.30
22.585417	14.5	-5.452778	NA	23.0677	25.6974	22.1359	25.345	23.8539	23.0595	22.4174	24.9218	23.0641	22.9334	22.2197	22.7745	23.7483	24.1156	22.4379	24.1689	24.3778	24.0200	1.50	0.67	23.1027	0.96	0.39	23.6038	0.81	0.33
22.710417	14.625	-5.327778	NA	23.1056	25.9012	22.1784	25.5142	23.9649	23.13	22.5251	25.0411	23.1351	23.0261	22.299	22.7799	23.8493	24.3415	22.4112	24.31	24.4662	24.1329	1.58	0.70	23.1927	0.97	0.40	23.6930	0.88	0.36
22.835417	14.75	-5.202778	NA	23.1436	26.1049	22.2209	25.6834	24.076	23.2005	22.6328	25.1604	23.2061	23.1188	22.3782	22.7853	23.9504	24.5673	22.3845	24.4512	24.5546	24.2458	1.65	0.74	23.2828	0.98	0.40	23.7822	0.96	0.39
22.960417	14.875	-5.077778	NA	23.1815	26.3087	22.2633	25.8526	24.1871	23.2709	22.7404	25.2797	23.2771	23.2116	22.4574	22.7907	24.0514	24.7932	22.3578	24.5923	24.643	24.3586	1.72	0.77	23.3728	0.99	0.40	23.8714	1.04	0.43
23.085417	15	-4.952778	NA	23.2195	26.5124	22.3058	26.0217	24.2982	23.3414	22.8481	25.399	23.3481	23.3043	22.5367	22.7961	24.1524	25.0191	22.3311	24.7335	24.7314	24.4715	1.79	0.80	23.4629	1.00	0.41	23.9606	1.13	0.46
23.210417	15.125	-4.827778	NA	23.2574	26.7162	22.3482	26.1909	24.4093	23.4118	22.9558	25.5183	23.4191	23.397	22.6159	22.8015	24.2535	25.2449	22.3045	24.8746	24.8198	24.5844	1.87	0.83	23.5530	1.02	0.41	24.0498	1.21	0.49
23.335417	15.25	-4.702778	NA	23.2954	26.9199	22.3907	26.3601	24.5204	23.4823	23.0635	25.6376	23.4901	23.4897	22.6951	22.8069	24.3545	25.4708	22.2778	25.0158	24.9082	24.6973	1.94	0.87	23.6430	1.03	0.42	24.1390	1.30	0.53
23.460417	15.375	-4.577778	NA	23.3333	27.1237	22.4332	26.5293	24.6314	23.5528	23.1712	25.7569	23.5611	23.5825	22.7744	22.8122	24.4555	25.6967	22.2511	25.1569	24.9966	24.8102	2.01	0.90	23.7332	1.04	0.42	24.2282	1.38	0.56
23.585417	15.5	-4.452778	NA	23.3713	27.3274	22.4756	26.6985	24.7425	23.6232	23.2789	25.8762	23.6321	23.6752	22.8536	22.8176	24.5566	25.9226	22.2244	25.298	25.085	24.9231	2.08	0.93	23.8232	1.05	0.43	24.3174	1.47	0.60
23.710417	15.625	-4.327778	NA	23.1339	26.82	22.5169	26.1361	24.0046	22.8083	23.0464	25.6659	22.9602	23.6309	22.9502	23.3291	24.5892	25.5782	22.8533	25.0653	24.9642	24.5223	1.88	0.84	23.5103	1.09	0.45	24.3966	1.07	0.44
23.835417	15.75	-4.202778	NA	23.3922	25.7899	22.4637	25.4719	23.6092	21.8371	22.1536	24.9566	22.5378	22.9214	22.5352	23.1741	24.321	24.014	21.6528	24.3649	24.3134	24.1454	1.43	0.64	22.8236	1.11	0.45	23.6400	1.07	0.44
23.960417	15.875	-4.077778	NA	23.5733	25.4912	20.9566	25.5253	23.7363	20.6511	21.6255	24.6109	21.0574	22.4962	22.371	22.4701	24.0615	23.157	20.9949	24.7046	24.4542	23.8565	1.87	0.84	22.1353	1.41	0.58	23.3071	1.41	0.57
24.085417	16	-3.952778	NA	23.5847	25.2897	19.875	25.5687	23.852	19.4463	21.3236	24.7694	19.7818	22.8069	22.6531	21.676	23.7589	23.7767	20.442	24.6183	24.4925	23.6340	2.27	1.02	21.7968	2.02	0.82	23.1274	1.69	0.69
24.210417	16.125	-3.827778	NA	23.4375	24.7854	23.0598	24.2885	23.0216	22.1925	22.0049	24.8174	22.5155	22.6214	22.7463	21.6102	23.4291	23.6474	21.6703	24.4297	24.4434	23.7186	0.78	0.35	22.8163	1.02	0.42	23.2050	1.28	0.52
24.335417	16.25	-3.702778	NA	22.1519	24.134	21.795	22.8674	21.8849	21.2156	20.5656	23.8733	21.0508	22.1844	21.9789	20.2349	23.038	22.5019	20.9795	23.7961	23.9748	22.5666	0.97	0.43	21.8114	1.18	0.48	22.4209	1.52	0.62
24.460417	16.375	-3.577778	NA	21.074	23.443	21.4874	22.5919	21.4418	20.5098	20.3195	22.6386	20.3737	21.0663	20.9148	20.8532	22.5739	22.2246	20.9059	22.8264	23.0581	22.0076	0.98	0.44	20.9704	0.87	0.36	22.0737	0.97	0.39
24.585417	16.5	-3.452778	NA	20.5236	22.7579	20.9472	22.3707	21.56	21.2795	19.4671	22.2621	20.8626	20.7659	20.8088	20.4565	21.8149	22.0853	21.0609	22.2404	22.079	21.6319	0.94	0.42	20.9077	0.90	0.37	21.6228	0.71	0.29
24.710417	16.625	-3.327778	NA	20.0857	22.3337	20.5193	21.7862	20.587	19.5295	19.45	21.7506	20.2514	19.9323	20.3524	20.2102	21.5017	21.6912	20.5413	21.7945	21.3391	21.0624	0.95	0.43	20.2110	0.84	0.34	21.1797	0.65	0.27
24.835417	16.75	-3.202778	NA	20.3765	22.2116	20.2872	21.4383	20.0559	20.2413	19.502	21.5486	19.6122	19.0475	20.0428	19.6917	21.3108	22.6473	20.3633	21.244	22.0191	20.8739	0.92	0.41	19.9991	0.87	0.35	21.2127	1.07	0.44
24.960417	16.875	-3.077778	NA	19.6649	21.9699	20.627	21.2163	19.776	18.8831	19.2173	21.6833	19.2972	20.0465	19.3365	20.0525	20.2913	22.2119	20.5806	20.9565	21.5641	20.6508	0.97	0.44	19.7440	1.02	0.42	20.9428	0.82	0.33
25.085417	17	-2.952778	NA	19.3034	21.0842	19.2627	20.664	19.7013	19.6331	18.7474	21.1806	19.4237	19.7632	18.5711	19.1216	19.5723	20.6502	19.6196	20.535	21.0903	20.0031	0.83	0.37	19.5532	0.93	0.38	20.0982	0.77	0.31
25.210417	17.125	-2.827778	NA	18.5302	20.2971	19.2855	19.8554	19.0874	17.5383	17.9155	19.9686	18.7415	18.132	18.1914	18.337	19.8326	19.6059	18.7476	19.6657	20.2244	19.4111	0.69	0.31	18.4145	0.86	0.35	19.4022	0.71	0.29
25.335417	17.25	-2.702778	NA	18.511	19.6635	18.1488	19.0008	18.954	18.0498	17.4846	19.4718	18.2188	17.8336	18.3995	18.0356	18.2843	18.8038	18.2877	19.3364	18.964	18.8556	0.57	0.26	18.2430	0.68	0.28	18.6186	0.50	0.20
25.460417	17.375	-2.577778	NA	18.7129	19.2901	18.5369	18.808	18.924	18.4104	17.2212	19.157	17.9075	17.7624	17.5954	17.8512	18.9922	19.163	18.5851	19.1434	19.1779	18.8544	0.28	0.13	18.0090	0.68	0.28	18.8188	0.52	0.21
25.585417	17.5	-2.452778	NA	18.3672	19.1767	18.0873	18.9797	18.5179	17.9017	17.1961	18.5435	17.3723	17.3374	18.0717	17.8422	18.7989	18.8466	17.2377	18.4745	18.4163	18.6258	0.45	0.20	17.7371	0.52	0.21	18.2694	0.62	0.25
25.710417	17.625	-2.327778	NA	18.622	19.2728	17.6433	18.6877	18.6035	18.3946	17.2345	18.2794	18.2879	17.5886	18.0632	17.6429	18.5871	17.9763	18.0085	18.1879	18.188	18.5659	0.59	0.26	17.9747	0.46	0.19	18.0984	0.31	0.13
25.835417	17.75	-2.202778	NA	18.36	19.5327	18.2026	18.6486	18.3129	17.7685	17.7824	18.1981	17.9907	17.6461	18.156	17.3382	19.0712	18.1507	18.2657	19.0399	18.5823	18.6114	0.54	0.24	17.9236	0.23	0.09	18.4080	0.65	0.26
25.960417	17.875	-2.077778	NA	18.6922	19.4077	18.68	19.29	18.4954	18.4692	17.5643	18.6537	18.2757	18.039	18.5278	18.7385	19.4946	17.8489	18.7816	18.7434	19.1781	18.9131	0.41	0.18	18.2550	0.40	0.16	18.7975	0.55	0.23
26.085417	18	-1.952778	NA	18.0865	19.1703	18.9213	19.4096	18.2778	17.767	18.0204	18.3748	17.8689	18.5821	18.7093	17.46	19.3495	17.5671	18.3662	18.1254	19.0466	18.7731	0.57	0.26	18.2204	0.39	0.16	18.3191	0.77	0.31
26.210417	18.125	-1.827778	NA	18.2874	19.063	18.3789	19.1279	18.2302	19.0097	17.0985	18.6234	17.8705	18.231	18.0182	17.5282	18.9932	18.5918	18.1026	18.7509	19.3164	18.6175	0.44	0.20	18.1419	0.66	0.27	18.5472	0.64	0.26
26.335417	18.25	-1.702778	NA	18.9396	19.287	17.9266	19.2856	18.8728	17.8038	18.0942	19.0737	17.311	18.0669	18.2441	17.891	18.3112	18.3966	18.3757	18.9057	19.6594	18.8623	0.56	0.25	18.0989	0.58	0.24	18.5899	0.62	0.25
26.460417	18.375	-1.577778	NA	18.9143	19.9126	19.2677	19.9364	19.723	18.7721	18.6194	19.4387	18.7461	18.7955	19.1877	19.3009	19.1267	18.7543	19.2638	19.1219	20.3203	19.5508	0.45	0.20	18.9266	0.32	0.13	19.3147	0.53	0.22
26.585417	18.5	-1.452778	NA	20.1038	20.8999	19.1181	20.2602	19.7822	19.1962	18.7342	20.1592	19.301	19.3943	19.1549	18.7955	19.5192	19.4602	20.3352	19.6096	20.8294	20.0328	0.65	0.29	19.3233	0.47	0.19	19.7582	0.72	0.29
26.710417	18.625	-1.327778	NA	20.1419	20.8859	20.5164	20.4592	19.994	19.3921	19.1188	20.2454	19.044	19.5919	19.8376	19.1654	20.6651	19.9889	19.9451	20.0446	20.853	20.3995	0.35	0.16	19.5383	0.45	0.19	20.1104	0.60	0.24
26.835417	18.75	-1.202778	NA	21.054	20.5413	20.6589	20.93	20.8365	20.6535	19.6932	20.5537	20.356	19.9564	20.2712	20.0429	21.3149	19.4777	20.419	20.2046	21.0928	20.8041	0.21	0.09	20.2473	0.36	0.15	20.4253	0.68	0.28
26.960417	18.875	-1.077778	NA	21.3659	20.7713	20.5327	21.0015	20.7975	19.3938	20.6066	20.4881	20.9579	19.9458	19.9861	20.1225	21.6712	19.675	20.3112	20.8579	21.8241	20.8938	0.31	0.14	20.2297	0.56	0.23	20.7436	0.87	0.35
27.085417	19	-0.952778	NA	21.1114	20.3624	20.4793	20.6056	21.089	20.5119	20.0321	19.8867	19.8446	20.057	20.2429	19.7173	21.6764	19.6978	20.9898	20.5338	21.6112	20.7295	0.35	0.16	20.0959	0.25	0.10	20.7044	0.88	0.36
27.210417	19.125	-0.827778	NA	20.7066	19.9521	19.5538	20.7386	20.6881	20.4417	18.9843	19.7093	20.3415	20.5896	20.5141	18.9276	21.5232	18.6717	19.8623	19.8263	21.5702	20.3278	0.54	0.24	20.0968	0.63	0.26	20.0635	1.24	0.51
27.335417	19.25	-0.702778	NA	20.3487	19.7342	19.5682	20.6607	20.1357	20.2497	19.1738	19.4878	19.7919	19.6847	19.3468	19.3584	21.2945	18.2481	19.6623	19.7914	20.7614	20.0895	0.45	0.20	19.6225	0.38	0.16	19.8527	1.07	0.44
27.460417	19.375	-0.577778	NA	19.4465	19.7225	19.6278	19.7165	20.0543	19.5586	18.8217	19.3269	19.5341	19.2317	19.2574	19.2007	21.5457	18.6367	20.4413	19.8507	20.8223	19.7135	0.22	0.10	19.2884	0.27	0.11	20.0829	1.07	0.44
27.585417	19.5	-0.452778	NA	20.0314	19.7895	19.7599	19.8951	20.2026	20.3032	18.5283	19.5423	19.7921	19.321	19.1374	18.8992	20.4985	18.7655	20.356	19.2989	20.5647	19.9357	0.18	0.08	19.4374	0.60	0.25	19.7305	0.83	0.34
27.710417	19.625	-0.327778	NA	21.0471	19.7174	19.3603	20.8706	20.8781	19.5322	19.9236	20.1289	19.3521	19.8217	19.848	19.7678	20.3101	19.1658	19.846	19.2989	19.8708	20.3747	0.78	0.35	19.7677	0.28	0.11	19.7099	0.42	0.17
27.835417	19.75	-0.202778	NA	21.2903	19.7174	19.3603	21.1988	21.1635	19.5189	20.3221	20.1289	19.3521	20.2668	20.3521	19.929	20.3101	19.1658	19.8195	19.2989	19.8708	20.5461	0.93	0.42	19.9901	0.44	0.18	19.7324	0.43	0.17
27.960417	19.875	-0.077778	NA	21.2903	19.7174	19.3603	21.1988	21.1635	19.5189	20.3221	20.1289	19.3521	20.2668	20.3521	19.929	20.3101	19.1658	19.8195	19.2989	19.8708	20.5461	0.93	0.42	19.9901	0.44	0.18	19.7324	0.43	0.17
28.038194	19.952778	0	NA	21.2903	19.7174	19.3603	21.1988	21.1635	19.5189	20.3221	20.1289	19.3521	20.2668	20.3521	19.929	20.3101	19.1658	19.8195	19.2989	19.8708	20.5461	0.93	0.42	19.9901	0.44	0.18	19.7324	0.43	0.17
28.163194	20.077778	0.125	NA	9655.6185	2472.054	8467.4214	3132.1062	8461.0973	10787.3868	9618.4959	9287.7757	8550.7234	5352.1763	6887.6867	434.5761	5257.6833	7464.3977	11832.5026	8954.7327	6406.0492	6437.6595	3362.37	1503.70	8414.0408	1978.40	807.68	6724.9903	3832.21	1564.49
28.288194	20.202778	0.25	NA	15610.5356	4910.0835	10070.965	5939.2133	14282.4887	14006.585	15227.1415	18555.4554	10493.7114	9890.9882	12182.8951	849.2247	10495.0751	14909.656	15883.2119	17890.1983	12792.2504	10162.6572	4798.12	2145.78	13392.7961	3241.17	1323.20	12136.6027	6088.68	2485.69
28.413194	20.327778	0.375	NA	12232.9993	4781.1616	8113.7519	4867.0676	10422.7443	11266.2318	12363.4937	14237.969	8366.1054	7872.6846	10190.7917	1263.8732	9456.6125	12063.5399	12199.3389	15530.0678	11065.8812	8083.5449	3314.45	1482.27	10716.2127	2420.89	988.32	10263.2189	4837.61	1974.95
28.538194	20.452778	0.5	NA	10120.3563	4148.442	7081.6779	4107.3462	8349.4145	9941.8827	10412.9163	12749.7246	7727.2254	7172.2747	9132.4358	1678.5218	7142.4815	9503.0551	9952.3828	12709.7339	8780.3509	6761.4474	2635.27	1178.53	9522.7432	2014.07	822.24	8294.4210	3715.85	1516.99
28.663194	20.577778	0.625	NA	7746.6069	2521.7835	5136.2367	3439.284	6468.5961	7444.7119	7853.6426	9206.3614	6400.6349	5797.8488	6517.0908	2093.1704	4281.0201	6082.6488	7517.7413	8689.101	5690.7134	5062.5014	2137.58	955.96	7203.3817	1231.58	502.79	5725.7325	2341.12	955.76
28.788194	20.702778	0.75	NA	5678.4137	1750.8789	3583.4042	2789.9406	4439.5322	5256.4595	6180.2787	4933.6407	4680.4743	3878.4017	4919.4764	2507.8189	3349.5252	4258.6842	5528.8504	5993.2317	4256.1161	3648.4339	1507.37	674.11	4974.7886	751.80	306.92	4315.7044	1303.42	532.12
28.913194	20.827778	0.875	NA	4684.7144	1729.7701	2767.9381	2452.9508	4026.2378	4514.5775	4506.9148	4521.8323	3405.4469	3274.7864	4111.7788	2922.4675	3049.7048	3632.04	4810.8141	4662.8352	3287.5507	3132.3222	1201.09	537.14	4055.8895	577.45	235.74	3727.5687	819.58	334.59
29.038194	20.952778	1	NA	3903.232	1672.2442	2546.3984	2134.5127	3566.171	3913.9246	3491.2334	4221.4779	3038.2569	2796.8356	3442.9351	2854.6117	2749.8843	3127.8957	4200.4527	3541.8916	2322.771	2764.5117	945.63	422.90	3484.1106	529.40	216.13	3132.9178	661.43	270.03
29.163194	21.077778	1.125	NA	3399.7141	1485.3739	2347.4771	1882.8264	3095.974	3568.313	3113.3138	3906.3798	2815.1656	2570.0007	2976.3163	2610.6482	2328.982	2784.7347	3607.0174	2977.1939	2036.3392	2442.2731	803.37	359.28	3158.2482	495.32	202.21	2724.1526	545.76	222.81
29.288194	21.202778	1.25	NA	2988.3649	1346.0414	2101.8479	1688.2991	2732.3143	3244.3449	2845.6507	3518.0961	2518.0987	2287.3026	2526.9836	2414.6132	2259.5069	2640.8908	3184.7219	2603.2774	1800.4226	2171.3735	689.47	308.34	2823.4128	475.13	193.97	2483.9055	458.77	187.29
29.413194	21.327778	1.375	NA	2632.3486	1234.8377	1903.958	1545.1336	2475.2344	2918.366	2633.3453	3192.3597	2240.4239	2065.1248	2279.6058	2224.7761	2031.5089	2442.2944	2812.5275	2287.2839	1627.133	1958.3025	595.53	266.33	2554.8709	437.99	178.81	2237.5873	397.55	162.30
29.538194	21.452778	1.5	NA	2332.0483	1179.1556	1778.9593	1458.5142	2337.9629	2688.2593	2388.3554	2917.8306	2133.8132	1845.8498	2103.7086	2039.6105	1848.9989	2276.7119	2555.878	2064.9873	1427.289	1817.3281	518.04	231.68	2346.3028	399.95	163.28	2035.5793	383.29	156.48
29.663194	21.577778	1.625	NA	2105.9611	1120.1188	1659.9207	1382.0754	2211.9694	2495.5372	2178.3503	2672.9573	1986.4224	1654.6654	1908.2412	1872.9069	1677.2701	2048.851	2408.779	1880.4162	1332.8002	1696.0091	465.24	208.06	2149.3623	380.59	155.38	1870.1706	360.03	146.98
29.788194	21.702778	1.75	NA	1940.0804	1075.0834	1529.0012	1333.9858	2106.3428	2298.3868	2018.0518	2409.2519	1837.1071	1599.399	1848.0826	1746.2967	1625.8192	1866.1857	2290.3438	1732.7046	1241.351	1596.8987	425.24	190.18	2001.7132	305.59	124.76	1750.4502	340.57	139.04
29.913194	21.827778	1.875	NA	1821.4914	1042.7667	1497.0072	1288.9197	2033.0456	2201.8499	1895.1342	2235.211	1697.3805	1493.1679	1752.2573	1618.3314	1574.7363	1886.7315	2174.9924	1633.454	1174.8626	1536.6461	398.25	178.10	1879.1668	293.02	119.62	1677.1847	334.64	136.62
30.038194	21.952778	2	NA	1673.3435	1029.9632	1401.3877	1242.7725	1957.0574	2201.9188	1735.5114	2147.261	1602.2909	1400.6024	1644.6603	1492.2821	1515.4178	1816.12	2060.024	1558.2123	1129.9685	1460.9049	363.36	162.50	1788.7075	318.83	130.16	1595.3374	316.11	129.05
30.163194	22.077778	2.125	NA	1583.9915	1032.2572	1371.3157	1216.5481	1935.2835	2018.6018	1725.2407	2126.3125	1469.9394	1337.6566	1523.2122	1462.0981	1451.9155	1841.5686	1993.5931	1516.0083	1101.6235	1427.8792	348.64	155.92	1700.1605	316.03	129.02	1561.1345	316.41	129.18
30.288194	22.202778	2.25	NA	1514.2037	1044.0987	1352.8737	1199.5446	1928.3181	2007.3205	1569.3834	2065.8887	1405.6462	1288.9935	1499.8956	1382.9478	1456.1923	1881.172	1946.3506	1500.3202	1084.1874	1407.8078	339.46	151.81	1639.5213	322.19	131.54	1541.8617	323.27	131.98
30.413194	22.327778	2.375	NA	1487.6066	1070.3092	1336.5392	1187.5025	1943.6141	1950.2141	1550.6614	2073.4603	1378.117	1266.2733	1380.9841	1380.804	1478.2669	1955.4795	1932.7863	1519.4222	1101.6651	1405.1143	339.46	151.81	1599.9517	334.01	136.36	1561.4040	330.42	134.89
30.538194	22.452778	2.5	NA	1475.6051	1104.6488	1332.3544	1174.1367	1936.8282	1874.2836	1525.6496	2124.8572	1370.7684	1179.4289	1340.4852	1374.5663	1477.0229	2060.4618	1949.0461	1568.1434	1124.8561	1404.7146	330.38	147.75	1569.2455	359.82	146.89	1592.3494	353.90	144.48
30.663194	22.577778	2.625	NA	1477.8515	1135.3021	1319.7074	1165.5495	1955.5079	1973.131	1502.4759	2125.6725	1268.4115	1198.2545	1338.899	1359.8146	1558.6042	1987.6616	1936.7217	1634.542	1142.7569	1410.7837	333.75	149.26	1567.8074	389.45	158.99	1603.3502	326.58	133.32
30.788194	22.702778	2.75	NA	1456.0872	1144.6711	1283.4169	1159.9036	1932.7374	1928.4061	1365.8039	2155.1859	1261.2165	1192.993	1319.0489	1340.3817	1565.4955	1914.1217	1958.6119	1693.5648	1140.6692	1395.3632	325.30	145.48	1537.1091	401.64	163.97	1602.1408	321.12	131.10
30.913194	22.827778	2.875	NA	1455.0545	1142.897	1208.4461	1147.3678	1899.5027	1890.5422	1342.0748	2200.6791	1256.5992	1118.4354	1345.0621	1320.9487	1511.0106	1908.9019	1949.8899	1739.7065	1125.8922	1370.6536	322.04	144.02	1525.5655	422.69	172.56	1592.7250	330.94	135.11
31.038194	22.952778	3	NA	1446.6599	1146.7882	1296.8626	1138.201	1862.5109	1725.8731	1323.1837	2173.7382	1248.3212	1117.7035	1333.1808	1369.7011	1488.2668	1856.2383	1997.9743	1756.2519	1093.9264	1378.2045	298.75	133.61	1487.0001	393.07	160.47	1593.7265	337.60	137.82
31.163194	23.077778	3.125	NA	1394.296	1139.3562	1250.2764	1132.4381	1816.4165	1596.0706	1309.2539	2077.4921	1177.9404	1087.1832	1279.9775	1339.966	1483.4734	1752.3257	1937.9898	1719.6088	1034.4797	1346.5566	283.33	126.71	1421.3196	364.56	148.83	1544.6406	326.92	133.46
31.288194	23.202778	3.25	NA	1315.2718	1104.7973	1209.1385	1115.9059	1752.5246	1511.4309	1251.0081	1963.3546	1171.9688	983.898	1195.8008	1299.8589	1376.006	1681.4884	1881.1182	1652.0127	985.7142	1299.5276	267.05	119.43	1346.2435	346.84	141.60	1479.3664	322.08	131.49
31.413194	23.327778	3.375	NA	1224.2749	1066.2888	1153.3312	1085.8596	1676.5447	1425.575	1194.0792	1795.1719	1174.2296	931.9591	1176.1471	1195.0183	1325.8892	1618.2343	1838.7726	1555.8755	933.7576	1241.2598	251.13	112.31	1282.8603	295.65	120.70	1411.2579	325.14	132.74
31.538194	23.452778	3.5	NA	1144.5357	1022.4981	1084.3485	1050.0808	1603.4182	1306.084	1101.0938	1664.8926	1105.2775	902.2437	1130.5363	1164.7667	1261.1998	1513.5777	1774.245	1444.1168	878.4841	1180.9763	240.51	107.56	1201.6880	260.61	106.40	1339.3983	309.66	126.42
31.663194	23.577778	3.625	NA	1066.9696	986.2701	1013.8764	1026.0677	1531.9916	1103.1005	1037.6775	1578.987	1013.3904	828.6741	1011.5875	1126.4874	1135.4484	1454.6768	1704.2529	1337.875	820.2492	1125.0351	229.34	102.57	1095.5695	253.83	103.62	1263.1649	305.94	124.90
31.788194	23.702778	3.75	NA	1017.1859	960.3016	966.8978	1009.648	1484.6181	1021.4023	999.7383	1486.2417	958.7604	774.5012	952.1428	1062.6541	1082.2989	1441.961	1634.4471	1265.4268	773.5027	1087.7303	223.29	99.86	1032.1311	238.97	97.56	1210.0484	305.15	124.58
31.913194	23.827778	3.875	NA	974.1673	930.4206	925.6269	992.8219	1445.7641	983.8714	965.3323	1422.2778	924.936	742.498	926.1754	1029.3733	1050.5775	1378.6146	1598.0009	1201.04	750.2355	1053.7602	220.99	98.83	994.1818	226.70	92.55	1167.9736	295.93	120.81
32.038194	23.952778	4	NA	931.1486	900.5397	884.356	975.9957	1406.9101	946.3404	930.9263	1358.3139	891.1116	710.4947	900.208	999.5383	1018.856	1315.2683	1561.5548	1136.6531	726.9683	1019.7900	219.20	98.03	956.2325	214.56	87.59	1126.4731	287.17	117.24
32.163194	24.077778	4.125	NA	888.13	870.3256	843.0851	959.1696	1368.0562	908.8095	896.5204	1294.35	857.2872	678.4915	874.2406	969.7034	987.1346	1251.9219	1511.8608	1076.3973	703.7011	985.7533	217.99	97.49	918.2832	202.56	82.69	1083.4532	275.10	112.31
32.288194	24.202778	4.25	NA	845.1113	843.1422	801.8142	942.3434	1329.2022	871.2785	862.1144	1230.3861	823.4629	646.4882	848.2731	939.8684	955.4132	1188.5755	1456.7855	1041.7543	680.4339	952.3227	216.91	97.01	880.3339	190.73	77.87	1043.8051	261.60	106.80
32.413194	24.327778	4.375	NA	802.0927	826.4421	760.5433	925.5173	1290.3482	833.7476	827.7085	1166.4222	789.6385	614.485	822.3057	910.0335	923.6918	1128.9314	1401.463	1007.1113	657.1667	920.9887	215.21	96.25	842.3846	179.12	73.12	1004.7329	248.66	101.52
32.538194	24.452778	4.5	NA	759.074	809.7421	719.2724	908.6912	1251.4943	796.2166	793.3025	1102.4584	764.9373	582.4817	796.3383	880.1985	891.9704	1087.0823	1346.1406	972.4683	633.8995	889.6548	214.33	95.85	805.9558	167.26	68.28	968.6266	237.61	97.01
32.663194	24.577778	4.625	NA	716.0554	793.042	693.0429	891.865	1212.6403	758.6857	758.8966	1038.4945	741.9882	559.4013	770.3709	850.3636	860.249	1045.2332	1290.8181	937.8254	610.6323	861.3291	211.21	94.46	771.3062	153.28	62.57	932.5203	226.58	92.50
32.788194	24.702778	4.75	NA	673.0367	776.3419	669.017	875.0389	1173.7863	721.1547	724.4906	981.9147	719.0391	551.3701	744.4034	820.5286	828.5276	1003.3841	1235.4956	903.1824	587.3651	833.4442	208.32	93.16	740.3954	137.95	56.32	896.4139	215.57	88.00
32.913194	24.827778	4.875	NA	630.0181	759.6418	644.9911	858.2127	1134.9324	683.6238	690.0847	948.8615	696.09	543.3389	718.436	790.6937	796.8062	961.535	1180.1731	868.5394	564.0979	805.5592	206.13	92.19	713.4058	131.24	53.58	860.3075	204.57	83.52
33.038194	24.952778	5	NA	586.9994	742.9417	620.9653	841.3866	1096.0784	646.0928	655.6787	931.5333	673.1409	535.3077	692.4686	760.8587	764.7982	926.0831	1124.8506	835.2891	541.6423	777.6743	204.67	91.53	689.0370	130.89	53.43	825.5870	194.04	79.22
33.163194	25.077778	5.125	NA	552.7772	727.955	592.1059	822.4698	1056.9686	601.6327	621.6405	939.9044	636.3335	520.9835	665.3215	703.9758	725.2333	905.3475	1068.4396	810.0433	529.0401	750.4553	202.36	90.50	664.3027	143.55	58.60	790.3466	184.89	75.48
33.288194	25.202778	5.25	NA	534.6239	718.3225	569.7318	799.2445	1024.3841	558.6097	595.1949	887.1136	593.8793	503.0543	645.2948	664.3101	675.5062	830.7035	1030.9988	781.2353	509.7349	729.2614	197.13	88.16	630.5244	134.21	54.79	748.7481	177.23	72.36
33.413194	25.327778	5.375	NA	519.3137	707.3478	546.1704	777.795	1000.2311	539.9599	577.2594	873.5964	594.557	485.3126	617.6978	663.6919	663.4086	852.2766	989.3866	753.4947	498.5079	710.1716	194.96	87.19	614.7305	135.03	55.13	736.7944	170.25	69.50
33.538194	25.452778	5.5	NA	501.8277	686.0771	518.9661	760.9184	982.1057	487.5087	561.4025	827.8474	554.4976	463.7967	597.5776	643.0055	642.5174	805.3884	935.024	718.2964	482.1004	689.9790	196.87	88.04	582.1051	130.20	53.16	704.3887	155.30	63.40
33.663194	25.577778	5.625	NA	481.1187	665.6163	496.1201	743.8001	965.5202	466.668	526.7951	809.0245	539.3427	454.6299	588.7149	601.6708	589.4621	777.3969	891.004	681.4324	472.8204	670.4351	199.19	89.08	564.1959	129.67	52.94	668.9644	148.69	60.70
33.788194	25.702778	5.75	NA	465.4402	653.7824	473.9824	727.5381	944.7568	453.3	502.7487	771.0444	512.3833	433.1135	563.2191	579.5307	585.2534	752.8403	864.4959	661.9988	454.2394	653.1000	198.69	88.86	539.3015	122.48	50.00	649.7264	144.37	58.94
33.913194	25.827778	5.875	NA	454.0346	637.5327	453.7229	715.1216	931.1104	459.9715	484.3085	749.1652	503.8629	424.1327	550.5718	571.8873	581.2928	737.4381	829.5083	635.2163	452.5381	638.3044	199.79	89.35	528.6688	116.04	47.37	634.6468	133.03	54.31
34.038194	25.952778	6	NA	439.4339	624.1023	434.806	700.3987	919.6559	436.1968	464.6651	714.7879	487.3707	406.4394	528.2711	543.9727	558.5041	704.6588	794.4468	613.7439	444.5747	623.6794	201.93	90.31	506.2885	110.39	45.07	609.9835	124.40	50.78
34.163194	26.077778	6.125	NA	425.3378	613.3426	416.6172	685.2693	902.3998	405.5934	452.6819	685.2705	451.3476	392.4476	515.0261	520.6043	512.443	678.4617	758.1475	598.6324	435.2909	608.5933	201.66	90.18	483.7278	107.75	43.99	583.9300	118.93	48.55
34.288194	26.202778	6.25	NA	411.3295	607.401	397.8061	670.4665	878.2884	397.957	440.1268	638.2589	435.3929	374.9014	503.4512	514.2904	475.798	629.7218	729.7332	581.9457	423.4123	593.0583	199.19	89.08	465.0147	95.50	38.99	559.1502	111.34	45.45
34.413194	26.327778	6.375	NA	397.4084	600.3128	384.4318	650.6374	857.6974	371.9357	422.6744	616.9438	423.9758	369.9834	498.9749	499.4728	455.3862	585.7861	693.5386	559.8529	407.4766	578.0976	196.27	87.77	450.7480	94.01	38.38	533.5855	102.16	41.71
34.538194	26.452778	6.5	NA	386.3753	583.2279	366.122	636.8165	837.5873	343.546	398.494	609.1912	392.2415	369.9426	489.7974	467.8992	443.0449	566.0249	652.9998	541.9436	408.4669	562.0258	194.43	86.95	433.8688	99.09	40.45	513.3966	90.67	37.02
34.663194	26.577778	6.625	NA	374.9164	566.8572	349.4836	623.1621	810.0884	322.039	374.2016	583.4873	366.2092	349.6743	464.37	436.5879	428.6309	563.583	609.8569	523.7495	399.3205	544.9015	189.75	84.86	409.9969	97.60	39.85	493.6214	84.48	34.49
34.788194	26.702778	6.75	NA	357.5976	549.1569	318.0892	607.7777	787.7478	306.7543	358.5814	539.6877	334.1077	333.2107	444.8898	417.4541	432.5209	540.7951	574.1164	507.0721	386.8573	524.0738	191.90	85.82	386.2053	88.99	36.33	476.4693	74.91	30.58
34.913194	26.827778	6.875	NA	339.0356	525.8784	307.9024	588.5654	765.192	298.7904	348.6701	520.1367	328.829	323.1791	434.3573	403.3961	402.1599	514.9089	549.2844	486.0738	372.6252	505.3148	188.09	84.12	375.6604	84.74	34.59	454.7414	71.67	29.26
35.038194	26.952778	7	NA	331.7912	528.4668	310.7582	570.0873	761.1319	291.2567	339.0342	492.0299	333.7009	313.5272	420.007	391.1007	394.9163	471.5058	533.3236	474.8108	358.069	500.4471	185.75	83.07	364.9260	76.03	31.04	437.2877	66.34	27.08
35.163194	27.077778	7.125	NA	319.4761	524.5791	298.7321	558.8623	749.1995	272.0875	315.2325	459.0169	311.4079	297.7005	396.6386	376.059	386.1776	434.2473	501.2053	459.8432	345.2604	490.1698	186.27	83.30	342.0140	70.97	28.97	417.1321	58.30	23.80
35.288194	27.202778	7.25	NA	305.0136	517.0236	285.6461	550.0326	735.5419	260.0019	306.6206	445.085	298.9734	295.1208	402.988	340.3444	371.4913	411.9904	465.99	441.0934	336.1997	478.6516	187.06	83.65	334.7983	72.19	29.47	394.5182	53.76	21.95
35.413194	27.327778	7.375	NA	296.8917	512.1825	270.1817	538.3276	713.2797	249.3787	284.9904	434.9381	289.6573	292.7699	391.8981	326.2038	342.3311	389.1599	437.6846	417.0282	323.0077	466.1726	184.02	82.30	323.9388	72.34	29.53	372.5692	49.01	20.01
35.538194	27.452778	7.5	NA	287.102	500.6558	255.9052	526.3702	690.8498	239.7754	270.2848	420.1867	278.3458	269.6185	362.1681	314.8301	322.3769	373.7001	411.662	399.8432	311.1487	452.1766	180.69	80.81	306.7299	69.20	28.25	355.5935	45.10	18.41
35.663194	27.577778	7.625	NA	273.9432	485.4249	245.386	516.4127	661.4134	228.3797	254.6543	392.9723	263.2789	274.2561	366.882	289.5368	307.2126	355.994	390.3305	380.676	301.8259	436.5160	174.87	78.20	296.7372	66.71	27.23	337.5960	43.56	17.78
35.788194	27.702778	7.75	NA	260.7292	470.6036	236.2102	501.2007	635.2058	223.2437	252.1521	363.0104	248.2907	257.9971	343.1946	277.454	294.7105	325.1645	376.1404	364.9953	289.1298	420.7899	169.27	75.70	281.3148	57.20	23.35	321.2658	41.46	16.93
35.913194	27.827778	7.875	NA	251.4556	450.7783	226.4805	492.2003	614.742	211.2367	234.4383	360.9035	229.6411	256.4749	344.6308	264.6813	281.5711	315.1417	352.5479	344.2921	280.6622	407.1313	165.16	73.86	272.8876	63.74	26.02	306.4827	36.50	14.90
36.038194	27.952778	8	NA	237.9918	445.2849	215.7353	481.8512	599.5898	196.9318	226.2543	335.5373	218.0051	242.9451	328.1405	259.5348	263.6883	294.1207	323.5832	331.9762	268.0239	396.0906	164.86	73.73	257.9690	59.15	24.15	290.1545	31.65	12.92
36.163194	28.077778	8.125	NA	226.2682	435.1589	206.4056	474.7615	590.9129	189.7411	212.5663	321.8141	211.1024	228.7705	310.4926	243.4033	254.4118	275.1903	300.4274	312.1853	253.5778	386.7014	165.87	74.18	245.7478	56.04	22.88	273.1993	27.90	11.39
36.288194	28.202778	8.25	NA	216.9103	424.0305	198.2459	466.8303	572.1129	175.6494	202.2931	323.4225	198.0186	234.7865	317.1873	228.1021	243.4769	270.8163	280.4419	298.8966	247.6686	375.6260	162.73	72.77	241.8929	63.64	25.98	261.5671	26.37	10.76
36.413194	28.327778	8.375	NA	200.6995	409.0684	190.4327	455.3885	539.8804	170.0172	186.7148	310.7781	192.1305	227.1205	305.5146	210.2566	231.7145	256.1246	257.4319	284.9692	240.8606	359.0939	156.52	70.00	232.0460	61.83	25.24	246.8929	25.52	10.42
36.538194	28.452778	8.5	NA	186.3637	395.2128	182.9885	437.5752	504.3188	160.198	184.1213	298.447	181.5115	216.6025	287.7262	197.1825	219.8751	246.7804	236.9484	273.4904	230.5995	341.2918	148.17	66.26	221.4344	58.45	23.86	234.1461	25.68	10.48
36.663194	28.577778	8.625	NA	178.0909	383.6385	174.9154	420.4973	493.73	152.3652	173.33	293.3647	169.9021	212.1473	282.8365	188.2738	214.2041	239.5212	215.9568	260.8741	219.413	330.1744	145.78	65.19	213.9910	60.73	24.79	223.0405	24.71	10.09
36.788194	28.702778	8.75	NA	167.6198	373.2089	167.5856	405.3405	469.1924	144.6949	166.6325	272.15	161.9494	198.8607	274.8641	185.0901	206.9991	227.8536	199.6202	244.986	212.5573	316.5894	140.32	62.76	203.1919	57.22	23.36	212.8510	21.16	8.64
36.913194	28.827778	8.875	NA	160.3391	369.1987	185.9931	402.9004	461.2413	145.9166	159.9217	264.1644	167.0936	199.1583	268.9774	177.7582	197.209	218.1479	195.4441	238.1	207.039	315.9345	134.73	60.25	200.8720	53.82	21.97	205.6164	20.81	8.49
37.038194	28.952778	9	NA	158.1841	366.1108	183.7337	418.6769	450.1361	150.0244	158.3635	259.3612	166.0339	195.7361	259.1305	177.3711	187.761	209.3863	193.6927	234.6916	201.1024	315.3683	135.50	60.60	198.1083	49.80	20.33	200.6675	19.96	8.15
37.163194	29.077778	9.125	NA	142.8356	346.8955	151.6008	399.6934	421.3898	133.5691	148.9975	246.9102	147.0241	184.7131	243.8259	157.9062	183.1375	197.8932	166.2717	225.2963	195.3477	292.4830	135.38	60.54	184.1733	50.34	20.55	187.6421	24.26	9.91
37.288194	29.202778	9.25	NA	135.4081	333.8982	145.0639	386.6349	395.1642	127.3163	131.3889	243.6129	139.138	186.4708	238.128	145.6882	173.6485	193.4874	153.2031	210.8634	188.413	279.2339	129.08	57.73	177.6758	53.37	21.79	177.5506	24.92	10.17
37.413194	29.327778	9.375	NA	128.7544	313.7071	138.6677	371.0754	363.7793	122.0089	127.3516	228.2059	132.9945	170.1894	224.2326	141.2389	167.5579	181.0294	142.284	197.8547	179.839	263.1968	120.30	53.80	167.4972	48.54	19.82	168.3006	22.71	9.27
37.538194	29.452778	9.5	NA	122.8529	302.9704	131.5653	351.9421	327.7104	114.3918	120.1617	220.0538	125.3716	165.4635	219.5382	132.6389	161.6881	173.9457	132.7985	188.7577	171.6458	247.4082	111.13	49.70	160.8301	49.08	20.04	160.2458	23.01	9.40
37.663194	29.577778	9.625	NA	116.8299	293.5396	126.0528	335.3097	302.7591	110.8274	114.2976	218.6621	123.147	163.5797	214.482	123.8937	151.1	170.2838	124.0192	181.2566	163.0493	234.8982	104.78	46.86	157.4993	49.50	20.21	152.2671	24.02	9.81
37.788194	29.702778	9.75	NA	113.2561	287.179	122.8787	323.8868	290.2372	108.014	106.8887	218.6686	118.9494	158.553	205.978	118.0336	146.455	169.1176	118.7204	175.0709	157.2287	227.4876	100.98	45.16	152.8419	49.92	20.38	147.4377	24.58	10.03
37.913194	29.827778	9.875	NA	108.608	280.9463	118.4399	321.384	277.1386	103.2858	107.713	203.5016	112.6433	152.939	199.1833	117.0555	144.377	160.0638	113.7898	169.8369	154.4277	221.3034	99.97	44.71	146.5443	46.01	18.78	143.2585	23.11	9.43
38.038194	29.952778	10	NA	104.2846	277.0798	114.4803	314.7247	257.7065	102.3093	102.7279	198.0464	111.6289	146.72	190.862	113.0822	137.059	154.9481	109.2312	164.0132	151.4388	213.6552	97.44	43.58	142.0491	43.80	17.88	138.2954	22.77	9.30
38.163194	30.077778	10.125	NA	100.2515	271.088	111.2342	312.2792	251.5858	97.5774	96.6797	200.8411	109.2539	145.8418	186.2559	106.8014	131.9935	151.8032	105.0374	157.2234	147.8668	209.2877	97.11	43.43	139.4083	45.81	18.70	133.4543	22.93	9.36
38.288194	30.202778	10.25	NA	97.5587	260.0123	108.7233	307.2163	238.9165	93.2603	96.8658	194.3137	105.7037	137.7201	181.0292	102.974	129.552	152.7963	101.8835	152.101	143.3237	202.4854	94.08	42.07	134.8155	44.04	17.98	130.4384	23.26	9.50
38.413194	30.327778	10.375	NA	94.0192	255.5567	105.8255	296.426	224.3823	91.8427	93.2639	187.3325	102.9148	133.6921	172.5313	100.8558	129.0602	145.3168	97.2879	148.2041	139.6545	195.2419	90.78	40.60	130.2629	41.59	16.98	126.7299	22.43	9.16
38.538194	30.452778	10.5	NA	91.1479	245.3069	102.7553	279.3232	202.2116	89.2687	90.5721	184.3315	98.5113	134.8966	174.143	98.5888	126.1931	143.0771	94.2061	144.0444	134.667	184.1490	84.26	37.68	128.6205	42.70	17.43	123.4627	21.98	8.97
38.663194	30.577778	10.625	NA	86.4835	235.4254	100.7597	273.304	192.1087	86.1728	86.7482	184.0951	95.9783	130.6341	166.6432	94.2021	123.0617	141.9399	92.0214	139.7232	130.8685	177.6163	82.04	36.69	125.0453	42.59	17.39	120.3028	22.12	9.03
38.788194	30.702778	10.75	NA	79.4725	234.586	90.7824	268.0228	176.811	80.8462	79.6103	178.6855	87.2562	122.9879	153.2946	84.5717	119.1068	138.9608	84.0327	135.5627	127.4966	169.9349	84.11	37.61	117.1135	41.83	17.08	114.9552	24.72	10.09
38.913194	30.827778	10.875	NA	74.2834	230.7088	92.5586	261.2479	160.7509	82.3804	72.6876	171.9129	91.158	116.0264	142.9537	84.401	114.1431	135.288	81.7525	131.1856	123.6933	163.9099	82.27	36.79	112.8532	38.51	15.72	111.7439	23.36	9.54
39.038194	30.952778	11	NA	71.1568	213.026	84.1278	251.0796	143.7162	73.4285	67.1805	164.0062	80.3248	110.5802	137.0216	71.3957	109.6637	129.9885	72.7702	124.4922	116.6857	152.6213	78.66	35.18	105.4236	38.92	15.89	104.1660	25.79	10.53
39.163194	31.077778	11.125	NA	74.7423	208.1069	89.7811	245.2345	149.3581	80.5212	76.4145	165.6712	88.5619	117.088	144.7207	80.57	106.7781	129.2493	78.9298	121.3537	113.6455	153.4446	73.62	32.92	112.1629	36.83	15.04	105.0877	21.02	8.58
39.288194	31.202778	11.25	NA	72.7629	204.5984	87.8815	239.9846	141.7609	78.6191	72.0578	160.1568	87.3458	113.3792	137.4928	77.8414	103.017	126.1153	76.9245	119.6095	112.3119	149.3977	72.40	32.38	108.1753	35.22	14.38	102.6366	21.02	8.58
39.413194	31.327778	11.375	NA	70.4965	199.581	86.0206	234.7449	132.9162	77.3921	71.4706	156.0553	84.8465	109.463	133.9638	76.569	101.0359	123.5108	75.6167	116.7392	109.7079	144.7518	71.08	31.79	105.5319	33.93	13.85	100.5299	20.35	8.31
39.538194	31.452778	11.5	NA	70.5166	195.1724	84.6131	227.3703	119.1391	75.1749	70.049	155.086	82.7072	107.8556	130.219	74.3266	100.6512	119.8054	73.1925	115.1965	107.3499	139.3623	68.93	30.83	103.5153	33.90	13.84	98.4203	20.20	8.25
39.663194	31.577778	11.625	NA	66.6339	191.6487	83.2954	216.615	111.841	73.8567	65.4069	149.2438	80.9604	102.7788	124.4489	69.2787	97.0885	115.868	72.4394	113.5257	106.2882	134.0068	66.61	29.79	99.4493	32.47	13.26	95.7481	20.38	8.32
39.788194	31.702778	11.75	NA	65.6553	188.5832	81.6869	202.6811	101.744	70.9559	65.5777	151.4972	77.5903	100.4068	118.1854	69.5048	93.3586	117.0674	71.1868	111.6556	102.6919	128.0701	63.18	28.26	97.3689	33.08	13.51	94.2442	20.20	8.25
39.913194	31.827778	11.875	NA	64.1244	186.7566	79.7722	201.1302	95.3835	69.2971	64.0376	145.3577	76.7833	93.1713	112.453	66.7728	91.5455	114.2565	69.5887	109.7811	98.4354	125.4334	63.71	28.49	93.5167	30.93	12.63	91.7300	19.96	8.15
40.038194	31.952778	12	NA	62.5743	181.6648	78.044	200.899	92.1689	67.1792	62.3207	142.6566	76.5615	89.4592	103.6936	62.9251	92.681	113.4002	67.5069	107.8164	99.7265	123.0702	63.51	28.40	90.3118	29.76	12.15	90.6760	20.99	8.57
40.163194	32.077778	12.125	NA	62.7237	177.2111	76.8061	196.3584	88.0825	68.0419	62.2068	139.4137	76.4352	89.2185	105.1779	65.7588	92.2738	110.1751	67.1034	107.157	99.1708	120.2364	61.78	27.63	90.0823	28.67	11.71	90.2732	19.50	7.96
40.288194	32.202778	12.25	NA	60.2644	175.8494	75.8335	191.6706	84.3332	66.3114	58.4419	140.9936	74.6447	85.4781	96.5588	62.329	89.4345	110.0172	64.9784	105.3816	96.5605	117.5902	61.27	27.40	87.0714	29.68	12.12	88.1169	20.25	8.27
40.413194	32.327778	12.375	NA	59.5868	171.7485	74.5844	182.6626	78.3773	67.3123	59.6039	141.8326	73.9581	86.9423	97.0562	64.0206	87.2141	110.3121	64.5646	102.7397	95.2167	113.3919	58.80	26.30	87.7842	29.71	12.13	87.3446	19.44	7.94
40.538194	32.452778	12.5	NA	57.4882	170.0498	72.6729	170.928	75.5207	65.9907	57.6397	134.7045	71.9056	82.2821	91.107	61.6277	84.0422	105.9785	63.906	100.5401	93.8729	109.3319	56.25	25.16	83.9383	27.53	11.24	84.9946	18.72	7.64
40.663194	32.577778	12.625	NA	57.0312	167.9349	70.6784	166.2572	71.1738	64.0914	57.2304	134.8325	69.5781	81.3292	88.903	60.8769	82.5253	106.5498	62.568	99.3444	91.2808	106.6151	55.51	24.82	82.6608	28.02	11.44	83.8575	18.94	7.73
40.788194	32.702778	12.75	NA	58.2011	164.2427	68.8235	157.4406	66.7057	60.7464	53.7366	132.4835	67.3981	77.7284	84.1497	57.8024	80.6647	103.9635	60.7801	97.8461	87.967	103.0827	52.93	23.67	79.3738	28.26	11.54	81.5040	19.00	7.76
40.913194	32.827778	12.875	NA	55.621	157.5114	68.0271	155.0301	64.42	60.6931	55.4292	131.5248	66.97	73.4012	82.3134	57.4509	79.7798	103.1276	59.5981	95.5434	85.4999	100.1219	51.46	23.01	78.3886	27.69	11.31	80.1666	18.61	7.60
41.038194	32.952778	13	NA	54.1806	153.8922	67.3716	152.9096	62.6962	61.1532	54.0585	129.4634	66.4997	73.8278	78.4558	57.1501	80.1989	101.1835	59.0286	93.497	84.289	98.2100	50.60	22.63	77.2431	27.03	11.03	79.2245	17.93	7.32
41.163194	33.077778	13.125	NA	53.2975	152.5139	66.7912	146.2238	59.7316	59.571	51.367	123.379	65.3824	70.2681	73.3633	55.898	78.3316	97.428	57.2549	92.7022	83.4517	95.7116	49.26	22.03	73.8885	25.48	10.40	77.5111	17.55	7.17
41.288194	33.202778	13.25	NA	52.5619	148.5339	65.322	142.0803	58.1837	59.4752	51.8319	123.0232	65.0453	69.8555	71.4631	55.6083	76.2035	97.1782	56.6394	91.41	82.0836	93.3364	47.71	21.34	73.4490	25.33	10.34	76.5205	17.39	7.10
41.413194	33.327778	13.375	NA	53.4382	145.0029	64.2209	138.4736	56.0304	57.9864	53.1902	118.9116	63.5263	66.9223	69.9704	56.0092	74.2625	95.0231	55.9049	88.9655	81.6416	91.4332	46.15	20.64	71.7512	23.88	9.75	75.3011	16.52	6.75
41.538194	33.452778	13.5	NA	51.8823	141.9193	63.4429	129.9369	53.516	58.487	50.2457	116.4068	63.134	63.7533	65.2887	53.6608	73.4752	92.3369	55.7579	87.326	80.4414	88.1395	44.05	19.70	69.5526	23.59	9.63	73.8330	16.14	6.59
41.663194	33.577778	13.625	NA	51.2752	135.3956	63.1116	124.9387	52.6838	56.7862	50.6488	115.761	60.5238	63.7062	64.0323	53.6029	73.2497	92.7831	55.4804	85.3208	78.9989	85.4810	41.21	18.43	68.5764	23.65	9.65	73.2393	15.89	6.49
41.788194	33.702778	13.75	NA	49.0461	133.9945	64.8409	120.5654	53.7325	56.2069	48.269	114.4419	60.6943	62.3102	62.9958	51.1209	72.746	91.3223	55.1192	84.4182	78.7028	84.4359	39.81	17.81	67.4864	23.64	9.65	72.2382	16.08	6.57
41.913194	33.827778	13.875	NA	52.2605	139.0923	68.0547	124.0999	54.8337	61.2047	50.8809	113.773	64.2475	61.867	64.3053	53.0086	72.5307	91.6046	57.5644	85.5027	78.7006	87.6682	40.89	18.29	69.3797	22.31	9.11	73.1519	15.32	6.25
42.038194	33.952778	14	NA	51.8285	137.0567	61.4475	120.3783	54.4987	54.1859	49.3986	111.1073	58.1435	62.5049	64.6805	51.2527	71.3128	90.3612	53.5534	84.9173	78.2143	85.0419	40.46	18.09	66.6701	22.46	9.17	71.6020	16.20	6.62
42.163194	34.077778	14.125	NA	50.1756	133.2727	61.7058	118.3932	56.1716	53.1492	49.7579	111.5557	57.7571	63.4868	65.4612	50.9982	69.0942	89.5178	53.7347	83.3342	76.6602	83.9438	38.81	17.36	66.8613	22.69	9.26	70.5566	15.67	6.40
42.288194	34.202778	14.25	NA	49.6392	131.2267	60.6512	115.9979	56.3455	54.871	46.5969	112.9823	59.4748	63.0226	64.6408	47.927	69.6261	88.6219	52.9353	82.9732	75.6027	82.7721	37.87	16.94	66.9314	23.48	9.58	69.6144	16.27	6.64
42.413194	34.327778	14.375	NA	49.1721	129.5362	58.3314	112.5806	57.2129	52.1501	45.6733	108.9242	58.5536	62.7227	64.998	48.6901	70.9347	87.1136	53.5176	82.2437	75.2605	81.3666	36.90	16.50	65.5037	22.42	9.15	69.6267	15.47	6.31
42.538194	34.452778	14.5	NA	48.0794	125.3521	59.1183	108.4766	54.1524	53.1772	47.5684	107.3813	58.4285	59.1024	59.8322	50.439	69.2763	87.6083	52.1003	81.9427	73.9623	79.0358	35.31	15.79	64.2483	21.64	8.83	69.2215	15.29	6.24
42.663194	34.577778	14.625	NA	47.6692	120.3571	58.8808	99.3024	50.2267	51.7714	46.1702	104.4038	56.2421	55.9719	55.6695	48.7508	66.8597	83.8117	51.6763	79.4675	73.3606	75.2872	32.66	14.61	61.7048	21.27	8.68	67.3211	14.46	5.90
42.788194	34.702778	14.75	NA	47.4552	117.854	57.6342	95.0043	48.8537	53.2576	46.1968	100.8196	56.2977	52.9558	53.4818	49.2563	66.9622	82.3706	51.7052	77.2082	72.3706	73.3603	31.49	14.08	60.5016	20.03	8.18	66.6455	13.54	5.53
42.913194	34.827778	14.875	NA	47.5342	114.3445	56.8719	92.7443	47.6406	52.7906	44.7349	101.2655	56.3421	51.8867	52.5847	48.172	66.2446	83.0777	50.2199	76.036	70.5952	71.8271	30.18	13.50	59.9341	20.60	8.41	65.7242	14.00	5.72
43.038194	34.952778	15	NA	47.653	111.8072	55.8235	90.2855	46.3985	50.2305	46.116	98.8146	54.5491	51.2794	51.2746	48.0431	65.0862	80.8243	49.7386	75.0578	68.7485	70.3935	29.22	13.07	58.7107	19.83	8.10	64.5831	13.30	5.43
43.163194	35.077778	15.125	NA	46.4432	108.8168	53.885	87.7879	45.3266	50.5439	45.4261	94.4932	53.5861	49.081	49.7791	48.1541	63.5808	77.6857	48.0743	73.885	67.9745	68.4519	28.44	12.72	57.1516	18.48	7.54	63.2257	12.67	5.17
43.288194	35.202778	15.25	NA	44.4263	105.5859	53.6171	82.5139	43.855	48.9532	44.5822	92.0584	52.4851	46.2817	46.3858	45.9031	61.5347	75.9159	47.4693	71.7904	66.6442	65.9996	27.15	12.14	55.1244	18.30	7.47	61.5429	12.49	5.10
43.413194	35.327778	15.375	NA	43.705	102.7357	52.4372	77.9583	43.3232	47.117	44.5774	90.7994	51.1155	44.0027	44.5191	45.4719	61.6977	75.3561	46.4005	71.2345	64.419	64.0319	25.83	11.55	53.6885	18.37	7.50	60.7633	12.47	5.09
43.538194	35.452778	15.5	NA	43.0417	100.1613	51.993	72.8617	41.8933	47.7603	43.0349	88.9857	50.8943	42.3319	42.099	44.9272	59.3976	72.6914	46.514	70.3163	63.5599	61.9902	24.69	11.04	52.5177	18.21	7.43	59.5677	11.73	4.79
43.663194	35.577778	15.625	NA	43.2378	97.6802	50.6062	69.9039	41.3194	45.4727	41.5887	85.663	48.6532	42.0086	42.87	43.2757	57.6802	71.1927	44.6417	68.3196	62.8279	60.5495	23.64	10.57	51.0427	17.16	7.01	57.9896	11.83	4.83
43.788194	35.702778	15.75	NA	42.7515	95.3189	50.3785	69.2634	41.0274	46.0889	41.3347	84.0915	49.4339	40.9106	42.4294	42.8586	58.0995	71.0321	45.4108	67.6456	62.1671	59.7479	22.82	10.21	50.7148	16.67	6.81	57.8689	11.56	4.72
43.913194	35.827778	15.875	NA	41.8273	93.6275	49.7753	67.4053	40.1493	44.9643	41.1151	83.2517	47.9367	39.2069	39.5837	41.7503	56.6043	69.9863	43.6348	66.8584	61.5677	58.5569	22.38	10.01	49.3431	16.95	6.92	56.7336	11.81	4.82
44.038194	35.952778	16	NA	41.4	92.0127	48.5815	65.29	39.9559	44.2398	42.9467	84.2728	48.1101	40.0629	39.8542	38.8803	55.927	69.0231	42.9447	65.3164	60.5101	57.4480	21.78	9.74	49.9144	17.10	6.98	55.4336	12.15	4.96
44.163194	36.077778	16.125	NA	39.8969	90.9132	48.3979	64.5584	39.8685	42.809	38.3724	85.6248	46.5145	39.3635	39.2204	39.5669	55.5993	69.296	42.6756	65.2669	60.1466	56.7270	21.60	9.66	48.6508	18.37	7.50	55.4252	12.05	4.92
44.288194	36.202778	16.25	NA	41.7409	91.1264	48.8107	64.0494	40.7639	42.4681	38.8732	85.0925	47.7364	39.6831	39.0371	38.5508	56.1063	69.5401	42.4252	65.0819	59.3229	57.2983	21.08	9.43	48.8151	18.09	7.38	55.1712	12.34	5.04
44.413194	36.327778	16.375	NA	42.3665	90.4952	48.246	64.8246	41.2756	41.4361	40.1812	82.5287	45.2668	41.1993	40.9959	39.1046	54.1818	67.4729	41.8319	64.8554	58.8501	57.4416	20.74	9.27	48.6013	16.72	6.82	54.3828	11.76	4.80
44.538194	36.452778	16.5	NA	43.5816	90.1591	48.0931	64.7078	42.5662	42.4515	42.7874	81.6396	46.1355	40.904	41.7277	40.503	55.3598	69.1883	42.8148	65.3401	59.3888	57.8216	20.14	9.01	49.2743	15.96	6.51	55.4325	11.71	4.78
44.663194	36.577778	16.625	NA	44.961	89.8271	48.215	64.7147	43.6444	43.7288	42.994	82.7087	47.0397	41.6789	42.168	39.9019	57.2858	71.0502	42.7082	65.5553	59.3101	58.2724	19.55	8.75	50.0530	16.11	6.58	55.9686	12.38	5.05
44.788194	36.702778	16.75	NA	46.3196	88.7185	48.6996	65.3574	44.3243	43.5689	43.0103	82.9395	47.3508	43.2234	42.7532	39.4226	57.2117	70.599	43.877	65.5771	59.2014	58.6839	18.74	8.38	50.4744	16.00	6.53	55.9815	12.15	4.96
44.913194	36.827778	16.875	NA	46.7673	88.3767	47.5426	65.0244	43.8131	40.7965	45.9529	80.8739	45.1384	42.047	41.7656	39.993	55.5256	68.5371	41.7821	64.6455	58.2168	58.3048	18.76	8.39	49.4291	15.54	6.34	54.7833	11.72	4.78
45.038194	36.952778	17	NA	44.6849	85.4159	46.6527	61.3314	42.9724	41.957	47.5228	80.1471	45.9173	40.9533	41.5324	39.5546	53.9718	66.9576	41.4886	63.2041	57.2474	56.2115	17.88	8.00	49.6716	15.16	6.19	53.7373	11.21	4.58
45.163194	37.077778	17.125	NA	43.886	82.8195	46.4397	58.7704	41.5851	39.6078	43.2665	80.986	43.4824	40.0333	40.5632	38.7979	54.6138	65.6374	40.9618	62.2217	56.4942	54.7001	17.06	7.63	47.9899	16.25	6.63	53.1211	11.01	4.49
45.288194	37.202778	17.25	NA	41.2922	81.784	46.0843	56.0902	40.1357	41.9438	40.8554	78.2052	44.3951	38.2702	38.8361	37.7891	52.4792	64.2553	40.4109	60.6449	56.0587	53.0773	17.24	7.71	47.0843	15.41	6.29	51.9397	10.75	4.39
45.413194	37.327778	17.375	NA	39.7085	79.5478	44.8344	53.0679	38.8699	39.7836	39.3907	75.0801	43.5572	36.061	38.1391	37.1541	52.4494	63.991	40.2636	59.6224	56.1644	51.2057	16.82	7.52	45.3353	14.78	6.03	51.6075	10.74	4.38
45.538194	37.452778	17.5	NA	39.1964	76.4603	44.3667	51.2517	38.0447	40.6384	36.8183	73.2113	43.6746	35.8609	36.5207	36.5358	52.3924	62.0287	37.9988	59.0401	54.9294	49.8640	15.76	7.05	44.4540	14.40	5.88	50.4875	10.77	4.40
45.663194	37.577778	17.625	NA	38.4689	74.8428	44.0198	49.0582	36.6233	38.4009	37.5148	73.3762	42.9967	34.4979	34.6314	36.9504	51.3831	62.2218	38.5965	57.7933	54.5889	48.6026	15.46	6.91	43.5696	14.93	6.09	50.2557	10.32	4.22
45.788194	37.702778	17.75	NA	37.809	74.104	43.3499	47.9671	36.5682	40.3743	36.4088	73.5917	43.2301	33.6014	34.5914	34.7575	48.7769	62.7938	39.1296	57.746	53.7768	47.9596	15.31	6.85	43.6330	15.12	6.17	49.4968	10.85	4.43
45.913194	37.827778	17.875	NA	37.401	72.4145	42.8978	46.9806	35.9408	39.4481	33.9731	71.5619	41.7364	33.9316	34.6652	34.1282	48.4839	60.4677	39.1021	57.1869	52.6798	47.1269	14.81	6.62	42.5527	14.57	5.95	48.6748	10.30	4.21
46.038194	37.952778	18	NA	36.2486	70.6672	42.4794	45.65	34.5332	37.1637	34.6364	69.0111	41.421	33.2487	34.2897	34.3069	49.2535	60.4694	36.9926	56.6306	52.1966	45.9157	14.56	6.51	41.6284	13.73	5.61	48.3083	10.56	4.31
46.163194	38.077778	18.125	NA	36.3538	69.8926	41.6504	45.0676	34.3278	38.7455	33.824	69.264	41.5199	32.633	32.9018	35.8323	48.0684	60.4995	37.9429	56.543	52.781	45.4584	14.30	6.40	41.4814	14.07	5.74	48.6112	9.99	4.08
46.288194	38.202778	18.25	NA	35.5826	69.603	41.9229	44.0824	34.7197	38.0626	33.5414	68.8376	41.3209	33.0344	32.7794	34.829	47.4769	58.3038	37.9429	55.9309	52.1907	45.1821	14.23	6.36	41.2627	13.93	5.69	47.7790	9.60	3.92
46.413194	38.327778	18.375	NA	35.9584	67.7983	41.1757	42.6899	33.9371	37.863	33.6274	67.8845	41.0999	32.1346	33.7538	33.6981	47.9719	58.7864	37.8389	55.5117	50.5994	44.3119	13.62	6.09	41.0605	13.55	5.53	47.4011	9.85	4.02
46.538194	38.452778	18.5	NA	35.6741	66.287	41.1471	41.7533	33.974	38.5402	33.1564	68.1272	40.4934	31.853	33.3981	33.3983	47.3118	59.1513	36.5094	55.1375	50.7676	43.7671	13.03	5.83	40.9280	13.75	5.61	47.0460	10.23	4.18
46.663194	38.577778	18.625	NA	35.2427	66.1213	41.131	40.8258	33.4344	37.3058	34.0169	66.3572	41.1122	31.5771	33.2005	33.9877	46.7256	58.8345	38.1049	54.1617	51.4478	43.3510	13.17	5.89	40.5949	13.07	5.34	47.2104	9.59	3.91
46.788194	38.702778	18.75	NA	34.4649	64.8387	40.4973	39.7999	32.9689	37.3895	32.2039	64.5657	39.1557	31.5015	32.4774	34.1825	46.5793	59.9808	37.1376	53.2941	50.5397	42.5139	12.90	5.77	39.5490	12.64	5.16	46.9523	9.82	4.01
46.913194	38.827778	18.875	NA	34.7558	62.8273	40.6376	38.8532	33.1664	36.3982	33.0353	63.8842	38.8562	30.9575	30.8242	33.9606	46.506	58.2863	36.19	53.0839	50.4778	42.0481	12.00	5.37	38.9926	12.59	5.14	46.4174	9.61	3.92
47.038194	38.952778	19	NA	33.6126	61.8076	39.8392	37.5433	32.759	37.1017	32.2539	62.3914	39.154	30.3942	31.4761	32.159	45.696	55.0281	35.0607	52.6473	49.7136	41.1123	11.92	5.33	38.7952	12.06	4.92	45.0508	9.44	3.85
47.163194	39.077778	19.125	NA	33.6241	60.4876	39.4963	37.344	32.1265	34.5024	32.4166	62.5929	38.691	29.4282	30.2402	33.0014	45.5562	55.6764	35.7653	51.9357	49.1748	40.6157	11.49	5.14	37.9785	12.51	5.11	45.1850	9.04	3.69
47.288194	39.202778	19.25	NA	33.1431	59.8919	39.6944	36.622	31.8135	36.1796	32.4988	63.1103	37.5054	29.2737	30.6385	34.0121	44.547	55.3735	35.6542	51.469	48.8545	40.2330	11.41	5.10	38.2011	12.61	5.15	44.9851	8.63	3.52
47.413194	39.327778	19.375	NA	32.7212	59.0808	39.3733	35.716	31.8266	36.0397	32.3249	60.5985	38.1935	29.5414	30.0128	33.4472	44.5073	54.1328	35.928	50.9605	47.6881	39.7436	11.21	5.01	37.7851	11.68	4.77	44.4440	8.25	3.37
47.538194	39.452778	19.5	NA	33.0859	57.7299	38.2787	35.8734	31.9081	34.8694	30.8654	58.69	37.3681	30.0385	29.8026	32.551	45.3633	53.077	35.8393	50.6996	47.3457	39.3752	10.56	4.72	36.9390	11.07	4.52	44.1460	8.22	3.36
47.663194	39.577778	19.625	NA	31.7911	56.5136	38.9777	35.5011	32.1781	35.9159	31.0919	58.2957	37.3859	30.3612	30.4066	31.2527	45.0944	52.9984	35.4401	49.8048	47.7669	38.9923	10.22	4.57	37.2429	10.74	4.39	43.7262	8.55	3.49
47.788194	39.702778	19.75	NA	32.4751	56.1846	38.8993	34.2946	31.3116	35.102	31.5482	59.0184	35.8006	29.5347	29.7039	31.9137	43.9647	52.233	34.7443	49.8581	47.2707	38.6330	10.23	4.57	36.7846	11.21	4.58	43.3308	8.27	3.38
47.913194	39.827778	19.875	NA	31.4683	56.2863	37.9666	34.6715	31.739	34.6954	30.4775	58.2762	36.5927	30.0029	29.8304	31.5816	44.4729	51.3882	34.4214	50.0595	46.2454	38.4263	10.33	4.62	36.6459	10.96	4.47	43.0282	8.21	3.35
