days.origin	days.water	days.manure	F07	F08	F09	F10	F11	F12	GW01	GW02	GW03	GW04	GW05	GW06	GWL01	GWL02	GWL03	GWL04	GWo01	GWo02	mean.F	sd.F	se.F	mean.GW	sd.GW	se.GW	mean.GWL	sd.GWL	se.GWL
3.125	-4.960417	-24.913194	NA	83.2386	90.6022	68.7892	87.6029	85.8067	121.3353	108.6761	100.0883	124.8318	134.7599	114.0087	48.1554	61.7062	104.1558	114.2288	109.2746	275.3671	83.2079	8.49	3.80	117.2833	12.32	5.03	118.8147	81.35	33.21
3.25	-4.835417	-24.788194	NA	82.1486	90.2698	69.2027	86.9778	85.4454	117.7799	108.9896	101.1294	121.5881	134.568	113.769	47.6375	61.7062	104.0296	109.3639	108.6135	275.3671	82.8089	8.15	3.64	116.3040	11.44	4.67	117.7863	81.54	33.29
3.375	-4.710417	-24.663194	NA	76.1759	88.308	63.2878	84.5013	82.5906	109.1006	107.3236	99.7046	115.536	133.9254	112.6705	45.2222	61.7062	101.8526	102.8363	106.0092	275.3671	78.9727	9.81	4.39	113.0435	11.56	4.72	115.4989	82.25	33.58
3.5	-4.585417	-24.538194	NA	71.8212	85.2889	63.7038	81.3615	79.684	107.6529	106.03	96.528	116.2373	132.1712	110.8416	44.3797	61.7062	97.9684	101.6078	104.1378	275.3671	76.3719	8.61	3.85	111.5768	11.99	4.90	114.1945	82.62	33.73
3.625	-4.460417	-24.413194	NA	67.1622	82.9151	59.9867	79.2268	76.9237	103.5027	104.0587	95.5249	111.2091	130.475	109.5567	42.8036	61.7062	96.5656	97.9517	104.052	275.3671	73.2429	9.43	4.22	109.0545	11.85	4.84	113.0744	83.06	33.91
3.75	-4.335417	-24.288194	NA	66.1425	80.5663	64.4973	77.2721	75.4247	105.5851	103.572	93.1074	114.0753	128.5971	109.3547	43.7393	61.7062	94.1152	99.6285	102.6467	275.3671	72.7806	7.08	3.17	109.0486	11.86	4.84	112.8672	82.99	33.88
3.875	-4.210417	-24.163194	NA	72.4791	83.7223	68.3006	80.1452	78.8879	112.5384	105.8297	94.6254	122.1751	129.5741	111.456	46.0855	61.7062	96.1197	106.4338	105.567	275.3671	76.7070	6.21	2.78	112.6998	12.25	5.00	115.2132	82.25	33.58
4	-4.085417	-24.038194	NA	79.0846	88.683	70.5164	84.9383	83.1426	117.4767	108.4016	99.319	125.233	131.6207	113.9349	48.2934	61.7062	99.347	109.7063	110.4014	275.3671	81.2730	6.93	3.10	115.9976	11.59	4.73	117.4702	81.57	33.30
4.125	-3.960417	-23.913194	NA	81.7329	89.2062	72.0198	85.7198	83.5629	119.797	110.5104	99.2936	127.064	132.2694	114.5002	49.7715	63.5074	102.4676	110.0674	110.9514	195.4932	82.4483	6.46	2.89	117.2391	11.86	4.84	105.3764	51.04	20.84
4.25	-3.835417	-23.788194	NA	82.7342	89.3439	69.5216	86.7935	84.2436	117.8918	111.9076	102.6385	125.3276	132.5553	114.6362	49.3302	63.7667	102.6367	108.6298	111.1953	148.947	82.5274	7.69	3.44	117.4928	10.47	4.28	97.4176	35.90	14.65
4.375	-3.710417	-23.663194	NA	78.0669	88.3625	62.5286	84.9203	81.5143	110.8257	109.8996	100.3627	120.4779	131.2113	113.7966	46.3687	62.6243	101.4507	102.6846	108.7155	123.3294	79.0785	10.01	4.48	114.4290	10.49	4.28	90.8622	29.67	12.11
4.5	-3.585417	-23.538194	NA	69.315	82.5471	59.2689	79.2317	76.1581	105.3032	106.2953	95.8119	115.4031	127.8729	109.7888	43.3622	58.3704	96.2546	97.2097	105.6469	103.484	73.3042	9.24	4.13	110.0792	10.82	4.42	84.0546	26.39	10.77
4.625	-3.460417	-23.413194	NA	66.5351	78.3236	62.9325	75.6212	74.111	106.0815	104.946	93.7214	116.2939	126.3235	107.8161	43.8315	54.9138	92.602	97.5349	103.1292	90.5823	71.5047	6.49	2.90	109.1971	11.07	4.52	80.4323	24.70	10.08
4.75	-3.335417	-23.288194	NA	71.6533	80.4206	68.6603	77.7083	76.3323	111.9031	107.1013	95.0993	122.0602	125.8004	109.3585	46.7364	55.2735	93.4665	102.3824	104.2592	86.7022	74.9550	4.74	2.12	111.8871	11.03	4.50	81.4700	24.58	10.03
4.875	-3.210417	-23.163194	NA	78.4942	84.9282	71.11	81.5823	80.3195	117.9398	110.1974	96.6064	127.0532	128.1575	111.5955	48.488	58.0388	96.9765	106.8266	109.3527	88.1876	79.2868	5.14	2.30	115.2583	11.83	4.83	84.6450	25.62	10.46
5	-3.085417	-23.038194	NA	81.9942	86.7625	69.7139	84.1324	82.0689	119.2216	112.0201	99.1969	127.1806	128.5364	112.571	48.8421	60.3877	99.5089	107.8225	110.0365	89.1545	80.9344	6.57	2.94	116.4544	10.97	4.48	85.9587	25.62	10.46
5.125	-2.960417	-22.913194	NA	82.3038	87.092	68.0471	84.3964	81.9592	117.735	112.0283	99.4174	126.3074	127.9814	112.8315	48.6842	61.2034	99.9471	106.667	109.7188	87.6032	80.7597	7.40	3.31	116.0502	10.52	4.30	85.6373	25.27	10.32
5.25	-2.835417	-22.788194	NA	81.4914	87.1865	66.2243	84.1764	81.3157	116.032	112.4397	99.6558	124.5561	127.4621	113.0224	47.9608	61.1725	99.7423	104.9583	108.2101	85.2999	80.0789	8.11	3.62	115.5280	9.92	4.05	84.5573	24.87	10.15
5.375	-2.710417	-22.663194	NA	78.835	85.4778	63.1362	82.4961	79.6844	112.4431	111.8441	97.7453	122.0448	127.3606	111.3688	46.4995	59.869	97.9988	102.4867	107.6627	82.1849	77.9259	8.67	3.88	113.8011	10.21	4.17	82.7836	24.82	10.13
5.5	-2.585417	-22.538194	NA	74.8246	82.7619	61.1765	79.6443	76.8365	109.1788	109.7218	97.4869	120.025	126.3327	109.9456	44.7973	57.7278	95.5794	99.9596	106.2865	78.6639	75.0488	8.31	3.72	112.1151	9.98	4.07	80.5024	24.77	10.11
5.625	-2.460417	-22.413194	NA	71.3217	80.3659	60.5188	77.8574	75.1077	107.9362	108.0376	95.5624	119.17	125.4434	109.8886	44.3105	56.071	93.8943	100.1017	105.4227	75.1907	73.0343	7.76	3.47	111.0064	10.33	4.22	79.1651	24.93	10.18
5.75	-2.335417	-22.288194	NA	72.3919	79.9847	65.0795	77.0379	74.7269	112.1129	108.2016	95.5985	123.6021	125.7972	109.7451	45.6827	54.4702	92.6274	102.2807	104.5802	73.5284	73.8442	5.65	2.53	112.5096	11.06	4.52	78.8616	24.99	10.20
5.875	-2.210417	-22.163194	NA	78.1179	83.4414	66.9642	80.3668	77.8911	116.3708	110.6143	96.9054	126.8833	126.7156	111.7025	48.2123	57.0534	95.5888	103.8738	107.0151	77.0742	77.3563	6.22	2.78	114.8653	11.29	4.61	81.4696	24.80	10.12
6	-2.085417	-22.038194	NA	79.4173	84.6801	65.5277	81.4007	78.787	117.2101	110.6397	97.7275	126.8277	126.5445	111.9304	48.1099	58.7581	97.5404	103.8835	109.9711	80.1595	77.9626	7.32	3.27	115.1466	11.00	4.49	83.0704	25.25	10.31
6.125	-1.960417	-21.913194	NA	78.4132	83.7451	64.4352	80.491	77.8793	116.8498	109.9031	97.1912	125.3065	125.5155	110.6677	47.3413	59.3179	96.4686	103.6532	109.017	79.11	76.9928	7.39	3.30	114.2390	10.76	4.39	82.4847	25.02	10.22
6.25	-1.835417	-21.788194	NA	78.0747	83.544	63.1231	80.1409	77.1764	115.1612	110.5037	97.7888	123.8366	125.9988	110.3781	47.293	57.9872	95.8579	102.5477	106.1436	77.431	76.4118	7.82	3.50	113.9445	10.30	4.20	81.2101	24.48	9.99
6.375	-1.710417	-21.663194	NA	76.8612	82.2636	60.9311	79.1667	76.3567	112.2328	110.8461	99.3165	123.3371	125.5414	110.4013	46.5158	57.0184	95.8722	100.3649	104.9926	76.4872	75.1159	8.27	3.70	113.6125	9.60	3.92	80.2085	24.30	9.92
6.5	-1.585417	-21.538194	NA	72.9448	80.8503	57.4448	77.503	74.4243	108.9517	109.1332	96.629	120.1531	123.9966	109.2061	44.5251	55.7652	94.8655	96.5897	104.1981	73.9504	72.6334	9.02	4.03	111.3449	9.69	3.96	78.3157	24.28	9.91
6.625	-1.460417	-21.413194	NA	67.4241	77.1875	56.2036	74.3575	71.0282	106.7208	106.7363	94.2116	117.9063	121.9348	107.3173	42.805	52.4359	90.767	93.9718	100.8917	68.6797	69.2402	8.15	3.65	109.1379	9.78	3.99	74.9252	23.94	9.77
6.75	-1.335417	-21.288194	NA	68.3646	76.4262	61.0165	73.9005	71.1104	110.0032	107.3796	95.3433	122.0557	120.9339	107.0588	44.3712	51.9279	89.6948	96.7137	102.2755	67.8515	70.1636	5.94	2.66	110.4624	9.94	4.06	75.4724	24.30	9.92
6.875	-1.210417	-21.163194	NA	74.1412	80.2048	63.4351	75.8864	73.9879	114.899	110.1797	96.0911	125.2632	122.5814	108.9834	47.1713	53.6248	91.8881	99.7022	103.1288	70.9427	73.5311	6.18	2.76	112.9996	10.54	4.30	77.7430	24.04	9.81
7	-1.085417	-21.038194	NA	75.8736	82.0969	62.9145	77.4756	74.7754	117.296	110.6159	97.4572	126.2136	122.6378	109.2166	47.764	55.7087	93.5973	100.3542	106.0882	73.8542	74.6272	7.12	3.18	113.9062	10.42	4.25	79.5611	24.27	9.91
7.125	-0.960417	-20.913194	NA	76.1329	81.1892	61.9115	76.7807	74.5193	118.1566	110.2729	97.0845	126.0322	122.297	109.4666	47.3824	54.8002	94.0597	100.7685	105.8791	74.0049	74.1067	7.25	3.24	113.8850	10.50	4.29	79.4825	24.63	10.05
7.25	-0.835417	-20.788194	NA	76.2314	81.5264	60.3379	77.621	75.0223	115.971	110.0722	97.7709	123.7096	121.6735	108.3433	46.6412	55.4085	96.5588	99.5166	105.6354	74.4117	74.1478	8.10	3.62	112.9234	9.60	3.92	79.6954	24.74	10.10
7.375	-0.710417	-20.663194	NA	73.4289	80.2943	57.8892	75.9493	73.1343	111.5963	109.6623	96.9132	120.292	120.8691	107.5326	45.3732	54.7812	95.3018	96.498	102.8726	71.904	72.1392	8.47	3.79	111.1442	8.90	3.63	77.7885	24.09	9.83
7.5	-0.585417	-20.538194	NA	68.9792	77.968	54.9628	73.8972	70.7116	107.9388	108.2729	96.1094	117.0007	120.065	106.6855	43.5122	53.6717	92.5653	93.4094	102.0597	69.7259	69.3038	8.72	3.90	109.3454	8.47	3.46	75.8240	23.87	9.75
7.625	-0.460417	-20.413194	NA	65.7265	74.7212	54.3269	71.4303	67.736	106.4236	106.4319	95.1795	115.1469	117.9713	105.0967	42.4179	50.5394	90.5344	91.3141	100.5048	65.9461	66.7882	7.77	3.48	107.7083	8.10	3.31	73.5428	24.03	9.81
7.75	-0.335417	-20.288194	NA	64.3985	74.0559	55.729	70.1659	66.7871	108.4164	106.0641	92.6682	114.7603	117.8034	104.6193	42.679	49.2597	88.5295	91.2047	99.0601	63.597	66.2273	6.90	3.09	107.3886	8.83	3.61	72.3883	23.75	9.70
7.875	-0.210417	-20.163194	NA	64.429	74.0657	59.1356	70.2238	67.286	113.0101	112.1168	93.3582	117.631	117.0763	104.1696	44.2924	49.3392	88.9569	93.9455	100.2135	64.6357	67.0280	5.68	2.54	109.5603	9.29	3.79	73.5639	24.02	9.81
8	-0.085417	-20.038194	NA	64.429	74.066	124.6354	70.2238	67.286	123.1804	134.7571	93.4042	120.6515	117.0763	104.1696	89.4405	49.4089	89.0251	106.2607	100.4365	64.9903	80.1280	25.14	11.24	115.5399	14.67	5.99	83.2603	21.80	8.90
8.085417	0	-19.952778	NA	64.4291	74.066	165.7243	70.2238	67.286	130.4533	149.8507	93.4043	121.3189	117.0763	104.1696	166.6161	49.4091	89.0251	117.1917	100.4364	64.9904	88.3458	43.40	19.41	119.3788	19.83	8.10	97.9448	41.51	16.94
8.210417	0.125	-19.827778	NA	94.055	68.4463	246.6781	60.786	76.4369	137.1851	154.1282	124.5701	122.2955	126.1543	110.5553	192.7231	105.8638	86.1451	144.7834	62.492	93.8226	109.2805	77.79	34.79	129.1481	14.91	6.09	114.3050	47.00	19.19
8.335417	0.25	-19.702778	NA	95.7045	64.9835	160.8221	56.1376	80.539	143.9168	158.4056	155.736	123.2721	135.2322	116.941	176.1666	153.3362	83.5517	127.8833	34.1618	116.256	91.6373	41.52	18.57	138.9173	16.91	6.90	115.2259	50.80	20.74
8.460417	0.375	-19.577778	NA	88.2326	64.764	157.1963	56.6285	81.5058	138.5641	157.0434	174.6423	119.4596	139.1396	118.8667	164.7047	150.591	82.8194	120.5285	34.6749	110.759	89.6654	39.81	17.81	141.2859	21.69	8.85	110.6796	47.25	19.29
8.585417	0.5	-19.452778	NA	85.4419	64.5166	159.4992	57.0666	82.7639	136.6191	153.0677	171.0854	119.5168	137.4737	117.1108	161.5787	151.4829	85.0687	118.3754	35.0259	107.8006	89.8576	40.73	18.22	139.1456	20.46	8.35	109.8887	46.26	18.88
8.710417	0.625	-19.327778	NA	83.3316	64.6926	162.4331	57.9262	84.1526	136.8943	151.3947	168.4248	121.7294	137.0029	116.7976	159.5569	151.284	87.0651	122.9435	35.2017	105.3812	90.5072	41.81	18.70	138.7073	19.07	7.79	110.2387	45.76	18.68
8.835417	0.75	-19.202778	NA	84.1717	64.6793	168.6404	58.0755	85.4914	139.709	149.0146	166.3792	121.0016	136.6319	115.6573	164.307	152.0979	87.7363	122.3376	36.3482	105.6151	92.2117	44.37	19.84	138.0656	18.55	7.57	111.4070	46.48	18.97
8.960417	0.875	-19.077778	NA	86.4438	64.4975	174.9031	58.1103	85.2183	141.8571	147.6841	164.9475	117.5842	135.6913	113.0748	172.4188	152.3838	88.4074	120.6211	36.9149	105.7152	93.8346	47.00	21.02	136.8065	19.34	7.89	112.7435	48.14	19.65
9.085417	1	-18.952778	NA	88.4161	64.1463	173.0978	57.9607	84.2427	144.0064	147.5185	164.7322	117.2057	136.0482	112.3568	174.9617	149.9064	89.0785	118.9046	36.2717	105.014	93.5727	46.29	20.70	136.9780	19.64	8.02	112.3561	48.49	19.80
9.210417	1.125	-18.827778	NA	87.8662	63.8759	174.9722	58.2905	84.3658	144.2407	147.3345	164.377	115.1255	136.4989	112.4698	174.8207	148.364	89.7496	117.1881	36.7389	103.5879	93.8741	47.09	21.06	136.6744	19.94	8.14	111.7415	48.01	19.60
9.335417	1.25	-18.702778	NA	86.7123	63.5354	174.0802	58.9836	84.1972	142.2671	147.217	163.4324	112.2624	136.6045	112.2161	173.616	144.9138	90.4207	115.4716	36.3969	102.8564	93.5017	46.68	20.87	135.6666	20.23	8.26	110.6126	47.21	19.27
9.460417	1.375	-18.577778	NA	84.7199	63.2953	169.2967	58.5839	83.008	138.8653	145.1144	161.9724	108.772	136.2168	111.2772	172.1343	142.3021	91.0918	113.7551	37.3002	101.4322	91.7808	44.86	20.06	133.7030	20.43	8.34	109.6693	46.12	18.83
9.585417	1.5	-18.452778	NA	84.2898	63.3039	171.0106	57.8561	82.3542	139.517	144.1343	160.6981	111.3537	135.939	110.9388	171.6878	140.0939	91.7629	112.0386	36.5458	99.977	91.7629	45.78	20.47	133.7635	19.46	7.95	108.6843	45.90	18.74
9.710417	1.625	-18.327778	NA	85.0199	63.7339	175.616	57.9451	81.8455	140.8615	144.8095	160.8426	113.9003	136.4961	112.0495	172.209	136.8935	92.434	110.3221	36.6696	99.0555	92.8321	47.69	21.33	134.8266	18.83	7.69	107.9306	45.55	18.60
9.835417	1.75	-18.202778	NA	87.1535	64.0666	182.9075	58.3394	81.2111	147.2757	146.9038	161.4003	116.7258	138.3918	114.0071	172.3535	134.969	93.1051	108.6056	37.865	98.0988	94.7356	50.70	22.67	137.4507	18.65	7.61	107.4995	44.96	18.35
9.960417	1.875	-18.077778	NA	88.139	64.0728	184.9147	58.4899	80.7174	150.6098	148.9999	163.2054	119.3053	141.0078	115.0737	173.5206	133.8496	93.7762	106.8892	39.7052	98.8485	95.2668	51.54	23.05	139.7003	18.88	7.71	107.7649	44.52	18.18
10.085417	2	-17.952778	NA	89.0692	63.8712	185.0694	58.5154	80.2074	151.5478	149.2795	164.2774	119.725	142.1978	115.9412	174.0209	133.5443	94.4473	105.1727	39.8239	97.7931	95.3465	51.64	23.09	140.4948	18.98	7.75	107.4670	44.62	18.21
10.210417	2.125	-17.827778	NA	89.9857	63.8785	184.0443	58.7936	79.9639	147.5338	149.2693	165.3016	117.4383	142.3498	116.7817	173.7471	132.8557	94.5	103.4562	39.3761	96.6361	95.3332	51.13	22.87	139.7791	19.16	7.82	106.7619	44.66	18.23
10.335417	2.25	-17.702778	NA	88.7961	64.4894	181.9918	59.6543	79.8586	145.5666	149.0648	165.0901	115.2166	142.6869	116.9104	172.3473	130.3741	93.9728	102.7531	39.7925	96.5091	94.9580	50.04	22.38	139.0892	19.45	7.94	105.9582	43.87	17.91
10.460417	2.375	-17.577778	NA	87.7884	65.0785	179.21	59.9494	79.6419	140.1322	148.9498	164.0625	113.0055	142.9331	117.1643	170.7311	130.002	95.2929	102.9764	41.0109	97.1395	94.3336	48.74	21.80	137.7079	19.42	7.93	106.1921	42.88	17.50
10.585417	2.5	-17.452778	NA	88.1146	64.9633	180.5414	59.3932	79.2838	138.9414	149.2453	163.5332	115.0133	143.4799	117.2783	170.7173	128.4661	94.4535	103.4072	41.3944	96.4649	94.4593	49.45	22.11	137.9152	18.80	7.67	105.8172	42.66	17.41
10.710417	2.625	-17.327778	NA	88.7867	65.1785	183.2798	60.0485	78.9531	139.8219	150.1608	163.6077	116.6173	145.0519	117.2798	171.6294	126.9224	93.527	104.7507	40.3425	96.105	95.2493	50.50	22.58	138.7566	18.65	7.62	105.5462	43.15	17.62
10.835417	2.75	-17.202778	NA	90.6617	65.721	187.0197	59.965	78.2524	142.7087	151.3665	164.9115	119.6557	146.5688	118.4969	173.0731	127.8227	94.9207	105.0652	41.6961	97.2143	96.3240	52.06	23.28	140.6180	18.30	7.47	106.6320	43.15	17.61
10.960417	2.875	-17.077778	NA	92.4117	65.7381	187.609	60.2492	77.5775	144.1992	153.1157	166.4152	120.3057	148.1411	120.4621	173.4723	127.4411	94.1054	104.3088	41.7355	96.5733	96.7171	52.29	23.38	142.1065	18.42	7.52	106.2727	43.30	17.68
11.085417	3	-16.952778	NA	93.3354	65.5147	188.9912	60.0854	77.5095	145.3404	154.4996	167.4132	121.2075	149.6521	120.8498	172.7125	127.2432	93.3203	106.3883	42.4125	95.9323	97.0872	52.94	23.67	143.1604	18.67	7.62	106.3349	42.91	17.52
11.210417	3.125	-16.827778	NA	93.5297	65.3853	187.0427	60.2483	78.2127	145.1251	154.2932	168.107	120.5873	151.8609	121.6334	172.872	127.3511	94.0321	104.4418	42.7699	95.6288	96.8837	52.02	23.26	143.6011	18.96	7.74	106.1826	42.85	17.49
11.335417	3.25	-16.702778	NA	94.2363	65.5888	186.732	60.6774	78.2698	146.5582	154.5802	168.8553	121.2299	153.4211	121.7277	171.3037	127.1764	95.3507	105.5859	41.7178	95.5571	97.1009	51.76	23.15	144.3954	19.18	7.83	106.1153	42.59	17.39
11.460417	3.375	-16.577778	NA	93.9545	65.8259	187.5825	61.0616	78.0607	145.1738	155.3194	170.0848	120.9072	154.7542	122.8988	171.7113	126.5972	96.4029	105.0995	41.2637	95.0211	97.2970	52.05	23.28	144.8564	19.49	7.96	106.0160	42.77	17.46
11.585417	3.5	-16.452778	NA	93.2685	66.6976	186.0023	61.5875	77.0046	145.5073	156.2707	171.2546	121.3683	155.2069	123.0983	171.2269	126.0809	97.8485	105.3171	41.9674	94.8671	96.9121	51.25	22.92	145.4510	19.79	8.08	106.2180	42.30	17.27
11.710417	3.625	-16.327778	NA	94.0037	67.246	184.3777	61.2776	76.5299	145.8306	155.8434	170.3392	120.681	155.7338	122.4694	170.5712	125.8422	98.1735	105.7529	42.0841	95.0919	96.6870	50.56	22.61	145.1496	19.87	8.11	106.2526	42.02	17.15
11.835417	3.75	-16.202778	NA	94.0538	67.6604	185.6877	62.2639	76.096	146.0336	155.8313	169.8968	122.9075	156.3972	122.8117	170.2559	125.6914	97.5119	106.8817	42.3862	95.3127	97.1524	50.94	22.78	145.6464	19.21	7.84	106.3400	41.83	17.08
11.960417	3.875	-16.077778	NA	95.6188	67.8568	186.9782	62.1443	76.1424	149.0681	157.3108	171.1667	125.1876	156.568	124.0785	170.9608	125.3389	96.9398	108.5014	43.1999	95.2241	97.7481	51.46	23.02	147.2300	18.91	7.72	106.6942	41.81	17.07
12.085417	4	-15.952778	NA	96.3301	67.7542	187.1091	61.7884	76.4501	149.3001	158.8892	172.0215	125.442	156.7417	123.9073	170.3033	125.092	97.2402	108.3953	42.9766	94.0415	97.8864	51.56	23.06	147.7170	19.30	7.88	106.3415	41.70	17.03
12.210417	4.125	-15.827778	NA	95.5528	67.991	186.1746	62.279	76.0418	150.0548	159.3132	172.2396	125.1064	159.0729	124.5894	170.8371	124.5761	97.3553	107.4797	43.9569	92.5262	97.6078	51.08	22.85	148.3961	19.56	7.99	106.1219	41.61	16.99
12.335417	4.25	-15.702778	NA	95.0781	68.1904	185.4639	63.1659	75.8288	148.9574	158.4273	172.9444	125.479	159.3338	124.8007	170.1764	124.2968	97.4073	107.1611	44.012	91.7768	97.5454	50.62	22.64	148.3238	19.52	7.97	105.8051	41.41	16.90
12.460417	4.375	-15.577778	NA	95.6337	68.3181	185.8408	63.3745	75.5527	149.7534	159.7171	173.2839	127.6197	158.0162	125.1897	169.2714	123.7812	97.9036	107.9073	43.2608	92.481	97.7440	50.76	22.70	148.9300	19.03	7.77	105.7675	41.25	16.84
12.585417	4.5	-15.452778	NA	96.4413	68.7871	186.4011	64.2118	76.2519	150.5767	159.9974	174.4209	126.9114	160.8738	125.7219	170.0886	122.9871	98.3877	107.7902	44.7989	92.5685	98.4186	50.71	22.68	149.7503	19.68	8.04	106.1035	40.95	16.72
12.710417	4.625	-15.327778	NA	95.8333	69.1066	186.0502	64.1299	76.1723	151.2241	160.0206	174.7551	126.6354	163.7619	127.1036	168.604	122.4976	99.1527	107.4463	46.5271	92.9503	98.2585	50.54	22.60	150.5834	19.86	8.11	106.1963	39.87	16.28
12.835417	4.75	-15.202778	NA	96.1491	69.8144	185.7271	64.2483	76.0035	151.3768	160.5219	174.1532	127.7285	164.1358	126.9471	169.443	122.131	99.7429	107.3549	47.1935	92.7378	98.3885	50.29	22.49	150.8106	19.59	8.00	106.4339	39.90	16.29
12.960417	4.875	-15.077778	NA	97.7654	70.5678	184.6353	64.3816	77.2166	152.2332	160.9547	175.6855	127.4846	163.5586	127.3917	169.5262	121.4054	100.1982	108.3806	48.5614	92.4825	98.9133	49.54	22.15	151.2181	19.89	8.12	106.7591	39.47	16.11
13.085417	5	-14.952778	NA	97.9644	70.6573	185.7489	64.5235	76.9196	152.6698	162.7269	176.6767	128.3442	164.5555	127.6968	168.9754	120.3236	100.7761	108.6957	48.9763	92.362	99.1627	50.01	22.37	152.1116	20.16	8.23	106.6848	39.09	15.96
13.210417	5.125	-14.827778	NA	98.7715	71.079	186.0562	64.9025	76.4346	153.4269	162.3909	177.4164	128.3504	166.0732	128.4609	169.58	120.2463	101.3039	110.2805	48.5457	91.832	99.4488	50.07	22.39	152.6865	20.32	8.30	106.9647	39.45	16.11
13.335417	5.25	-14.702778	NA	99.4645	71.9178	184.9746	64.8133	76.6954	153.6477	162.4522	177.7637	127.7184	166.4936	127.7557	169.2104	119.8851	100.5748	109.496	49.5694	91.4977	99.5731	49.47	22.12	152.6386	20.79	8.49	106.7056	39.04	15.94
13.460417	5.375	-14.577778	NA	98.9104	72.9391	184.4904	65.746	77.8511	152.4048	162.9952	178.2695	126.4823	165.666	127.0509	168.7815	119.9423	100.1357	110.0614	49.8631	91.4104	99.9874	48.83	21.84	152.1448	21.31	8.70	106.6991	38.85	15.86
13.585417	5.5	-14.452778	NA	97.9762	73.5553	184.957	66.2311	77.526	153.2585	164.549	178.8155	128.6393	165.5297	127.7483	168.275	119.6843	101.1912	110.1292	49.9885	91.563	100.0491	48.90	21.87	153.0900	20.92	8.54	106.8052	38.59	15.76
13.710417	5.625	-14.327778	NA	97.8386	73.7845	184.0739	66.099	77.5878	154.0944	163.9447	178.5279	127.5943	165.8842	128.518	167.6702	118.841	102.1749	110.0712	49.1516	91.4626	99.8768	48.51	21.69	153.0939	20.90	8.53	106.5619	38.58	15.75
13.835417	5.75	-14.202778	NA	98.428	74.4222	185.4413	66.4725	78.54	153.2878	165.2036	178.3224	127.1501	166.0339	128.2796	168.3503	118.1047	103.0287	110.9519	48.7146	91.3732	100.6608	48.83	21.84	153.0462	21.16	8.64	106.7539	38.88	15.87
13.960417	5.875	-14.077778	NA	97.8344	74.6702	185.9576	66.117	78.8071	154.7594	164.7509	178.0725	127.1429	167.7001	129.6286	169.0671	117.4888	103.7629	110.6158	48.9906	91.4155	100.6773	49.07	21.94	153.6757	20.97	8.56	106.8901	38.97	15.91
14.085417	6	-13.952778	NA	97.8503	74.88	187.0187	66.158	78.5097	158.2664	163.9925	177.7315	126.6335	166.935	131.6064	163.6681	116.7272	104.5175	111.5964	49.5408	91.641	100.8833	49.53	22.15	154.1942	20.49	8.36	106.2818	37.06	15.13
14.210417	6.125	-13.827778	NA	98.0138	75.4101	184.3473	66.7029	78.1224	161.1133	163.2285	177.3905	128.1506	164.6972	133.5842	158.1636	115.9657	105.2722	112.3026	50.0909	91.8666	100.5193	48.24	21.57	154.6941	19.39	7.91	105.6103	35.17	14.36
14.335417	6.25	-13.702778	NA	94.8816	75.44	175.5764	66.256	76.7177	160.8746	162.1338	176.9764	134.2944	162.898	133.4308	156.9199	115.4615	105.493	111.6137	49.7547	91.2289	97.7743	44.71	20.00	155.1013	17.46	7.13	105.0786	34.90	14.25
14.460417	6.375	-13.577778	NA	96.5965	75.7635	175.2453	67.0723	77.6828	160.3496	161.7199	176.3594	136.3625	162.8276	134.0708	158.4091	114.3573	105.3955	111.8813	49.7041	89.6486	98.4721	44.25	19.79	155.2816	16.59	6.77	104.8993	35.44	14.47
14.585417	6.5	-13.452778	NA	95.7537	76.2644	174.944	66.7996	77.5525	161.0818	161.5616	173.9694	138.2791	162.9529	134.5143	157.4219	112.3969	105.6395	112.3536	49.4375	89.0054	98.2628	44.13	19.73	155.3932	15.50	6.33	104.3758	35.21	14.37
14.710417	6.625	-13.327778	NA	96.0318	77.4033	174.8968	67.9452	77.7952	160.1011	161.0296	173.7535	136.2097	162.8051	135.606	158.1369	111.3879	106.9719	112.3551	49.8007	88.887	98.8145	43.73	19.56	154.9175	15.52	6.34	104.5899	35.29	14.41
14.835417	6.75	-13.202778	NA	96.3767	78.1745	175.0945	66.9387	78.087	158.1978	162.2127	176.1837	131.1363	158.9933	134.063	154.2208	111.2437	106.5734	112.869	50.6778	88.4822	98.9343	43.86	19.62	153.4645	17.44	7.12	104.0112	33.89	13.84
14.960417	6.875	-13.077778	NA	98.053	79.3478	176.5374	68.1103	78.6239	157.1211	166.1839	177.5548	128.264	161.1706	134.3623	154.8502	111.5789	105.8827	113.3449	51.5333	88.5005	100.1345	44.05	19.70	154.1095	19.04	7.77	104.2818	33.84	13.82
15.085417	7	-12.952778	NA	98.4107	79.6271	179.2631	67.7942	79.9114	159.0855	167.375	177.27	131.1581	164.0096	134.65	153.4912	111.1521	106.2442	113.3577	51.5212	87.517	101.0013	45.10	20.17	155.5914	18.59	7.59	103.8806	33.52	13.69
15.210417	7.125	-12.827778	NA	99.7885	81.1934	177.403	68.3758	80.9754	158.4474	167.962	177.023	131.264	164.43	134.9446	153.0872	110.4863	106.7592	112.1038	52.2154	86.5744	101.5472	43.86	19.62	155.6785	18.53	7.56	103.5377	33.19	13.55
15.335417	7.25	-12.702778	NA	98.467	81.1086	176.8426	68.2049	80.039	158.8112	167.291	176.4907	130.7378	164.2488	134.7373	151.5776	110.4033	106.8518	111.8512	53.1202	86.7862	100.9324	43.79	19.58	155.3861	18.50	7.55	103.4317	32.43	13.24
15.460417	7.375	-12.577778	NA	97.0973	81.4061	177.678	68.7206	79.3984	158.9018	168.2145	176.707	130.7219	163.9907	134.3661	151.9151	110.0246	106.3366	112.7109	52.3239	86.9184	100.8601	44.12	19.73	155.4837	18.74	7.65	103.3716	32.78	13.38
15.585417	7.5	-12.452778	NA	98.4061	82.3152	176.3325	68.946	79.986	160.1416	168.17	176.6407	130.6037	164.1238	136.057	154.1687	109.4639	106.3246	112.8896	51.9194	87.5513	101.1972	43.30	19.36	155.9561	18.44	7.53	103.7196	33.51	13.68
15.710417	7.625	-12.327778	NA	98.7918	82.8812	175.6944	69.4807	80.4802	159.6642	169.1332	176.6523	130.7567	165.1511	135.4125	152.9908	108.7424	107.1244	113.7017	52.5957	87.8634	101.4657	42.80	19.14	156.1283	18.75	7.65	103.8364	32.95	13.45
15.835417	7.75	-12.202778	NA	97.8905	84.3208	175.0409	69.0619	80.6471	157.6809	168.4976	176.6166	130.9788	165.0125	135.3268	151.9622	109.2906	106.4958	112.8854	52.1146	87.6828	101.3922	42.44	18.98	155.6855	18.54	7.57	103.4052	32.77	13.38
15.960417	7.875	-12.077778	NA	101.9413	85.6315	175.8701	69.7906	82.8305	160.2032	172.091	179.4905	133.5748	168.4547	138.3656	153.9029	110.3343	107.0683	115.6978	52.144	88.6443	103.2128	42.20	18.87	158.6966	18.73	7.65	104.6319	33.46	13.66
16.085417	8	-11.952778	NA	106.2562	86.6655	176.0645	71.0273	85.2854	160.5104	175.5978	184.0276	133.0885	172.993	141.9236	163.9112	112.4989	109.3459	120.5926	53.5335	90.5716	105.0598	41.63	18.62	161.3568	20.15	8.23	108.4090	36.27	14.81
16.210417	8.125	-11.827778	NA	103.1012	87.0884	175.224	71.0955	84.8239	160.7657	169.7994	182.3552	124.6652	171.2072	138.7143	158.3179	112.8697	111.5249	114.8074	54.1548	91.0287	104.2666	41.26	18.45	157.9178	21.90	8.94	107.1172	34.05	13.90
16.335417	8.25	-11.702778	NA	101.7757	87.0557	172.9807	70.8529	85.1758	160.6538	167.277	179.254	125.0477	169.6858	137.6227	156.521	110.8778	108.6104	112.7284	53.9496	89.4596	103.5682	40.32	18.03	156.5902	20.84	8.51	105.3578	33.49	13.67
16.460417	8.375	-11.577778	NA	102.7716	87.9823	172.0923	71.2839	84.963	160.1327	168.0382	178.2426	126.9136	168.9901	136.5468	156.7232	109.794	106.6788	112.4581	53.8527	89.3501	103.8186	39.77	17.79	156.4773	20.24	8.26	104.8095	33.52	13.68
16.585417	8.5	-11.452778	NA	101.9445	89.525	171.4978	72.3936	85.4343	159.9374	166.9472	177.6891	126.026	169.7444	136.3484	156.278	109.6961	108.8998	111.6321	54.1792	89.1647	104.1590	39.09	17.48	156.1154	20.39	8.33	104.9750	33.30	13.59
16.710417	8.625	-11.327778	NA	101.1667	90.671	172.5322	71.9833	86.0161	158.1783	165.3853	177.5746	125.9319	169.39	136.6052	156.8676	109.6552	110.0768	111.715	54.3204	89.0902	104.4739	39.46	17.65	155.5109	20.08	8.20	105.2875	33.48	13.67
16.835417	8.75	-11.202778	NA	102.7064	91.4471	172.5952	71.1474	86.4568	158.2053	166.4791	177.1414	126.365	168.6277	136.3302	156.866	108.9144	108.5982	112.2175	53.7611	89.2013	104.8706	39.52	17.67	155.5248	19.92	8.13	104.9264	33.60	13.72
16.960417	8.875	-11.077778	NA	102.753	93.2814	174.1706	72.1083	87.6972	159.4921	166.7865	177.542	127.1618	169.6377	137.4223	156.9071	108.1967	108.1825	113.2648	54.068	88.6194	106.0021	39.70	17.75	156.3404	19.77	8.07	104.8731	33.60	13.72
17.085417	9	-10.952778	NA	102.8868	95.0369	173.3677	72.9105	88.9024	159.7331	168.4914	177.9879	127.9056	170.6461	138.191	157.0008	108.8694	109.5436	113.0156	54.5572	88.547	106.6209	38.90	17.40	157.1592	19.83	8.10	105.2556	33.52	13.69
17.210417	9.125	-10.827778	NA	102.4102	95.5157	172.3028	72.7105	88.7585	159.007	167.7498	178.5102	128.3729	170.9832	138.2168	158.6945	108.8961	109.9256	112.3321	54.623	88.1844	106.3395	38.48	17.21	157.1400	19.75	8.06	105.4426	34.05	13.90
17.335417	9.25	-10.702778	NA	101.4273	95.7679	170.662	73.3014	88.9387	159.3015	166.0052	178.1837	127.4531	170.8439	136.9967	157.3373	108.3319	110.6613	110.6482	54.953	87.6381	106.0195	37.64	16.83	156.4640	19.99	8.16	104.9283	33.53	13.69
17.460417	9.375	-10.577778	NA	100.3531	96.1967	170.8487	73.2799	88.6354	158.7633	166.4046	178.2862	127.2494	170.6706	137.881	157.0823	108.2946	110.428	109.9638	55.5993	87.3078	105.8628	37.77	16.89	156.5425	19.90	8.13	104.7793	33.26	13.58
17.585417	9.5	-10.452778	NA	100.1431	96.7103	169.567	73.1756	89.2096	155.7169	164.9873	177.2839	125.858	169.9917	137.7412	155.1469	108.5105	109.6525	109.1217	56.087	87.0179	105.7611	37.15	16.61	155.2632	19.84	8.10	104.2561	32.49	13.26
17.710417	9.625	-10.327778	NA	100.3291	99.4325	171.1053	73.5796	90.1472	156.1946	164.6976	176.8342	129.3787	169.9335	137.1746	155.555	108.3757	110.6482	108.9102	56.1791	87.9657	106.9187	37.46	16.75	155.7022	18.80	7.67	104.6056	32.52	13.28
17.835417	9.75	-10.202778	NA	109.5157	102.1915	175.8623	75.3369	90.9552	159.5093	167.0901	181.74	143.6653	173.6896	137.73	156.6706	109.8123	113.3745	110.7442	57.5245	90.3533	110.7723	38.60	17.26	160.5707	17.15	7.00	106.4132	32.41	13.23
17.960417	9.875	-10.077778	NA	107.8023	103.3057	180.6193	75.7117	91.7491	162.824	169.4827	184.5838	140.0666	173.7028	138.438	157.7863	112.2024	115.057	112.5781	58.789	92.0888	111.8376	40.40	18.07	161.5163	18.65	7.61	108.0836	32.38	13.22
18.085417	10	-9.952778	NA	104.0196	102.1503	176.2125	74.6359	92.4505	160.1275	169.85	179.7291	142.5581	170.0357	138.0272	156.939	109.7665	111.9075	112.9847	56.8851	90.1687	109.8938	38.86	17.38	160.0546	16.58	6.77	106.4419	32.72	13.36
18.210417	10.125	-9.827778	NA	102.8168	101.8163	174.727	74.3327	92.9588	157.6662	169.4004	178.6794	142.1723	169.5914	137.4662	156.7596	108.1631	110.3764	111.8649	57.4383	88.693	109.3303	38.30	17.13	159.1626	16.47	6.72	105.5492	32.53	13.28
18.335417	10.25	-9.702778	NA	101.1936	102.6521	169.9985	74.1758	93.1342	155.2178	168.0807	178.3451	142.307	169.6204	137.2954	155.4753	107.4106	114.0765	110.334	57.5133	88.3802	108.2308	36.34	16.25	158.4777	16.32	6.66	105.5316	32.23	13.16
18.460417	10.375	-9.577778	NA	99.9819	103.3414	169.296	75.3411	93.2143	153.6239	166.7845	177.1067	140.7833	168.5936	136.5963	154.3448	107.1959	114.6416	109.0164	58.1426	87.6981	108.2349	35.81	16.01	157.2481	16.28	6.65	105.1732	31.76	12.97
18.585417	10.5	-9.452778	NA	98.7055	103.6186	167.4686	75.231	93.1956	153.3313	165.261	176.1944	140.4017	167.5852	135.5272	153.0279	106.1687	115.2047	107.6251	58.0049	87.4636	107.6439	35.12	15.71	156.3835	16.10	6.57	104.5825	31.41	12.82
18.710417	10.625	-9.327778	NA	99.3249	104.8871	170.2099	74.7059	93.1572	153.2406	164.638	176.4719	141.8645	167.7559	134.7193	153.9752	105.5086	116.3537	109.2512	58.3728	87.6542	108.4570	36.34	16.25	156.4484	16.07	6.56	105.1860	31.69	12.94
18.835417	10.75	-9.202778	NA	101.9798	105.4151	174.0312	75.9403	94.3081	155.4538	166.2145	177.493	145.3385	169.3051	135.3852	156.5665	107.1543	116.4941	111.5611	59.1313	87.093	110.3349	37.39	16.72	158.1984	15.83	6.46	106.3334	32.41	13.23
18.960417	10.875	-9.077778	NA	104.1357	106.337	173.9884	76.7888	94.7287	156.4838	167.2224	178.94	146.1536	170.5495	136.4314	157.288	107.5734	118.5859	111.9473	60.4442	88.0576	111.1957	36.98	16.54	159.2968	15.99	6.53	107.3161	32.29	13.18
19.085417	11	-8.952778	NA	104.87	107.5849	173.323	77.6449	94.6296	157.2333	167.9665	180.1175	145.5388	170.5013	136.8226	156.9696	108.3055	119.1525	112.2214	61.443	88.9031	111.6105	36.44	16.30	159.6967	16.32	6.66	107.8325	31.85	13.00
19.210417	11.125	-8.827778	NA	105.105	107.2578	173.3109	78.9159	95.6745	157.6939	167.8635	180.3194	146.0572	170.4657	137.0823	156.9261	107.3938	119.8208	111.0555	61.7305	88.1044	112.0528	36.02	16.11	159.9137	16.18	6.61	107.5052	31.87	13.01
19.335417	11.25	-8.702778	NA	103.2266	107.0526	168.4508	79.2641	95.9287	154.9826	166.8019	180.1092	144.1612	169.7912	137.1728	155.6308	108.3461	118.6552	108.8758	63.4169	87.4799	110.7846	33.95	15.18	158.8365	16.34	6.67	107.0674	30.94	12.63
19.460417	11.375	-8.577778	NA	101.6188	107.866	168.5269	78.5988	95.3607	153.6271	164.8131	178.928	141.1459	168.2008	136.7185	153.9324	107.4681	118.8823	107.1367	62.3508	86.914	110.3942	34.28	15.33	157.2389	16.38	6.69	106.1141	30.78	12.56
19.585417	11.5	-8.452778	NA	101.0008	108.1713	168.771	78.5554	95.3358	151.9794	163.3521	178.2003	141.454	167.0946	135.9026	153.9822	108.0536	119.7674	107.1223	62.9911	86.6797	110.3669	34.43	15.40	156.3305	16.13	6.59	106.4327	30.72	12.54
19.710417	11.625	-8.327778	NA	102.197	108.7269	170.8224	78.5025	96.2618	152.4312	163.506	178.1374	142.744	166.8822	135.3656	154.9901	108.1749	120.7625	107.458	63.5147	86.9555	111.3021	35.12	15.71	156.5111	15.98	6.53	106.9759	30.94	12.63
19.835417	11.75	-8.202778	NA	104.2322	109.5168	175.0484	78.6884	96.8731	155.1778	164.3558	179.1758	143.5487	167.0881	135.9529	155.9323	109.5162	123.6091	109.8367	63.6183	89.4076	112.8718	36.66	16.40	157.5498	15.96	6.51	108.6534	31.18	12.73
19.960417	11.875	-8.077778	NA	105.9903	110.2678	176.1718	79.0927	97.4955	156.5807	164.8772	180.266	144.5395	167.0673	137.026	156.6427	109.2969	124.4948	111.1948	63.7781	88.2188	113.8036	36.86	16.48	158.3928	15.80	6.45	108.9377	31.60	12.90
20.085417	12	-7.952778	NA	106.9301	111.1873	175.1012	78.8981	97.9011	156.2468	165.101	180.8076	145.2151	166.6	137.187	156.7685	110.2729	124.0668	110.9693	64.176	89.0411	114.0036	36.34	16.25	158.5263	15.76	6.44	109.2158	31.37	12.81
20.210417	12.125	-7.827778	NA	106.246	111.1143	172.633	78.9285	98.7591	157.1967	164.6818	180.4466	145.0227	165.8466	136.6255	156.2923	109.5517	123.037	109.9181	64.9429	88.2493	113.5362	35.24	15.76	158.3033	15.72	6.42	108.6652	31.00	12.66
20.335417	12.25	-7.702778	NA	105.5275	111.203	170.1372	80.078	99.2976	155.5264	163.9436	180.5549	144.1942	165.9839	136.544	155.6595	110.0182	125.2975	108.0724	66.357	87.9043	113.2487	33.89	15.16	157.7912	15.90	6.49	108.8848	30.69	12.53
20.460417	12.375	-7.577778	NA	104.555	111.0293	170.5527	80.5309	98.7528	152.0733	162.9749	180.027	143.1046	165.6209	136.5441	153.738	109.6843	126.5072	107.9342	67.4419	89.0412	113.0841	34.08	15.24	156.7241	15.97	6.52	109.0578	29.78	12.16
20.585417	12.5	-7.452778	NA	103.3116	110.4618	166.9764	80.0492	98.6284	150.7786	161.0619	178.4394	138.6185	164.4624	135.797	151.4789	109.7914	125.138	106.2322	66.4836	90.8408	111.8855	32.79	14.66	154.8596	16.31	6.66	108.3275	29.01	11.84
20.710417	12.625	-7.327778	NA	103.3433	111.3882	170.4975	80.2545	98.6426	151.3456	160.9506	177.6776	140.2277	163.4773	135.527	152.4157	108.273	126.07	107.1766	66.2483	92.5622	112.8252	34.21	15.30	154.8676	15.70	6.41	108.7910	29.25	11.94
20.835417	12.75	-7.202778	NA	104.6943	113.2404	171.6287	81.116	100.0805	152.167	161.9392	178.571	141.9996	163.0923	135.62	154.0641	109.0369	128.3609	108.7552	67.0844	92.2237	114.1520	34.22	15.30	155.5649	15.62	6.38	109.9209	29.80	12.16
20.960417	12.875	-7.077778	NA	106.8494	114.1296	176.4681	81.5791	101.5732	154.0954	163.7615	178.656	144.645	163.0744	135.6378	155.8101	110.635	129.3611	110.1569	68.9218	92.4395	116.1199	35.83	16.03	156.6450	15.29	6.24	111.2207	29.87	12.19
21.085417	13	-6.952778	NA	107.8218	114.6691	176.5013	81.9261	102.0092	154.5629	164.4791	178.7749	144.5666	163.219	135.8727	156.2589	110.8006	129.9465	110.2972	69.1468	92.5139	116.5855	35.65	15.94	156.9125	15.33	6.26	111.4940	30.00	12.25
21.210417	13.125	-6.827778	NA	107.8889	115.2085	176.2709	82.2731	102.4452	154.7381	164.3433	178.8937	144.2331	163.3636	136.1075	156.1474	110.9662	130.532	110.1627	69.3718	92.5884	116.8173	35.42	15.84	156.9466	15.35	6.27	111.6281	29.97	12.23
21.335417	13.25	-6.702778	NA	107.956	115.7479	176.0406	82.6201	102.8812	154.9133	164.2075	179.0125	143.8996	163.5082	136.3424	156.0358	111.1317	131.1175	110.0281	69.5969	92.6629	117.0492	35.18	15.73	156.9806	15.37	6.28	111.7621	29.94	12.22
21.460417	13.375	-6.577778	NA	108.0231	116.2874	175.8102	82.9671	103.3172	155.0885	164.0717	179.1314	143.5661	163.6528	136.5772	155.9242	111.2973	131.7029	109.8936	69.8219	92.7373	117.2810	34.95	15.63	157.0146	15.40	6.29	111.8962	29.91	12.21
21.585417	13.5	-6.452778	NA	108.0902	116.8268	175.5798	83.3141	103.7532	155.2637	163.9359	179.2502	143.2326	163.7974	136.812	155.8127	111.4629	132.2884	109.759	70.047	92.8118	117.5128	34.71	15.52	157.0486	15.42	6.30	112.0303	29.88	12.20
21.710417	13.625	-6.327778	NA	108.1573	117.3663	175.3494	83.6611	104.1892	155.4389	163.8001	179.369	142.8991	163.942	137.0469	155.7011	111.6285	132.8739	109.6245	70.272	92.8863	117.7447	34.48	15.42	157.0827	15.45	6.31	112.1644	29.86	12.19
21.835417	13.75	-6.202778	NA	108.2244	117.9057	175.119	84.0081	104.6252	155.6141	163.6643	179.4879	142.5656	164.0866	137.2817	155.5895	111.794	133.4593	109.4899	70.497	92.9607	117.9765	34.25	15.32	157.1167	15.49	6.32	112.2984	29.84	12.18
21.960417	13.875	-6.077778	NA	108.2915	118.4452	174.8886	84.3551	105.0612	155.7893	163.5285	179.6067	142.2321	164.2312	137.5166	155.4779	111.9596	134.0448	109.3554	70.7221	93.0352	118.2083	34.02	15.22	157.1507	15.52	6.34	112.4325	29.82	12.17
22.085417	14	-5.952778	NA	108.3586	118.9846	174.6583	84.7021	105.4972	155.9645	163.3927	179.7256	141.8986	164.3758	137.7514	155.3664	112.1252	134.6303	109.2208	70.9471	93.1096	118.4402	33.79	15.11	157.1848	15.56	6.35	112.5666	29.80	12.17
22.210417	14.125	-5.827778	NA	108.4257	119.5241	174.4279	85.0491	105.9332	156.1397	163.2569	179.8444	141.5651	164.5204	137.9863	155.2548	112.2908	135.2157	109.0863	71.1722	93.1841	118.6720	33.57	15.01	157.2188	15.61	6.37	112.7006	29.79	12.16
22.335417	14.25	-5.702778	NA	108.4928	120.0635	174.1975	85.3961	106.3692	156.3148	163.1211	179.9632	141.2316	164.6651	138.2211	155.1432	112.4564	135.8012	108.9517	71.3972	93.2586	118.9038	33.34	14.91	157.2528	15.65	6.39	112.8347	29.78	12.16
22.460417	14.375	-5.577778	NA	108.5599	120.603	173.9671	85.7431	106.8052	156.49	162.9853	180.0821	140.8981	164.8097	138.4559	155.0316	112.6219	136.3867	108.8172	71.6222	93.333	119.1357	33.12	14.81	157.2869	15.70	6.41	112.9688	29.77	12.15
22.585417	14.5	-5.452778	NA	108.627	121.1424	173.7367	86.0901	107.2412	156.6652	162.8495	180.2009	140.5646	164.9543	138.6908	154.9201	112.7875	136.9721	108.6826	71.8473	93.4075	119.3675	32.90	14.71	157.3209	15.75	6.43	113.1029	29.76	12.15
22.710417	14.625	-5.327778	NA	108.6941	121.6818	173.5063	86.4371	107.6772	156.8404	162.7137	180.3197	140.2311	165.0989	138.9256	154.8085	112.9531	137.5576	108.5481	72.0723	93.482	119.5993	32.68	14.61	157.3549	15.81	6.45	113.2369	29.75	12.15
22.835417	14.75	-5.202778	NA	108.7612	122.2213	173.2759	86.7841	108.1132	157.0156	162.5779	180.4386	139.8976	165.2435	139.1605	154.6969	113.1187	138.1431	108.4135	72.2974	93.5564	119.8311	32.46	14.52	157.3890	15.86	6.48	113.3710	29.75	12.15
22.960417	14.875	-5.077778	NA	108.8283	122.7607	173.0456	87.1311	108.5492	157.1908	162.4421	180.5574	139.5641	165.3881	139.3953	154.5854	113.2842	138.7285	108.279	72.5224	93.6309	120.0630	32.24	14.42	157.4230	15.92	6.50	113.5051	29.75	12.15
23.085417	15	-4.952778	NA	108.8954	123.3002	172.8152	87.4781	108.9852	157.366	162.3063	180.6762	139.2306	165.5327	139.6302	154.4738	113.4498	139.314	108.1444	72.7474	93.7054	120.2948	32.02	14.32	157.4570	15.99	6.53	113.6391	29.75	12.15
23.210417	15.125	-4.827778	NA	108.9625	123.8396	172.5848	87.8251	109.4212	157.5412	162.1705	180.7951	138.8971	165.6773	139.865	154.3622	113.6154	139.8995	108.0099	72.9725	93.7798	120.5266	31.81	14.23	157.4910	16.05	6.55	113.7732	29.76	12.15
23.335417	15.25	-4.702778	NA	109.0296	124.3791	172.3544	88.1721	109.8572	157.7164	162.0347	180.9139	138.5636	165.8219	140.0998	154.2506	113.781	140.4849	107.8753	73.1975	93.8543	120.7585	31.60	14.13	157.5250	16.12	6.58	113.9073	29.76	12.15
23.460417	15.375	-4.577778	NA	109.0967	124.9185	172.124	88.5191	110.2932	157.8916	161.8989	181.0327	138.2301	165.9665	140.3347	154.1391	113.9465	141.0704	107.7408	73.4226	93.9287	120.9903	31.39	14.04	157.5591	16.19	6.61	114.0414	29.77	12.16
23.585417	15.5	-4.452778	NA	109.1637	125.458	171.8936	88.8661	110.7292	158.0668	161.7631	181.1516	137.8966	166.1111	140.5695	154.0275	114.1121	141.6559	107.6062	73.6476	94.0032	121.2221	31.18	13.94	157.5931	16.27	6.64	114.1754	29.79	12.16
23.710417	15.625	-4.327778	NA	109.2308	125.9974	171.6633	89.2131	111.1652	158.242	161.6273	181.2704	137.5631	166.2557	140.8044	153.9159	114.2777	142.2414	107.4717	73.8726	94.0777	121.4540	30.97	13.85	157.6272	16.34	6.67	114.3095	29.80	12.17
23.835417	15.75	-4.202778	NA	109.2979	126.5369	171.4329	89.5601	111.6012	158.4172	161.4915	181.3892	137.2296	166.4003	141.0392	153.8043	114.4433	142.8268	107.3371	74.0977	94.1521	121.6858	30.76	13.76	157.6612	16.42	6.70	114.4436	29.82	12.17
23.960417	15.875	-4.077778	NA	109.365	127.0763	171.2025	89.9071	112.0372	158.5924	161.3557	181.5081	136.896	166.545	141.2741	153.6928	114.6088	143.4123	107.2026	74.3227	94.2266	121.9176	30.56	13.67	157.6952	16.50	6.74	114.5776	29.83	12.18
24.085417	16	-3.952778	NA	109.4321	127.6157	170.9721	90.2541	112.4732	158.7676	161.2199	181.6269	136.5625	166.6896	141.5089	153.5812	114.7744	143.9978	107.068	74.5477	94.3011	122.1494	30.36	13.58	157.7292	16.59	6.77	114.7117	29.86	12.19
24.210417	16.125	-3.827778	NA	109.4992	128.1552	170.7417	90.6011	112.9092	158.9428	161.0841	181.7458	136.229	166.8342	141.7437	153.4696	114.94	144.5832	106.9335	74.7728	94.3755	122.3813	30.16	13.49	157.7633	16.67	6.81	114.8458	29.88	12.20
24.335417	16.25	-3.702778	NA	109.5663	128.6946	170.5113	90.9481	113.3452	159.1179	160.9483	181.8646	135.8955	166.9788	141.9786	153.3581	115.1056	145.1687	106.7989	74.9978	94.45	122.6131	29.96	13.40	157.7973	16.76	6.84	114.9798	29.90	12.21
24.460417	16.375	-3.577778	NA	109.6334	129.2341	170.2809	91.2951	113.7812	159.2931	160.8125	181.9834	135.562	167.1234	142.2134	153.2465	115.2711	145.7542	106.6644	75.2229	94.5245	122.8449	29.76	13.31	157.8313	16.86	6.88	115.1139	29.93	12.22
24.585417	16.5	-3.452778	NA	109.7005	129.7735	170.0506	91.6421	114.2172	159.4683	160.6766	182.1023	135.2285	167.268	142.4483	153.1349	115.4367	146.3396	106.5298	75.4479	94.5989	123.0768	29.57	13.22	157.8653	16.95	6.92	115.2480	29.96	12.23
24.710417	16.625	-3.327778	NA	109.7676	130.313	169.8202	91.9891	114.6532	159.6435	160.5408	182.2211	134.895	167.4126	142.6831	153.0233	115.6023	146.9251	106.3953	75.6729	94.6734	123.3086	29.38	13.14	157.8993	17.05	6.96	115.3820	29.99	12.25
24.835417	16.75	-3.202778	NA	109.8347	130.8524	169.5898	92.3361	115.0892	159.8187	160.405	182.3399	134.5615	167.5572	142.918	152.9118	115.7679	147.5106	106.2607	75.898	94.7479	123.5404	29.18	13.05	157.9334	17.14	7.00	115.5161	30.03	12.26
24.960417	16.875	-3.077778	NA	109.9018	131.3919	169.3594	92.6831	115.5252	159.9939	160.2692	182.4588	134.228	167.7018	143.1528	152.8002	115.9334	148.096	106.1262	76.123	94.8223	123.7723	29.00	12.97	157.9674	17.25	7.04	115.6502	30.07	12.27
25.085417	17	-2.952778	NA	109.9689	131.9313	169.129	93.0301	115.9612	160.1691	160.1334	182.5776	133.8945	167.8464	143.3876	152.6886	116.099	148.6815	105.9916	76.3481	94.8968	124.0041	28.81	12.88	158.0014	17.35	7.08	115.7843	30.11	12.29
25.210417	17.125	-2.827778	NA	110.036	132.4708	168.8986	93.3771	116.3972	160.3443	159.9976	182.6964	133.561	167.991	143.6225	152.5771	116.2646	149.267	105.8571	76.5731	94.9712	124.2359	28.63	12.80	158.0355	17.45	7.13	115.9184	30.15	12.31
25.335417	17.25	-2.702778	NA	110.1031	133.0102	168.6683	93.7241	116.8332	160.5195	159.8618	182.8153	133.2275	168.1356	143.8573	152.4655	116.4302	149.8524	105.7225	76.7981	95.0457	124.4678	28.44	12.72	158.0695	17.56	7.17	116.0524	30.19	12.33
25.460417	17.375	-2.577778	NA	110.1702	133.5496	168.4379	94.0711	117.2692	160.6947	159.726	182.9341	132.894	168.2802	144.0922	152.3539	116.5957	150.4379	105.588	77.0232	95.1202	124.6996	28.27	12.64	158.1035	17.67	7.21	116.1865	30.24	12.34
25.585417	17.5	-2.452778	NA	110.2373	134.0891	168.2075	94.4181	117.7052	160.8699	159.5902	183.0529	132.5605	168.4248	144.327	152.2423	116.7613	151.0234	105.4534	77.2482	95.1946	124.9314	28.09	12.56	158.1376	17.78	7.26	116.3205	30.28	12.36
25.710417	17.625	-2.327778	NA	109.6979	134.5531	168.251	94.4889	117.4522	160.7622	159.4544	182.0325	132.4204	167.8353	143.7009	152.1538	116.5941	151.4542	106.5315	77.0714	95.4845	124.8886	28.21	12.62	157.7010	17.56	7.17	116.5482	30.29	12.37
25.835417	17.75	-2.202778	NA	111.0982	136.0145	171.294	95.0665	116.9844	164.5713	159.1906	181.1038	135.7809	167.6003	143.4941	153.9059	116.609	152.6629	109.7543	76.1202	96.194	126.0915	29.21	13.06	158.6235	16.57	6.76	117.5410	30.95	12.63
25.960417	17.875	-2.077778	NA	112.6889	137.4177	173.8731	95.9731	116.7643	166.7986	160.2499	182.1077	135.7828	167.765	143.6248	155.2733	119.2494	155.9433	112.7012	76.1439	96.7001	127.3434	29.91	13.37	159.3881	17.02	6.95	119.3352	31.79	12.98
26.085417	18	-1.952778	NA	113.4953	137.5268	172.9349	96.6999	116.3786	165.9743	159.383	182.4425	134.3362	166.787	143.589	154.2802	119.1248	159.1872	112.2948	77.6104	97.8375	127.4071	29.30	13.10	158.7520	17.35	7.08	120.0558	31.81	12.99
26.210417	18.125	-1.827778	NA	113.085	136.3292	171.9144	96.5403	116.3383	167.5041	158.5202	181.6983	133.6284	166.1922	143.0022	153.4688	118.4545	160.5571	112.5807	77.6404	98.8551	126.8414	28.89	12.92	158.4242	17.53	7.16	120.2594	31.82	12.99
26.335417	18.25	-1.702778	NA	110.8942	136.3188	167.0925	96.5313	116.1252	162.1005	155.6195	180.8876	129.4718	165.2261	142.3507	151.2944	116.8585	159.2343	109.1123	76.5988	97.5759	125.3924	27.33	12.22	155.9427	18.07	7.38	118.4457	31.68	12.93
26.460417	18.375	-1.577778	NA	108.7787	136.7186	162.2141	96.097	115.7322	159.9895	152.8906	178.9231	125.8756	162.6562	140.7916	148.2743	116.366	158.0014	105.9653	75.0091	96.4561	123.9081	25.98	11.62	153.5211	18.42	7.52	116.6787	31.52	12.87
26.585417	18.5	-1.452778	NA	108.527	136.3414	166.1351	96.2567	116.2733	159.8015	153.1119	177.4721	127.994	161.5843	140.1659	149.6702	115.5066	158.5949	108.0031	74.6322	95.5211	124.7067	27.36	12.24	153.3550	17.37	7.09	116.9880	32.05	13.09
26.710417	18.625	-1.327778	NA	108.023	137.7911	167.0323	96.761	116.1002	158.6825	152.4733	177.1029	126.9773	161.0913	139.1733	149.8217	117.2783	157.6674	108.7161	76.4392	95.8278	125.1415	27.82	12.44	152.5834	17.59	7.18	117.6251	31.28	12.77
26.835417	18.75	-1.202778	NA	110.6504	138.4484	170.7586	98.1669	116.3214	160.7377	152.7452	176.7613	128.942	161.4958	139.5218	151.0352	116.28	160.3634	111.3545	76.025	94.1537	126.8691	28.54	12.76	153.3673	17.07	6.97	118.2020	32.45	13.25
26.960417	18.875	-1.077778	NA	113.8576	139.0137	173.5442	99.834	116.7616	164.3664	153.9517	178.1581	131.8241	162.593	141.2819	153.2002	118.9711	162.2463	114.517	76.849	96.8531	128.6022	28.78	12.87	155.3625	16.78	6.85	120.4394	32.60	13.31
27.085417	19	-0.952778	NA	114.0742	139.2329	172.0763	99.3385	116.9265	163.9934	152.9745	178.4385	129.9765	161.7549	141.3945	152.1923	118.5538	162.788	114.6153	77.094	98.3334	128.3297	28.31	12.66	154.7554	17.27	7.05	120.5961	32.27	13.17
27.210417	19.125	-0.827778	NA	112.7658	138.5869	169.3397	99.1416	117.9587	165.164	151.9828	177.8278	129.6403	160.2375	140.7493	150.9782	118.3335	166.2253	113.8342	79.5436	99.1058	127.5585	27.32	12.22	154.2670	17.34	7.08	121.3368	32.25	13.17
27.335417	19.25	-0.702778	NA	111.3081	138.3922	165.3843	100.122	118.5847	161.301	150.4734	177.0953	125.4984	159.1348	140.4576	148.846	117.1355	168.0656	111.5407	80.5672	97.9159	126.7583	25.70	11.49	152.3268	17.91	7.31	120.6785	32.44	13.24
27.460417	19.375	-0.577778	NA	105.3945	138.0147	155.6854	99.7137	116.6852	151.9777	145.5477	173.8016	124.8474	156.183	137.5326	147.7966	116.4174	164.0187	104.9068	80.1283	96.6776	123.0987	23.38	10.45	148.3150	16.73	6.83	118.3242	31.84	13.00
27.585417	19.5	-0.452778	NA	105.1814	138.0748	163.5124	99.1931	117.2604	155.8748	145.1522	170.4196	124.1744	154.4949	136.337	146.969	112.8959	165.5506	109.3974	78.2157	94.4785	124.6444	26.33	11.77	147.7422	16.24	6.63	117.9179	32.67	13.34
27.710417	19.625	-0.327778	NA	107.1664	138.5185	164.0836	100.1622	118.1939	155.228	145.5474	170.4302	123.1368	154.6792	136.1408	147.2462	113.9271	169.1601	111.0822	78.2157	95.9135	125.6249	25.93	11.60	147.5271	16.51	6.74	119.2575	33.46	13.66
27.835417	19.75	-0.202778	NA	107.6461	138.5185	164.0836	100.8214	118.3065	155.2159	145.5906	170.4302	123.1368	154.7574	135.9343	147.317	113.9271	169.1601	111.1575	78.2157	95.9135	125.8752	25.68	11.48	147.5109	16.55	6.76	119.2818	33.47	13.66
27.960417	19.875	-0.077778	NA	107.6461	138.5185	164.0836	100.8214	118.3065	155.2159	145.5906	170.4302	123.1368	154.7574	135.9343	147.317	113.9271	169.1601	111.1575	78.2157	95.9135	125.8752	25.68	11.48	147.5109	16.55	6.76	119.2818	33.47	13.66
28.038194	19.952778	0	NA	107.6461	138.5185	164.0836	100.8214	118.3065	155.2159	145.5906	170.4302	123.1368	154.7574	135.9343	147.317	113.9271	169.1601	111.1575	78.2157	95.9135	125.8752	25.68	11.48	147.5109	16.55	6.76	119.2818	33.47	13.66
28.163194	20.077778	0.125	NA	241.7755	132.042	409.5872	67.6413	113.15	374.2433	305.5429	292.8447	320.0396	264.9743	269.0172	157.1296	152.1613	169.5254	136.2372	173.5451	170.9868	192.8392	137.02	61.28	304.4437	40.16	16.39	159.9309	14.35	5.86
28.288194	20.202778	0.25	NA	326.0948	125.6524	424.5307	36.5086	107.9935	426.7039	400.8891	415.2596	346.8865	365.0862	372.6035	166.9423	190.3957	169.8907	139.1458	268.8748	246.0603	204.1560	163.52	73.13	387.9048	31.18	12.73	196.8849	50.20	20.50
28.413194	20.327778	0.375	NA	298.351	135.0029	375.1641	32.0875	102.8369	393.4283	375.0087	405.4961	308.4259	379.5653	347.3607	176.7549	234.2638	199.1313	140.4462	299.8503	280.2559	188.6885	142.81	63.87	368.2142	35.24	14.39	221.7837	61.36	25.05
28.538194	20.452778	0.5	NA	331.7898	177.7899	417.0817	32.8957	97.6804	435.6302	401.1004	459.5897	345.8991	391.6729	380.6188	186.5676	280.6745	257.9266	182.0371	359.7563	331.6769	211.4475	160.25	71.67	402.4185	40.39	16.49	266.4398	73.13	29.86
28.663194	20.577778	0.625	NA	357.5935	207.4615	445.8779	33.704	93.67	416.5189	389.698	478.212	378.2526	383.6846	383.4928	196.3802	223.7505	235.3543	211.6341	358.7291	309.8208	227.6614	173.55	77.62	404.9765	38.36	15.66	255.9448	63.94	26.10
28.788194	20.702778	0.75	NA	323.9303	171.8827	406.0619	34.5123	93.9088	342.5859	325.2711	386.349	335.5172	368.466	326.9124	206.1929	178.347	204.0066	194.4299	301.4986	268.6982	206.0592	155.78	69.67	347.5169	24.64	10.06	225.5289	48.30	19.72
28.913194	20.827778	0.875	NA	276.6868	146.8887	336.8897	35.3205	93.4484	273.6847	260.8442	318.6321	251.9232	291.9777	270.4536	216.0055	145.3552	171.5708	159.9939	256.928	227.5757	177.8468	125.96	56.33	277.9193	24.07	9.83	196.2382	43.74	17.86
29.038194	20.952778	1	NA	233.8045	124.2283	290.5576	36.1288	95.3116	237.5044	219.3349	259.1375	211.7258	232.7425	226.0523	199.4221	112.3635	141.3651	132.4956	216.3536	186.5627	156.0062	103.95	46.49	231.0829	16.55	6.76	164.7604	41.65	17.00
29.163194	21.077778	1.125	NA	202.4308	111.5594	261.669	36.937	98.4048	218.8458	203.3029	237.487	192.5801	215.6346	205.6933	171.6882	105.8354	131.2236	113.8619	191.438	165.2467	142.2002	89.22	39.90	212.2573	15.50	6.33	146.5490	34.52	14.09
29.288194	21.202778	1.25	NA	183.9642	103.4118	246.1431	37.7453	96.409	207.5095	192.3822	226.4584	181.8471	205.1517	193.5035	156.6621	102.7715	123.1316	101.6692	178.9669	154.8533	133.5347	81.68	36.53	201.1421	15.52	6.34	136.3424	31.86	13.01
29.413194	21.327778	1.375	NA	173.7396	98.8111	235.4622	38.5536	91.2459	201.5063	185.2423	219.2897	175.0473	196.6223	185.6557	151.0514	97.8429	117.9041	93.3835	168.6906	146.501	127.5625	77.21	34.53	193.8939	15.55	6.35	129.2289	30.76	12.56
29.538194	21.452778	1.5	NA	168.1501	96.5341	231.9043	39.3618	86.091	198.5667	181.1965	215.0963	171.8652	193.4434	180.2745	148.2902	90.2493	115.249	88.3421	161.0081	145.1431	124.4083	75.74	33.87	190.0738	15.59	6.37	124.7136	31.28	12.77
29.663194	21.577778	1.625	NA	164.299	94.8117	226.9189	40.1701	81.6111	196.7199	177.8838	211.7804	167.7297	191.5517	177.0674	145.0259	90.252	115.4672	85.3125	158.6639	138.3483	121.5622	73.93	33.06	187.1222	16.01	6.54	122.1783	30.13	12.30
29.788194	21.702778	1.75	NA	163.9382	94.8539	225.8622	40.9783	78.4441	197.0457	179.4053	210.1288	166.6305	190.4673	177.6159	147.5664	87.3809	113.3628	86.4065	157.0911	136.6633	120.8153	73.72	32.97	186.8822	15.55	6.35	121.4118	30.46	12.43
29.913194	21.827778	1.875	NA	168.4957	96.2689	225.7857	41.7866	77.5404	219.5901	186.2821	214.8018	165.3742	195.2591	181.1892	154.3582	90.1928	118.1342	88.3662	158.0956	141.0155	121.9755	74.17	33.17	193.7494	20.65	8.43	125.0271	31.03	12.67
30.038194	21.952778	2	NA	162.9168	96.4336	224.978	42.5948	74.3453	203.4507	180.6201	213.672	163.8246	193.1329	176.0649	145.3622	92.4965	118.9611	83.0859	156.839	141.3566	120.2537	73.30	32.78	188.4609	18.46	7.54	123.0169	30.07	12.28
30.163194	22.077778	2.125	NA	162.6828	97.0343	223.0929	43.4031	72.8203	204.0666	179.635	212.0325	163.1102	193.0254	175.3515	143.3388	94.4992	121.6211	83.1264	157.064	140.4346	119.8067	72.58	32.46	187.8702	18.49	7.55	123.3473	29.26	11.95
30.288194	22.202778	2.25	NA	164.2003	98.507	224.4094	42.8723	71.2765	204.1475	179.2482	213.3141	164.365	192.9382	176.6883	142.9353	96.2822	125.8206	84.6526	158.6501	144.4004	120.2531	73.55	32.89	188.4502	18.37	7.50	125.4569	29.27	11.95
30.413194	22.327778	2.375	NA	166.1951	99.7609	224.1112	42.4146	70.156	202.5185	179.2091	214.0179	164.2927	193.51	177.5982	144.9564	96.2234	126.6483	85.5848	161.3829	147.6525	120.5276	73.97	33.08	188.5244	18.24	7.45	127.0747	30.31	12.37
30.538194	22.452778	2.5	NA	167.7341	101.3235	223.677	42.0023	69.3746	199.8616	178.4929	214.1511	163.9945	193.8919	178.472	146.1317	96.2577	129.0101	86.4009	161.9323	150.0332	120.8223	74.19	33.18	188.1440	17.98	7.34	128.2943	30.67	12.52
30.663194	22.577778	2.625	NA	167.6173	102.8395	224.3624	41.9261	69.108	197.9197	178.3581	213.9504	164.9503	192.2072	178.0722	146.6061	96.8622	131.9732	88.0431	160.5451	150.7938	121.1707	74.38	33.27	187.5763	17.39	7.10	129.1372	30.00	12.25
30.788194	22.702778	2.75	NA	168.2977	104.7393	223.8594	42.07	67.977	198.2902	177.5133	213.6315	165.3948	190.8005	177.8258	153.8827	98.1661	133.2137	89.6451	162.5603	149.9858	121.3887	74.37	33.26	187.2427	17.27	7.05	131.2423	30.57	12.48
30.913194	22.827778	2.875	NA	174.9577	106.6851	226.757	42.7487	68.4753	216.5617	183.9139	216.0279	167.4989	194.4058	180.8753	161.1593	99.7768	133.9699	95.8345	164.6497	149.7223	123.9248	76.06	34.01	193.2139	19.83	8.10	134.1854	30.17	12.32
31.038194	22.952778	3	NA	171.5246	107.5004	229.156	42.7048	67.4947	196.1496	176.5722	215.0624	169.1917	193.0591	178.8594	154.1308	100.3473	133.4656	91.5039	164.9269	149.5946	123.6761	76.47	34.20	188.1491	16.69	6.81	132.3282	30.09	12.28
31.163194	23.077778	3.125	NA	169.2308	107.2427	228.1895	42.5945	66.1297	192.9366	172.9626	210.2567	167.3933	189.462	176.2087	154.9412	98.8467	133.7423	90.8972	161.4776	148.4059	122.6774	76.07	34.02	184.8700	15.83	6.46	131.3852	29.85	12.18
31.288194	23.202778	3.25	NA	167.6028	107.0854	225.304	42.6451	65.0487	189.2959	170.1413	207.2106	165.2835	187.5259	173.4361	152.7464	97.3825	133.7039	90.2424	157.6072	145.0874	121.5372	75.02	33.55	182.1489	15.57	6.36	129.4616	28.86	11.78
31.413194	23.327778	3.375	NA	165.0314	107.0313	221.5974	42.1483	64.5642	185.8145	167.5963	204.5806	161.5043	184.7037	170.8831	149.886	94.7383	130.6752	89.1125	155.6748	142.1339	120.0745	73.57	32.90	179.1804	15.72	6.42	127.0368	28.51	11.64
31.538194	23.452778	3.5	NA	163.2571	106.3767	220.8067	42.1817	63.9502	186.1725	165.7117	202.6481	161.9839	183.947	169.1467	150.1283	94.5825	131.1868	88.851	154.0019	141.1526	119.3145	73.17	32.72	178.2683	15.46	6.31	126.6505	28.24	11.53
31.663194	23.577778	3.625	NA	162.1033	105.8737	217.9137	41.5321	63.2467	184.1732	163.9995	201.1583	159.6286	184.0125	167.4377	149.528	96.1105	131.6567	88.0541	152.4434	144.1511	118.1339	72.32	32.34	176.7350	15.79	6.44	126.9906	28.08	11.46
31.788194	23.702778	3.75	NA	161.5757	105.8483	217.1002	40.9533	62.9652	185.1826	163.0556	199.921	158.6372	183.5369	166.3529	150.7832	92.9266	130.5294	87.262	151.5837	143.3457	117.6885	72.17	32.27	176.1144	15.97	6.52	126.0718	28.93	11.81
31.913194	23.827778	3.875	NA	161.1775	105.8292	216.1681	40.9328	62.8302	184.4981	162.257	199.3808	158.0553	183.0037	165.5654	150.4373	92.8852	131.2906	87.318	151.1361	142.2263	117.3876	71.82	32.12	175.4600	16.04	6.55	125.8822	28.68	11.71
32.038194	23.952778	4	NA	160.7792	105.8101	215.236	40.9122	62.6952	183.8137	161.4584	198.8406	157.4734	182.4705	164.7779	149.9029	92.8438	132.0518	87.374	150.6884	141.1068	117.0865	71.47	31.96	174.8057	16.10	6.57	125.6613	28.41	11.60
32.163194	24.077778	4.125	NA	160.3809	105.7909	214.3039	40.8917	62.5601	183.1292	160.6598	198.3004	156.8915	181.9373	163.9905	149.3685	92.8024	132.8131	87.43	150.2407	139.9874	116.7855	71.12	31.81	174.1515	16.17	6.60	125.4404	28.16	11.49
32.288194	24.202778	4.25	NA	159.9826	105.7718	213.3717	40.8711	62.4251	182.4448	159.8611	197.7602	156.3096	181.4041	163.203	148.8342	92.7609	133.5743	87.486	149.793	138.8679	116.4845	70.77	31.65	173.4971	16.24	6.63	125.2194	27.91	11.39
32.413194	24.327778	4.375	NA	159.5843	105.7527	212.4396	40.8505	62.29	181.7603	159.0625	197.22	155.7278	180.8708	162.4155	148.2998	92.7195	134.3355	87.542	149.3453	137.7484	116.1834	70.42	31.49	172.8428	16.31	6.66	124.9984	27.68	11.30
32.538194	24.452778	4.5	NA	159.186	105.7336	211.5075	40.83	62.155	181.0759	158.2639	196.6798	155.4812	180.3376	161.6281	147.7654	92.6781	135.0967	87.598	148.8977	136.629	115.8824	70.07	31.34	172.2444	16.31	6.66	124.7775	27.46	11.21
32.663194	24.577778	4.625	NA	158.7877	105.7145	210.5754	40.8094	62.02	180.3914	157.4653	196.1396	155.299	179.8044	160.8406	147.231	92.6367	135.8579	87.654	148.45	135.5095	115.5814	69.73	31.18	171.6567	16.30	6.65	124.5565	27.25	11.13
32.788194	24.702778	4.75	NA	158.3894	105.6954	209.6433	40.7888	61.8849	179.707	156.6667	195.5994	155.1168	179.2712	160.0531	146.6966	92.5952	136.6192	87.71	148.0023	134.3901	115.2804	69.38	31.03	171.0690	16.29	6.65	124.3356	27.06	11.05
32.913194	24.827778	4.875	NA	157.9911	105.6762	208.7111	40.7683	61.7499	179.0226	155.8681	195.0592	154.9346	178.738	159.2656	146.1623	92.5538	137.3804	87.766	147.5546	133.2706	114.9793	69.03	30.87	170.4813	16.29	6.65	124.1146	26.88	10.97
33.038194	24.952778	5	NA	157.5928	105.6571	207.779	40.7477	61.6149	178.3381	155.0695	195.2897	154.7525	178.2047	158.4782	145.6279	92.4542	138.3447	87.822	147.5155	132.2118	114.6783	68.69	30.72	170.0221	16.52	6.74	123.9960	26.83	10.95
33.163194	25.077778	5.125	NA	156.9875	105.8313	205.8103	40.6983	61.0873	179.0771	154.8492	196.9039	153.3498	177.5982	157.8811	145.0263	90.9725	139.5218	87.3197	149.3008	131.8594	114.0829	68.04	30.43	169.9432	17.42	7.11	124.0001	27.64	11.29
33.288194	25.202778	5.25	NA	155.9307	106.505	204.3237	40.5981	60.4637	177.9832	154.3874	195.3263	153.5085	176.6775	157.0381	144.8232	90.8984	138.1132	87.4372	147.1645	130.7222	113.5642	67.50	30.19	169.1535	16.91	6.90	123.1931	26.99	11.02
33.413194	25.327778	5.375	NA	155.0205	106.9098	204.7115	40.4937	60.3453	177.2395	153.2272	194.5025	152.589	175.5761	156.6308	144.7921	91.7928	141.025	87.7002	148.0998	131.5111	113.4962	67.53	30.20	168.2942	16.91	6.90	124.1535	27.26	11.13
33.538194	25.452778	5.5	NA	155.0704	107.4534	204.0827	40.5146	60.5186	177.1697	152.6533	193.7232	151.9237	175.2853	156.4984	144.8794	93.3089	139.765	89.4128	149.8806	130.9916	113.5279	67.28	30.09	167.8756	16.88	6.89	124.7064	26.60	10.86
33.663194	25.577778	5.625	NA	154.0479	109.3765	203.0572	40.8421	59.9778	175.1165	151.9888	192.6843	152.0241	175.1941	155.0496	145.2742	90.8355	139.5403	89.1327	151.6217	128.3385	113.4603	66.76	29.85	167.0096	16.64	6.79	124.1238	27.54	11.24
33.788194	25.702778	5.75	NA	153.6985	109.7503	201.2343	41.2422	59.3332	175.0271	151.3572	191.6642	152.1325	174.3462	154.215	145.0176	91.8309	140.3147	88.7452	151.3458	127.2144	113.0517	66.11	29.56	166.4570	16.46	6.72	124.0781	27.36	11.17
33.913194	25.827778	5.875	NA	154.0279	110.7108	201.3934	41.5436	59.316	174.9497	151.2059	190.5981	152.7238	174.2089	153.8961	145.5239	90.4666	138.2887	88.8875	151.6925	128.2521	113.3983	66.12	29.57	166.2638	16.09	6.57	123.8519	27.60	11.27
34.038194	25.952778	6	NA	154.8832	112.0926	203.8485	41.4921	59.9973	174.7174	151.5903	189.7265	152.5792	174.073	153.5573	148.1291	90.0738	139.7504	89.5404	151.9874	127.3755	114.4627	66.93	29.93	166.0406	15.79	6.45	124.4761	28.15	11.49
34.163194	26.077778	6.125	NA	155.2973	111.3116	201.2276	41.6669	60.5012	173.5239	150.4423	189.0788	150.6497	173.8231	153.4315	146.6166	94.0436	140.4138	89.216	150.9905	127.5685	114.0009	65.98	29.51	165.1582	16.01	6.54	124.8082	26.93	10.99
34.288194	26.202778	6.25	NA	154.6672	111.8411	198.2399	41.986	59.8062	173.628	149.728	188.3137	150.6567	173.3968	152.6876	145.7632	94.1759	141.8571	89.2631	149.479	126.6791	113.3081	64.95	29.05	164.7351	15.99	6.53	124.5362	26.62	10.87
34.413194	26.327778	6.375	NA	155.0787	111.995	197.2056	41.9192	59.5223	173.2558	149.5844	187.8698	149.5658	174.0559	151.7719	147.3336	93.9597	137.5934	89.0471	150.0043	126.88	113.1442	64.76	28.96	164.3506	16.26	6.64	124.1363	26.60	10.86
34.538194	26.452778	6.5	NA	155.0224	111.6518	198.4317	41.7583	59.1902	172.3646	148.674	186.7253	149.7157	173.1553	151.1618	147.5338	93.2844	138.9541	89.1322	151.8244	125.7947	113.2109	65.26	29.19	163.6328	15.96	6.51	124.4206	27.25	11.13
34.663194	26.577778	6.625	NA	152.8229	111.727	196.1196	42.1829	59.0242	169.6659	147.7198	185.6902	148.3993	172.1738	150.6856	145.4636	93.3224	139.8427	88.4322	151.5319	126.6394	112.3753	64.08	28.66	162.3891	15.74	6.43	124.2054	27.14	11.08
34.788194	26.702778	6.75	NA	151.8427	113.3935	196.3189	42.0013	60.0481	169.2359	146.7499	184.237	147.7478	172.5222	150.8152	144.1761	93.5757	140.6829	89.0616	150.7694	125.6282	112.7209	63.83	28.54	161.8847	15.61	6.37	123.9823	26.65	10.88
34.913194	26.827778	6.875	NA	152.9202	113.8637	196.2943	42.8513	61.8901	169.4279	146.1307	183.9124	147.9197	172.3279	150.539	144.3685	93.6856	140.5984	89.787	151.8415	126.4476	113.5639	63.37	28.34	161.7096	15.64	6.38	124.4548	26.68	10.89
35.038194	26.952778	7	NA	154.5226	114.0383	196.1044	42.6976	60.4572	169.4063	147.1339	183.8377	148.6475	173.6053	149.0657	146.6462	93.398	138.6724	89.5847	150.9193	127.1128	113.5640	63.90	28.58	161.9494	15.70	6.41	124.3889	26.77	10.93
35.163194	27.077778	7.125	NA	154.9104	115.4233	195.299	42.7309	60.0379	169.837	146.6678	183.3285	148.9373	174.1083	149.8363	149.0075	94.6179	140.9245	89.325	152.1195	125.9745	113.6803	63.79	28.53	162.1192	15.60	6.37	125.3281	27.43	11.20
35.288194	27.202778	7.25	NA	154.9059	115.3285	193.0003	42.5174	59.7524	169.7439	146.6346	182.3997	148.3548	173.245	148.5802	150.3734	94.2149	140.5195	88.8015	152.3937	124.083	113.1009	63.18	28.25	161.4930	15.51	6.33	125.0643	27.91	11.39
35.413194	27.327778	7.375	NA	153.7259	115.5559	190.8268	42.4733	59.779	168.9106	145.2728	181.4082	146.6637	173.681	148.8016	151.2019	94.0068	142.4707	88.366	152.0214	125.0417	112.4722	62.30	27.86	160.7896	15.76	6.43	125.5181	28.37	11.58
35.538194	27.452778	7.5	NA	153.5403	115.7825	189.3419	42.2874	59.227	168.2245	144.1944	179.7705	145.0601	172.6568	148.411	148.6357	92.8269	143.2291	88.0171	149.1296	125.0191	112.0358	61.98	27.72	159.7195	15.66	6.39	124.4762	27.84	11.36
35.663194	27.577778	7.625	NA	150.8815	115.0927	190.1608	41.8723	59.0091	166.4022	143.6467	178.1234	144.7743	172.6553	147.4788	148.3364	92.48	141.8918	87.5767	149.344	123.9332	111.4033	61.96	27.71	158.8468	15.35	6.27	123.9270	27.84	11.36
35.788194	27.702778	7.75	NA	152.1157	114.2705	190.9649	42.041	59.6267	165.9351	143.3226	177.8232	145.6648	172.0114	146.6374	149.3269	92.2057	146.2451	87.6437	149.402	124.343	111.8038	62.22	27.83	158.5658	15.15	6.18	124.8611	28.67	11.70
35.913194	27.827778	7.875	NA	151.87	115.7867	190.9581	42.2021	58.8025	166.4097	143.6427	177.5458	147.1822	172.184	147.4428	150.9195	91.5255	144.444	88.4551	149.1008	126.4334	111.9239	62.33	27.87	159.0679	14.71	6.00	125.1464	28.60	11.67
36.038194	27.952778	8	NA	154.151	115.304	191.5502	42.4844	58.6431	168.6386	143.8768	177.4036	147.2377	172.0294	145.941	150.1494	90.8032	145.142	89.5207	150.35	125.6028	112.4265	62.84	28.10	159.1878	15.09	6.16	125.2614	28.67	11.70
36.163194	28.077778	8.125	NA	153.5702	115.9404	190.7174	42.6038	58.2585	169.4158	143.582	177.1418	146.2435	172.9056	146.638	149.0358	92.1962	150.2476	89.3353	151.1708	126.0327	112.2181	62.54	27.97	159.3211	15.39	6.28	126.3364	29.12	11.89
36.288194	28.202778	8.25	NA	153.4494	116.7909	188.8437	42.4344	59.1528	168.8398	143.9348	176.8398	145.3943	173.2862	147.2443	148.2273	94.2398	148.6426	89.5181	149.0205	125.3866	112.1342	61.80	27.64	159.2565	15.29	6.24	125.8392	27.84	11.37
36.413194	28.327778	8.375	NA	151.7986	116.4057	186.3703	42.4549	58.6873	165.6417	142.0941	175.178	142.7493	172.0591	145.4491	147.1407	95.6254	148.688	88.4256	147.3751	124.9943	111.1434	60.85	27.21	157.1952	15.43	6.30	125.3748	27.39	11.18
36.538194	28.452778	8.5	NA	149.941	116.2896	183.8246	42.098	58.9772	163.1837	140.5317	173.6417	141.6316	170.7343	144.6015	147.1987	94.8316	148.953	87.2168	148.1182	122.9535	110.2261	59.79	26.74	155.7207	15.20	6.21	124.8786	28.08	11.46
36.663194	28.577778	8.625	NA	148.8689	118.4481	182.9331	42.1995	57.5717	161.7952	139.9746	173.5092	141.3618	170.3154	144.5494	147.5107	93.9215	152.6268	87.1386	148.6739	122.9886	110.0043	59.68	26.69	155.2509	15.13	6.18	125.4767	29.09	11.88
36.788194	28.702778	8.75	NA	149.0963	117.296	185.8111	42.0635	57.9239	162.6677	139.8672	172.1441	143.2199	168.2152	144.1207	148.5784	93.3255	151.5886	88.2634	144.3923	122.2951	110.4382	60.53	27.07	155.0391	14.24	5.81	124.7405	28.28	11.55
36.913194	28.827778	8.875	NA	151.7447	118.1969	187.9007	43.067	59.1002	164.8818	140.5151	172.6601	144.4371	170.3296	145.797	149.498	94.4903	150.001	90.2843	143.4927	122.6751	112.0019	61.09	27.32	156.4368	14.41	5.88	125.0736	27.23	11.12
37.038194	28.952778	9	NA	150.5675	119.4766	186.1311	43.1455	59.4446	163.5563	138.4017	173.5922	143.4742	167.6487	144.1121	148.4042	96.7326	148.7558	90.3032	144.3548	124.1263	111.7531	60.29	26.96	155.1309	14.87	6.07	125.4462	26.42	10.78
37.163194	29.077778	9.125	NA	150.7947	118.9203	183.933	42.1141	59.5325	162.998	138.9967	172.2791	143.2415	166.8064	143.5832	150.1889	97.4212	147.822	89.8551	145.0602	123.1977	111.0589	59.92	26.80	154.6508	14.32	5.85	125.5909	26.66	10.89
37.288194	29.202778	9.25	NA	147.1458	119.9817	181.6453	42.5968	59.1353	160.5626	138.6356	171.7957	141.095	166.7676	144.0877	151.9835	97.5141	149.517	88.3914	144.1927	123.2644	110.1010	58.61	26.21	153.8240	14.31	5.84	125.8105	27.54	11.24
37.413194	29.327778	9.375	NA	147.297	120.9081	179.0736	42.092	58.4901	159.5451	135.9025	169.7665	139.0064	163.7391	141.1534	149.5518	94.0075	148.2845	87.3502	142.2817	121.8385	109.5722	58.19	26.02	151.5188	14.52	5.93	123.8857	27.66	11.29
37.538194	29.452778	9.5	NA	145.4469	121.5831	178.646	41.4633	57.395	159.7364	135.1551	168.1744	138.7752	163.1418	141.8634	151.8595	92.9287	151.7666	87.7091	141.3842	121.3691	108.9069	58.23	26.04	151.1411	14.16	5.78	124.5029	28.77	11.74
37.663194	29.577778	9.625	NA	147.4441	121.0887	179.1005	41.6247	57.5832	159.8398	135.6039	167.5146	139.1081	163.4155	141.765	154.5226	92.3399	152.1051	87.9309	139.6488	119.143	109.3682	58.57	26.19	151.2078	13.92	5.68	124.2817	29.30	11.96
37.788194	29.702778	9.75	NA	147.9578	120.4839	181.1631	41.3328	57.9123	160.4298	135.1635	167.8759	140.8948	164.0505	141.5971	156.4084	92.2757	158.4078	88.765	140.4226	120.0829	109.7700	59.25	26.50	151.6686	14.02	5.72	126.0604	30.80	12.57
37.913194	29.827778	9.875	NA	147.3028	120.1796	182.9933	41.223	58.137	160.8316	137.26	168.0224	142.6049	163.8809	140.2434	157.6766	94.9855	156.5704	90.3072	140.5917	121.5167	109.9671	59.67	26.69	152.1405	13.56	5.54	126.9413	29.67	12.11
38.038194	29.952778	10	NA	148.5362	119.2394	181.7102	42.1619	57.1385	159.6949	137.6076	168.8769	142.6112	164.4757	141.8424	151.4544	97.0496	152.7582	90.5284	140.2008	123.457	109.7572	59.39	26.56	152.5181	13.39	5.47	125.9081	27.09	11.06
38.163194	30.077778	10.125	NA	149.0467	119.1808	180.4323	40.8443	57.5952	160.8389	137.0548	168.4015	142.8775	164.9363	140.4489	148.6461	96.1977	153.2111	90.5123	141.0827	123.8664	109.4199	59.36	26.55	152.4263	13.81	5.64	125.5861	26.95	11.00
38.288194	30.202778	10.25	NA	148.2426	120.2482	179.3732	41.4868	57.3027	160.989	136.4936	168.2351	141.6574	164.4393	140.4657	148.8538	94.1369	154.7539	90.6302	140.2121	123.6047	109.3307	58.84	26.31	152.0467	14.00	5.71	125.3653	27.64	11.29
38.413194	30.327778	10.375	NA	148.2063	118.4935	177.7827	41.0992	56.4548	157.442	134.1545	166.6706	139.1171	163.3782	139.6534	147.7016	93.0152	152.9318	90.3316	138.8726	122.1466	108.4073	58.58	26.20	150.0693	14.06	5.74	124.1666	27.26	11.13
38.538194	30.452778	10.5	NA	147.5195	118.0212	176.7161	40.8383	57.3535	154.9861	133.7259	164.3909	138.7413	161.8248	139.6035	147.8403	91.8266	154.2534	90.3162	138.2927	120.2444	108.0897	58.01	25.94	148.8787	13.14	5.37	123.7956	27.83	11.36
38.663194	30.577778	10.625	NA	146.6263	119.4947	177.4309	41.7058	57.7023	154.1487	132.9122	164.4971	138.6445	162.2415	139.3962	150.4906	93.0437	151.2154	91.7484	137.9427	120.8832	108.5920	57.81	25.85	148.6400	13.41	5.48	124.2207	27.00	11.02
38.788194	30.702778	10.75	NA	145.8404	119.2817	178.4888	41.6333	58.5658	153.1898	132.4352	163.457	137.2205	161.1219	138.7648	148.0399	93.2421	151.8339	92.3908	137.2695	121.2299	108.7620	57.82	25.86	147.6982	13.28	5.42	124.0010	26.39	10.77
38.913194	30.827778	10.875	NA	147.3174	118.9473	178.8169	41.6246	58.6253	157.1324	133.1481	162.5217	141.4367	160.8372	138.6898	148.8388	91.9939	153.9243	94.1549	136.5922	120.8663	109.0663	58.13	26.00	148.9610	12.68	5.18	124.3951	26.81	10.95
39.038194	30.952778	11	NA	150.8446	119.1293	181.3998	41.9111	57.6568	158.6286	134.6652	163.194	141.7705	162.2699	139.4302	150.4113	92.7287	155.4439	94.9765	136.8493	120.7327	110.1883	59.63	26.67	149.9931	12.76	5.21	125.1904	27.11	11.07
39.163194	31.077778	11.125	NA	150.4069	119.77	181.1931	41.9971	56.8106	156.6154	133.5408	163.5429	140.4475	163.01	139.1554	152.5056	93.848	155.1245	94.6224	137.8579	122.4308	110.0355	59.69	26.69	149.3853	13.22	5.40	126.0649	27.29	11.14
39.288194	31.202778	11.25	NA	151.4293	119.921	179.9802	41.576	56.6353	154.2895	133.6607	162.6048	139.5666	162.1916	137.3296	148.8172	93.5798	156.8711	94.3093	138.4712	123.4819	109.9084	59.67	26.68	148.2738	13.00	5.31	125.9218	27.17	11.09
39.413194	31.327778	11.375	NA	149.0773	119.641	177.5747	41.2173	55.7961	152.9302	131.9244	161.6355	139.0184	161.5533	137.4869	148.7683	93.786	155.9486	93.4025	137.8196	122.1444	108.6613	58.84	26.31	147.4248	12.97	5.30	125.3116	27.08	11.06
39.538194	31.452778	11.5	NA	149.4397	119.4616	177.0209	40.8269	54.7152	152.6146	129.8606	160.283	138.5932	160.8228	136.6139	149.2012	94.4164	158.2122	93.7487	137.2022	120.4527	108.2929	59.08	26.42	146.4647	13.19	5.38	125.5389	27.45	11.21
39.663194	31.577778	11.625	NA	149.4855	123.0479	176.8174	40.6447	53.8422	151.648	129.6514	158.6032	136.577	160.491	136.5463	149.1071	92.6599	161.3319	93.7552	136.0472	120.3434	108.7675	59.48	26.60	145.5862	13.00	5.31	125.5408	28.51	11.64
39.788194	31.702778	11.75	NA	151.2068	121.0075	178.4757	40.5989	54.5038	152.287	130.201	158.6733	138.5436	160.4356	135.9246	152.1893	92.9778	163.1872	95.9631	135.7759	120.7919	109.1585	60.00	26.83	146.0109	12.77	5.21	126.8142	28.91	11.80
39.913194	31.827778	11.875	NA	150.0187	120.1571	179.0159	40.0688	55.6318	155.9139	132.2903	158.7179	141.4185	160.4902	136.9239	153.7986	94.7148	161.9988	97.3965	136.5344	121.0401	108.9785	59.81	26.75	147.6258	12.21	4.98	127.5805	28.24	11.53
40.038194	31.952778	12	NA	151.2881	121.0068	176.6023	40.571	56.2289	154.5245	131.9965	158.6443	138.6925	160.922	136.2399	153.5428	93.5432	162.317	97.2857	136.3186	123.4997	109.1394	59.10	26.43	146.8366	12.62	5.15	127.7512	28.46	11.62
40.163194	32.077778	12.125	NA	149.4595	121.8099	177.3839	40.5116	56.3524	153.3825	130.572	158.1771	138.6842	161.6384	135.3929	154.0303	94.0902	162.5643	97.1117	135.6366	125.1219	109.1035	59.03	26.40	146.3079	13.04	5.33	128.0925	28.44	11.61
40.288194	32.202778	12.25	NA	148.8471	120.6655	176.698	40.4574	55.6763	151.8366	130.08	156.9027	136.8445	161.2464	134.2419	151.5027	97.2108	163.2774	97.089	134.2752	123.5986	108.4689	58.84	26.31	145.1920	13.09	5.34	127.8256	27.42	11.19
40.413194	32.327778	12.375	NA	148.7801	120.4987	173.0717	39.8007	55.0186	150.4316	128.9371	155.554	135.9975	160.3653	133.5854	154.2766	98.8802	163.641	96.127	133.5286	121.0722	107.4340	58.12	25.99	144.1452	12.98	5.30	127.9209	27.94	11.41
40.538194	32.452778	12.5	NA	148.0731	119.6789	173.354	40.2081	55.6918	148.7067	127.9788	153.7368	135.6398	158.4621	132.1839	153.6668	99.0919	160.2677	95.7779	134.1379	118.5458	107.4012	57.76	25.83	142.7847	12.52	5.11	126.9147	27.18	11.10
40.663194	32.577778	12.625	NA	150.1605	121.5364	175.0531	40.2565	55.4946	148.4308	128.0511	152.6992	134.8792	158.6583	132.0121	155.8767	98.0573	157.6776	96.4846	134.2196	118.5315	108.5002	58.74	26.27	142.4551	12.47	5.09	126.8079	27.08	11.06
40.788194	32.702778	12.75	NA	149.2811	121.1737	176.0734	39.5067	54.9143	149.203	126.8908	151.8513	134.7068	157.8922	132.2195	154.9743	96.9255	159.2278	96.9542	132.9022	119.1982	108.1898	59.20	26.48	142.1273	12.48	5.09	126.6970	27.29	11.14
40.913194	32.827778	12.875	NA	150.1181	122.0908	177.6472	40.0489	55.3416	151.3141	128.5237	152.5604	137.1885	159.2218	132.6474	155.4836	98.512	161.6083	98.8273	133.2569	120.345	109.0493	59.60	26.65	143.5760	12.43	5.07	128.0055	27.17	11.09
41.038194	32.952778	13	NA	151.6389	122.647	177.8179	39.7981	60.319	153.1928	129.6589	153.3383	139.1725	159.924	132.127	154.5611	98.2224	159.3893	100.5008	134.1013	120.6266	110.4442	58.92	26.35	144.5689	12.60	5.14	127.9002	26.17	10.69
41.163194	33.077778	13.125	NA	152.7035	121.7414	177.0398	40.1938	56.1353	152.7256	128.9643	153.1047	138.7051	159.7029	133.0873	155.6178	98.3167	161.0869	100.6445	134.6503	122.8748	109.5628	59.64	26.67	144.3817	12.47	5.09	128.8652	26.66	10.88
41.288194	33.202778	13.25	NA	151.7877	121.4378	176.1603	41.3402	55.8564	151.3541	128.1982	152.2727	135.8335	158.5873	131.2193	156.745	98.1576	163.7889	102.4423	135.1487	123.1921	109.3165	58.94	26.36	142.9108	12.71	5.19	129.9124	27.21	11.11
41.413194	33.327778	13.375	NA	150.6929	121.1524	173.0005	40.8253	56.2232	149.2845	127.6062	150.7717	134.393	158.1881	129.3815	150.5635	97.5613	163.0863	100.8962	134.6562	122.0773	108.3789	57.91	25.90	141.6042	12.77	5.21	128.1401	26.38	10.77
41.538194	33.452778	13.5	NA	150.2452	122.2629	170.9025	40.3708	55.8267	148.6755	126.1921	148.8473	133.7071	157.3943	129.4334	148.8538	96.5852	161.1789	100.5142	133.6288	121.3565	107.9216	57.53	25.73	140.7083	12.61	5.15	127.0196	25.88	10.56
41.663194	33.577778	13.625	NA	149.2562	125.8999	171.9093	39.9362	55.7014	148.6253	126.2765	147.5164	133.5869	156.366	129.9859	149.1784	96.9048	161.5341	102.0754	131.7657	120.891	108.5406	58.04	25.96	140.3928	12.06	4.92	127.0582	25.58	10.44
41.788194	33.702778	13.75	NA	147.721	122.4304	171.4284	40.3312	57.7733	146.6316	126.2797	146.5987	132.7685	155.707	128.4132	149.5152	98.8684	161.881	104.0884	131.2575	121.1806	107.9369	56.81	25.41	139.3998	11.89	4.85	127.7985	24.85	10.15
41.913194	33.827778	13.875	NA	149.5095	121.9528	172.2588	40.4804	59.9077	145.5736	126.1612	146.2029	132.9235	156.1724	129.0264	149.6126	99.7821	161.0789	106.3462	129.6266	121.4624	108.8218	56.82	25.41	139.3433	11.75	4.80	127.9848	23.97	9.78
42.038194	33.952778	14	NA	149.6352	122.9424	172.5962	40.3624	59.2804	148.7543	127.7416	145.7878	135.2464	157.8307	128.9446	154.7584	100.4678	164.3205	106.5638	129.488	122.0461	108.9633	57.17	25.57	140.7176	12.00	4.90	129.6074	25.59	10.45
42.163194	34.077778	14.125	NA	150.8523	122.814	174.4655	39.6172	58.1839	149.4644	129.0366	145.2455	136.9997	159.1672	128.3805	155.4141	100.2251	168.0445	107.6203	132.1268	122.9221	109.1866	58.36	26.10	141.3823	12.14	4.96	131.0588	26.57	10.85
42.288194	34.202778	14.25	NA	150.2123	122.5368	170.7183	39.449	57.1659	148.3615	128.9447	144.9412	136.5768	160.1521	127.5611	157.143	100.0718	169.0673	110.5852	133.5404	123.984	108.0165	57.47	25.70	141.0896	12.51	5.11	132.3986	26.65	10.88
42.413194	34.327778	14.375	NA	148.5067	121.972	170.1492	39.6963	57.2453	147.3094	127.1682	143.3039	137.24	159.7097	126.5241	155.2655	100.0843	165.9075	114.7188	132.6491	123.8534	107.5139	56.87	25.44	140.2092	12.70	5.18	132.0798	24.80	10.12
42.538194	34.452778	14.5	NA	148.1146	122.3141	169.9895	39.4717	56.766	147.9929	127.7492	142.4822	137.0453	158.9516	126.8638	156.0142	98.6893	166.0787	116.8139	131.0743	121.7667	107.3312	56.96	25.47	140.1808	12.33	5.03	131.7395	25.23	10.30
42.663194	34.577778	14.625	NA	148.4867	124.3787	170.175	39.8294	55.9551	147.1929	127.4328	142.2435	138.4041	159.4133	126.5247	156.191	100.1579	172.3798	117.6929	130.6619	121.0798	107.7650	57.29	25.62	140.2019	12.45	5.08	133.0272	26.64	10.88
42.788194	34.702778	14.75	NA	146.506	123.9208	169.9268	40.103	58.7594	146.8613	127.2958	141.6444	136.0649	159.3971	127.0576	155.5502	100.0772	171.6681	117.2066	129.5487	120.6912	107.8432	56.14	25.11	139.7202	12.41	5.07	132.4570	26.45	10.80
42.913194	34.827778	14.875	NA	149.4053	124.1309	173.6119	39.8693	58.5916	150.1393	128.4484	141.797	136.3595	159.3718	126.54	158.0939	101.8156	167.8366	117.8634	130.91	123.1279	109.1218	57.78	25.84	140.4427	12.71	5.19	133.2746	25.08	10.24
43.038194	34.952778	15	NA	151.6248	122.2355	171.9276	39.5161	57.2287	148.3457	127.0048	141.663	135.8092	159.737	126.6861	159.6593	102.0252	166.0893	118.1954	131.6737	123.0816	108.5065	58.01	25.94	139.8743	12.85	5.25	133.4541	24.83	10.14
43.163194	35.077778	15.125	NA	148.8762	121.938	171.6404	39.4101	56.5854	148.4211	126.6495	141.4427	135.7138	159.9031	126.2675	158.3376	102.1893	168.1075	118.8219	131.0922	123.4079	107.6900	57.58	25.75	139.7329	13.07	5.34	133.6594	24.97	10.19
43.288194	35.202778	15.25	NA	146.511	121.222	168.9646	39.8473	55.9029	146.818	126.5523	140.7933	135.8006	159.9206	125.8373	158.3764	102.107	167.6351	119.7779	131.4494	123.4898	106.4896	56.40	25.22	139.2870	12.96	5.29	133.8059	24.75	10.10
43.413194	35.327778	15.375	NA	148.2689	122.3498	167.6932	39.1856	55.9148	146.2588	126.2399	139.7635	134.3109	159.6404	126.6032	158.8363	101.0526	167.0832	119.2682	130.0189	122.7605	106.6825	56.64	25.33	138.8028	12.79	5.22	133.1700	25.11	10.25
43.538194	35.452778	15.5	NA	146.8733	124.1707	166.2225	38.3914	54.8557	144.7881	124.8082	138.5588	136.0889	159.1306	125.7591	157.8096	102.3957	167.2676	118.7693	128.9339	122.1365	106.1027	56.60	25.31	138.1890	12.81	5.23	132.8854	24.75	10.11
43.663194	35.577778	15.625	NA	148.5999	122.545	167.4164	38.5915	55.1139	145.0215	124.5676	137.6022	134.5617	159.5515	124.5815	158.3283	101.4718	165.874	120.7338	130.0522	121.4729	106.4533	56.99	25.49	137.6477	13.31	5.43	132.9888	24.53	10.01
43.788194	35.702778	15.75	NA	146.4999	120.2623	168.159	38.3582	56.3512	143.3027	124.8155	137.0702	135.9336	159.0467	124.8047	158.9305	100.5415	165.4625	119.7443	130.6688	121.7386	105.9261	56.45	25.25	137.4956	12.83	5.24	132.8477	24.85	10.14
43.913194	35.827778	15.875	NA	146.9658	120.1615	167.0421	38.4142	56.0256	146.0448	125.0882	136.6262	135.1325	158.8997	123.9669	159.1896	98.8277	166.5893	120.5352	127.8862	122.0923	105.7218	56.28	25.17	137.6264	13.22	5.40	132.5200	25.62	10.46
44.038194	35.952778	16	NA	149.5462	120.8513	167.1904	38.7181	55.6883	146.8022	125.3087	136.8255	135.039	159.328	123.534	161.4402	102.3529	168.2382	121.5212	129.4336	125.7259	106.3989	56.83	25.41	137.8062	13.51	5.52	134.7853	25.17	10.28
44.163194	36.077778	16.125	NA	147.5559	119.4338	165.2497	39.1532	55.8037	145.1592	124.8804	136.5906	135.381	157.9272	123.0016	159.242	102.5616	168.735	121.3478	130.9956	126.0796	105.4393	55.69	24.90	137.1567	13.04	5.32	134.8269	24.74	10.10
44.288194	36.202778	16.25	NA	145.9988	118.6072	163.9219	39.6427	55.7553	144.0554	123.0067	135.587	133.4793	156.8988	122.2836	158.2553	101.5998	168.4101	120.4816	128.6646	124.125	104.7852	54.85	24.53	135.8851	13.15	5.37	133.5894	25.02	10.21
44.413194	36.327778	16.375	NA	145.0345	118.0873	161.7434	39.2385	55.2555	142.0313	122.1253	134.3186	131.3787	156.7692	121.7296	157.9309	100.7135	168.8996	119.4967	128.244	122.9502	103.8718	54.28	24.28	134.7254	13.25	5.41	133.0392	25.53	10.42
44.538194	36.452778	16.5	NA	147.7684	118.4371	161.7653	39.5534	55.2733	142.1826	121.7465	133.66	133.7297	156.6092	121.1625	162.187	100.5537	169.4296	121.4476	129.4618	122.1431	104.5595	54.74	24.48	134.8484	13.33	5.44	134.2038	26.41	10.78
44.663194	36.577778	16.625	NA	147.5977	118.8192	162.2581	38.9767	54.5654	145.3151	121.106	132.5751	132.6537	156.2753	121.0016	161.2544	100.2604	166.514	122.3975	128.9531	122.7441	104.4434	55.19	24.68	134.8211	13.85	5.65	133.6873	25.39	10.37
44.788194	36.702778	16.75	NA	148.041	118.3095	164.2854	38.4655	54.8386	143.217	121.4253	132.007	133.3335	156.1536	120.4156	162.1868	98.2948	164.1157	124.1811	129.9855	123.1584	104.7880	55.87	24.99	134.4253	13.58	5.54	133.6537	25.32	10.34
44.913194	36.827778	16.875	NA	148.9497	118.2109	166.7369	39.2147	55.6097	144.0388	122.8977	132.5669	136.3339	157.084	121.7937	161.8661	99.5464	167.8666	126.6039	131.6967	124.2244	105.7444	56.31	25.18	135.7858	13.37	5.46	135.3007	25.52	10.42
45.038194	36.952778	17	NA	148.0057	117.4141	162.9234	39.3058	56.419	143.3299	121.1905	132.2885	135.5427	156.4694	120.2819	160.8902	98.6891	167.8042	125.6654	132.7646	125.1239	104.8136	54.85	24.53	134.8505	13.75	5.61	135.1562	25.51	10.42
45.163194	37.077778	17.125	NA	148.934	117.4227	163.352	38.9574	55.9424	142.6673	121.1867	131.8531	137.0182	156.8851	120.4419	160.2383	99.1825	170.6549	128.3003	131.6633	125.1092	104.9217	55.36	24.76	135.0087	13.82	5.64	135.8581	25.85	10.55
45.288194	37.202778	17.25	NA	150.9621	118.5267	161.536	39.2978	54.434	142.2038	121.0391	131.4761	134.9398	156.3199	120.3332	162.6734	98.5387	171.6623	128.5175	131.2021	124.8675	104.9513	55.60	24.87	134.3853	13.61	5.56	136.2436	26.79	10.94
45.413194	37.327778	17.375	NA	150.4256	118.3915	161.6254	40.4974	55.6161	141.4156	120.2094	131.1951	134.9491	156.4709	120.4219	161.2812	98.4394	169.3928	128.5567	131.7988	125.3545	105.3112	54.88	24.54	134.1103	13.73	5.61	135.8039	25.89	10.57
45.538194	37.452778	17.5	NA	148.9372	117.1056	162.1613	40.416	54.631	141.0553	119.88	130.4618	134.8484	156.7591	119.5754	159.0852	97.9358	168.4813	129.2474	131.606	126.7495	104.6502	54.89	24.55	133.7633	14.06	5.74	135.5175	25.24	10.31
45.663194	37.577778	17.625	NA	149.1947	118.705	161.9984	40.5312	54.9238	139.5843	120.2745	129.9652	133.4594	156.5446	119.7276	159.963	96.1263	166.291	128.5311	132.6028	127.0633	105.0706	54.89	24.55	133.2593	13.75	5.61	135.0962	25.39	10.37
45.788194	37.702778	17.75	NA	146.3032	119.1688	160.7929	39.7208	56.55	138.0781	118.4285	129.4874	132.8962	155.6847	119.2073	158.0221	95.1573	165.0209	129.1267	131.3647	127.1907	104.5071	53.91	24.11	132.2970	13.80	5.63	134.3137	25.00	10.21
45.913194	37.827778	17.875	NA	148.6173	118.3767	162.6057	39.6091	55.948	139.4132	119.1015	129.1896	133.4498	156.1776	118.1918	158.8936	96.8504	163.0817	131.5175	128.9883	127.2612	105.0314	54.96	24.58	132.5873	14.17	5.79	134.4321	24.17	9.87
46.038194	37.952778	18	NA	149.2354	118.9206	162.4822	39.8266	54.7909	138.9309	119.8536	129.5952	134.5277	157.3958	118.6734	160.6498	98.1206	162.6537	132.5823	132.2512	128.5573	105.0511	55.28	24.72	133.1628	14.30	5.84	135.8025	23.81	9.72
46.163194	38.077778	18.125	NA	149.6925	119.5765	161.9742	39.6378	54.8252	138.6884	119.8194	129.4436	134.7295	156.9151	119.134	161.0322	93.3362	167.8142	134.3077	134.3259	127.5935	105.1412	55.33	24.74	133.1217	14.04	5.73	136.4016	26.59	10.85
46.288194	38.202778	18.25	NA	147.7922	119.0585	159.8472	39.3676	55.5772	138.4186	118.9811	128.9374	132.2074	156.6952	119.3	159.4678	91.7448	169.2369	134.3861	132.5466	126.6204	104.3285	54.28	24.27	132.4233	14.07	5.75	135.6671	27.26	11.13
46.413194	38.327778	18.375	NA	146.2164	117.8943	158.8941	38.8901	55.983	137.1731	118.091	128.2508	132.9019	156.6956	118.9675	160.1368	92.195	166.9756	134.3391	131.1824	125.7325	103.5756	53.70	24.01	132.0133	14.25	5.82	135.0936	26.79	10.94
46.538194	38.452778	18.5	NA	144.676	116.1452	158.284	39.1125	56.3073	136.3023	117.4857	127.3085	131.3527	156.1121	118.471	160.1439	92.6242	175.183	133.8571	134.2979	126.188	102.9050	52.98	23.69	131.1721	14.23	5.81	137.0490	28.62	11.69
46.663194	38.577778	18.625	NA	145.1933	115.3093	155.7542	39.4104	56.6474	137.1997	116.174	126.7449	130.5372	155.1682	118.0069	159.7763	95.0838	175.7035	133.3263	136.2376	127.5392	102.4629	52.21	23.35	130.6385	14.34	5.86	137.9444	27.83	11.36
46.788194	38.702778	18.75	NA	145.7917	114.2844	156.4294	40.1204	56.302	135.8324	116.3654	126.3131	131.8018	155.0605	117.2099	159	94.8794	168.7364	133.2443	134.3689	128.7418	102.5856	52.31	23.40	130.4305	14.33	5.85	136.4951	25.90	10.57
46.913194	38.827778	18.875	NA	145.9275	113.3435	159.4382	39.5688	55.3322	137.5379	117.4275	126.4431	135.0476	155.3922	118.1462	159.807	94.4516	173.5163	133.645	133.2489	130.2697	102.7220	53.46	23.91	131.6658	14.29	5.84	137.4897	27.32	11.16
47.038194	38.952778	19	NA	146.6527	113.6544	158.9693	39.0477	54.9915	137.8299	117.5564	126.2	134.6428	155.9036	118.0139	159.9371	94.8738	172.5311	134.5132	133.8697	130.4493	102.6631	53.73	24.03	131.6911	14.49	5.92	137.6957	26.90	10.98
47.163194	39.077778	19.125	NA	146.5061	114.7877	157.4132	39.468	56.1734	135.3264	117.2762	126.1346	132.7827	155.3245	119.0078	158.7518	96.2949	170.3754	134.083	135.4509	130.3782	102.8697	52.97	23.69	130.9754	13.92	5.68	137.5557	25.68	10.48
47.288194	39.202778	19.25	NA	147.3901	114.8571	157.698	39.6624	56.263	135.3001	117.5551	126.2408	133.5077	155.0738	118.3403	159.2635	99.7384	170.6955	134.2816	134.7567	131.045	103.1741	53.15	23.77	131.0030	13.91	5.68	138.2968	24.73	10.10
47.413194	39.327778	19.375	NA	147.5753	114.6686	157.7021	39.6597	55.6049	135.6433	117.4971	125.8183	132.6531	155.2815	118.3694	159.4173	102.3942	172.241	134.0204	135.356	130.2667	103.0421	53.32	23.85	130.8771	14.02	5.72	138.9493	24.40	9.96
47.538194	39.452778	19.5	NA	146.3803	114.4278	155.6905	39.9961	54.8545	134.9512	116.9079	125.0591	132.1798	154.9985	117.3762	157.7571	103.8216	171.3959	133.02	135.8622	130.9146	102.2698	52.62	23.53	130.2455	14.21	5.80	138.7952	23.45	9.57
47.663194	39.577778	19.625	NA	147.3163	113.2069	154.9308	40.2733	55.5344	135.3147	116.0115	124.4456	133.1529	155.0282	117.1992	158.2579	104.3601	167.267	132.7808	135.1004	132.3637	102.2523	52.32	23.40	130.1920	14.52	5.93	138.3550	22.20	9.07
47.788194	39.702778	19.75	NA	146.4526	115.7494	156.3409	39.9705	56.4307	133.8249	115.3526	124.3022	134.1844	155.4413	117.0793	164.5959	104.1462	167.5803	133.9085	135.3881	132.345	102.9888	52.53	23.49	130.0308	14.79	6.04	139.6607	23.53	9.60
47.913194	39.827778	19.875	NA	147.3809	116.8463	157.9798	39.4048	56.3226	134.5709	116.0838	124.213	132.8907	157.0404	116.3054	162.5587	104.4379	171.1035	134.2338	136.8856	132.2789	103.5869	53.40	23.88	130.1840	15.33	6.26	140.2497	23.85	9.74
