days.origin	days.water	days.manure	F07	F08	F09	F10	F11	F12	GW01	GW02	GW03	GW04	GW05	GW06	GWL01	GWL02	GWL03	GWL04	GWo01	GWo02	mean.F	sd.F	se.F	mean.GW	sd.GW	se.GW	mean.GWL	sd.GWL	se.GWL
3.125	-4.960417	-24.913194	NA	-45.9387	-35.9353	-15.5438	-42.6492	-44.6023	-56.5453	-53.7217	-53.956	-47.8268	-42.6707	-42.7227	-14.1401	-36.6237	-37.3229	-39.6022	-40.3312	-49.5828	-36.9339	12.56	5.62	-49.5739	6.04	2.47	-36.2672	11.80	4.82
3.25	-4.835417	-24.788194	NA	-46.0549	-36.1311	-15.1496	-42.8705	-44.4357	-56.1215	-53.3569	-53.7923	-47.0838	-42.5264	-42.8178	-14.0124	-36.6237	-36.5572	-40.6833	-40.2785	-49.5828	-36.9284	12.75	5.70	-49.2831	5.93	2.42	-36.2897	11.90	4.86
3.375	-4.710417	-24.663194	NA	-46.1774	-36.2762	-15.7192	-42.7397	-43.9198	-55.8582	-53.423	-53.4725	-47.9296	-42.8086	-43.1192	-13.8214	-36.6237	-37.1346	-40.3755	-39.4736	-49.5828	-36.9665	12.43	5.56	-49.4352	5.65	2.31	-36.1686	11.91	4.86
3.5	-4.585417	-24.538194	NA	-46.7159	-36.1087	-16.4124	-42.3648	-43.6331	-56.3566	-54.0133	-54.1463	-47.688	-43.0725	-43.7333	-14.3401	-36.6237	-37.0829	-40.6274	-40.0702	-49.5828	-37.0470	12.16	5.44	-49.8350	5.76	2.35	-36.3879	11.77	4.80
3.625	-4.460417	-24.413194	NA	-46.3138	-36.4374	-15.1896	-42.7386	-44.3147	-56.868	-54.0574	-54.8971	-47.1003	-42.9469	-43.9012	-14.6857	-36.6237	-37.2842	-40.4987	-40.7964	-49.5828	-36.9988	12.74	5.70	-49.9618	6.05	2.47	-36.5786	11.68	4.77
3.75	-4.335417	-24.288194	NA	-46.3784	-36.0107	-16.201	-42.6836	-44.4582	-56.0124	-53.9992	-54.3869	-47.4744	-42.8251	-43.1208	-14.3773	-36.6237	-36.954	-40.362	-40.397	-49.5828	-37.1464	12.34	5.52	-49.6365	5.93	2.42	-36.3828	11.75	4.80
3.875	-4.210417	-24.163194	NA	-46.2115	-36.5062	-15.8991	-42.6838	-44.1434	-55.6004	-53.6034	-53.6996	-48.266	-42.7276	-42.6604	-13.8598	-36.6237	-36.7784	-39.8438	-40.7552	-49.5828	-37.0888	12.39	5.54	-49.4262	5.76	2.35	-36.2406	11.94	4.87
4	-4.085417	-24.038194	NA	-45.9503	-36.6438	-15.9495	-42.1757	-44.2409	-55.9194	-53.1698	-53.7104	-48.1936	-42.2457	-42.9619	-13.9968	-36.6237	-37.9949	-40.2641	-40.4554	-49.5828	-36.9920	12.27	5.49	-49.3668	5.82	2.38	-36.4863	11.91	4.86
4.125	-3.960417	-23.913194	NA	-46.2083	-36.0901	-15.8526	-42.0607	-44.4822	-55.9907	-53.5222	-54.0815	-47.8832	-42.1844	-42.508	-14.5133	-36.811	-36.2783	-40.4613	-40.6286	-48.0434	-36.9388	12.39	5.54	-49.3617	6.07	2.48	-36.1227	11.39	4.65
4.25	-3.835417	-23.788194	NA	-45.4953	-35.2172	-15.0137	-42.2202	-43.8843	-55.7071	-53.6681	-53.5196	-47.7178	-42.872	-42.5229	-14.2129	-37.0499	-36.434	-39.368	-40.8357	-48.0247	-36.3661	12.56	5.62	-49.3346	5.79	2.36	-35.9875	11.45	4.67
4.375	-3.710417	-23.663194	NA	-45.4188	-36.3232	-15.6687	-42.2822	-44.094	-56.0882	-53.2272	-54.172	-47.5736	-42.8913	-42.9124	-14.1898	-37.5008	-36.6517	-39.4635	-40.9524	-47.5295	-36.7574	12.29	5.50	-49.4774	5.83	2.38	-36.0480	11.38	4.65
4.5	-3.585417	-23.538194	NA	-44.9806	-36.2287	-15.8317	-42.0414	-44.1429	-56.2904	-53.5299	-53.771	-47.4478	-43.3627	-42.6612	-14.1698	-36.8999	-37.0946	-39.7495	-40.7171	-47.7297	-36.6451	12.13	5.42	-49.5105	5.82	2.38	-36.0601	11.42	4.66
4.625	-3.460417	-23.413194	NA	-45.432	-36.0392	-15.0732	-41.4546	-44.0217	-55.6018	-53.0997	-53.945	-47.4798	-42.8246	-43.011	-13.9562	-37.1266	-36.8854	-40.0278	-40.7264	-47.9316	-36.4041	12.45	5.57	-49.3270	5.67	2.31	-36.1090	11.57	4.72
4.75	-3.335417	-23.288194	NA	-45.3248	-35.8627	-15.249	-41.5607	-43.4565	-55.4901	-53.2043	-53.1834	-47.2767	-42.4247	-42.7926	-14.417	-36.6477	-36.9002	-39.6688	-40.6855	-48.1714	-36.2907	12.28	5.49	-49.0620	5.69	2.32	-36.0818	11.41	4.66
4.875	-3.210417	-23.163194	NA	-45.2169	-36.7512	-15.8318	-42.1271	-44.0814	-55.8776	-53.4355	-53.2689	-47.6686	-41.7021	-42.4825	-14.7136	-36.5453	-36.211	-39.4262	-40.7439	-47.8224	-36.8017	12.16	5.44	-49.0725	6.04	2.47	-35.9104	11.20	4.57
5	-3.085417	-23.038194	NA	-45.9103	-36.4295	-15.9932	-42.6379	-45.1477	-56.0338	-53.7108	-53.7179	-47.6604	-42.9022	-42.9304	-15.2307	-36.8876	-36.6833	-40.3224	-40.9269	-47.6736	-37.2237	12.44	5.56	-49.4926	5.80	2.37	-36.2874	11.06	4.51
5.125	-2.960417	-22.913194	NA	-45.5625	-36.5477	-15.8792	-42.5793	-43.892	-55.2851	-53.2588	-53.3278	-47.4166	-42.5667	-42.9698	-15.2443	-37.0214	-37.2707	-39.8161	-41.9262	-47.6178	-36.8921	12.23	5.47	-49.1375	5.59	2.28	-36.4828	11.11	4.53
5.25	-2.835417	-22.788194	NA	-45.3522	-35.908	-15.7334	-41.381	-43.5303	-55.2262	-52.9283	-53.3063	-47.125	-43.0572	-42.2543	-14.8008	-36.7923	-36.6644	-39.23	-40.8404	-47.9151	-36.3810	12.07	5.40	-48.9829	5.60	2.29	-36.0405	11.19	4.57
5.375	-2.710417	-22.663194	NA	-45.941	-36.1076	-15.2929	-41.6292	-43.6318	-55.7784	-53.9282	-52.6866	-47.1985	-43.0021	-42.7427	-14.6575	-36.9507	-36.4217	-39.2332	-41.3911	-47.9186	-36.5205	12.41	5.55	-49.2227	5.69	2.32	-36.0955	11.30	4.61
5.5	-2.585417	-22.538194	NA	-45.7107	-36.2681	-15.2548	-42.2429	-43.4894	-55.772	-53.4078	-53.4493	-47.2664	-42.9198	-43.0192	-14.631	-36.7779	-35.7813	-39.0579	-40.9013	-47.524	-36.5932	12.43	5.56	-49.3058	5.66	2.31	-35.7789	11.16	4.56
5.625	-2.460417	-22.413194	NA	-45.3259	-35.3986	-14.7495	-41.8351	-43.1379	-55.3782	-52.8418	-53.4944	-46.9075	-42.379	-42.9111	-14.4852	-35.8726	-36.0002	-39.0919	-40.4113	-47.0122	-36.0894	12.49	5.59	-48.9853	5.67	2.32	-35.4789	11.06	4.52
5.75	-2.335417	-22.288194	NA	-45.0135	-34.934	-14.2661	-41.7978	-43.4391	-55.0456	-53.2604	-53.4818	-47.0967	-42.4862	-42.5776	-14.6012	-35.6893	-36.5294	-39.2021	-40.5701	-46.486	-35.8901	12.68	5.67	-48.9914	5.69	2.32	-35.5130	10.94	4.46
5.875	-2.210417	-22.163194	NA	-44.2494	-34.4843	-15.1217	-41.0686	-43.7973	-54.8313	-52.099	-52.2177	-46.1627	-41.4973	-41.6811	-14.5416	-36.2755	-35.7838	-38.9623	-40.5953	-46.1165	-35.7443	12.17	5.44	-48.0815	5.78	2.36	-35.3792	10.87	4.44
6	-2.085417	-22.038194	NA	-43.8911	-35.2649	-15.902	-40.6746	-43.0498	-55.1299	-51.4542	-51.5951	-46.6497	-41.9688	-41.9659	-14.2733	-35.6016	-35.6341	-38.7497	-40.9495	-45.8875	-35.7565	11.60	5.19	-48.1273	5.48	2.24	-35.1826	10.94	4.47
6.125	-1.960417	-21.913194	NA	-44.445	-34.3278	-15.7377	-40.971	-43.0933	-56.0794	-53.1398	-53.7571	-47.6866	-42.5049	-42.7234	-14.9135	-35.9188	-36.0318	-39.0019	-40.8672	-46.0722	-35.7150	11.82	5.29	-49.3152	5.88	2.40	-35.4676	10.74	4.39
6.25	-1.835417	-21.788194	NA	-45.1448	-35.4266	-14.7185	-42.0037	-43.3745	-55.5164	-52.9849	-54.3224	-47.4913	-43.635	-43.544	-15.324	-36.7647	-36.5194	-38.8657	-40.8628	-47.4264	-36.1336	12.52	5.60	-49.5823	5.39	2.20	-35.9605	10.87	4.44
6.375	-1.710417	-21.663194	NA	-44.7879	-35.5282	-14.7279	-41.7185	-43.4334	-55.1473	-52.3205	-54.4261	-47.2751	-43.7454	-43.3793	-15.1243	-36.3401	-36.3799	-39.0281	-40.5592	-46.9063	-36.0392	12.43	5.56	-49.3823	5.28	2.16	-35.7230	10.81	4.41
6.5	-1.585417	-21.538194	NA	-45.0845	-36.009	-15.789	-41.8108	-43.292	-55.6911	-52.4767	-53.1325	-47.7825	-42.7521	-42.9543	-14.6014	-35.6484	-36.262	-39.6688	-40.7505	-46.1185	-36.3971	12.01	5.37	-49.1315	5.49	2.24	-35.5083	10.91	4.45
6.625	-1.460417	-21.413194	NA	-45.3809	-35.6218	-15.6362	-41.9164	-43.5499	-56.2321	-52.9139	-53.689	-47.8793	-43.44	-43.9425	-14.9909	-36.0274	-36.4018	-39.3135	-41.2092	-46.5641	-36.4210	12.19	5.45	-49.6828	5.38	2.20	-35.7512	10.87	4.44
6.75	-1.335417	-21.288194	NA	-45.6722	-34.8977	-15.091	-41.8334	-42.7181	-55.3147	-52.8648	-53.5954	-47.5553	-43.3515	-43.6725	-15.0238	-36.5286	-35.9884	-38.7856	-41.1469	-46.2207	-36.0425	12.36	5.53	-49.3924	5.24	2.14	-35.6157	10.75	4.39
6.875	-1.210417	-21.163194	NA	-45.5209	-34.7213	-15.1038	-41.7005	-42.3159	-54.8472	-52.7022	-52.4258	-46.5917	-42.6799	-43.2885	-14.6802	-36.4486	-35.824	-39.1971	-40.5446	-47.2414	-35.8725	12.26	5.48	-48.7559	5.25	2.14	-35.6560	11.06	4.51
7	-1.085417	-21.038194	NA	-45.046	-35.3179	-15.0627	-41.4659	-43.1551	-55.1674	-53.1708	-53.1568	-46.9259	-42.3604	-42.9359	-14.6784	-36.3929	-36.1052	-39.4031	-40.966	-45.9952	-36.0095	12.27	5.49	-48.9529	5.62	2.29	-35.5901	10.86	4.43
7.125	-0.960417	-20.913194	NA	-44.3345	-36.0285	-14.5804	-40.8107	-42.7115	-55.0954	-52.7305	-53.0357	-46.8601	-41.5976	-42.3631	-14.6708	-36.3227	-36.2512	-39.0777	-41.7229	-46.2354	-35.6931	12.21	5.46	-48.6137	5.83	2.38	-35.7135	10.97	4.48
7.25	-0.835417	-20.788194	NA	-44.2075	-34.6971	-14.9636	-41.4757	-42.6349	-55.3211	-52.0592	-53.6019	-46.459	-42.3976	-42.0237	-14.3667	-36.1018	-36.1783	-38.5553	-40.7871	-46.063	-35.5958	12.09	5.41	-48.6437	5.80	2.37	-35.3420	10.92	4.46
7.375	-0.710417	-20.663194	NA	-44.1354	-34.6674	-15.0018	-40.7187	-43.1929	-55.47	-52.2912	-52.6814	-46.9667	-42.1185	-42.5996	-14.9026	-36.2145	-35.1326	-38.873	-40.7774	-45.9567	-35.5432	12.06	5.39	-48.6879	5.62	2.30	-35.3095	10.71	4.37
7.5	-0.585417	-20.538194	NA	-44.4787	-35.1299	-15.5562	-41.2583	-43.179	-55.4631	-53.0864	-53.2368	-46.8575	-43.2447	-43.032	-15.1091	-35.7839	-35.7206	-39.3977	-41.2155	-45.4934	-35.9204	11.93	5.34	-49.1534	5.47	2.23	-35.4534	10.62	4.33
7.625	-0.460417	-20.413194	NA	-44.605	-35.854	-15.5017	-42.1424	-43.1864	-55.6336	-53.7939	-53.4375	-47.2939	-42.9318	-43.3316	-15.1668	-36.6154	-36.0951	-39.1845	-41.6795	-46.4028	-36.2579	12.08	5.40	-49.4037	5.61	2.29	-35.8573	10.82	4.42
7.75	-0.335417	-20.288194	NA	-44.7134	-35.5487	-15.2021	-41.6067	-43.6017	-55.9731	-54.0098	-53.2432	-47.024	-43.124	-43.651	-15.4058	-36.3928	-36.4602	-39.3984	-42.0113	-47.0968	-36.1345	12.23	5.47	-49.5042	5.61	2.29	-36.1275	10.91	4.45
7.875	-0.210417	-20.163194	NA	-45.0191	-35.7188	-15.3804	-41.6167	-43.9825	-56.542	-47.7823	-54.7993	-47.4495	-43.6294	-44.0222	-15.1137	-36.7321	-37.0308	-39.9171	-41.1325	-47.19	-36.3435	12.26	5.48	-49.0374	5.44	2.22	-36.1860	11.00	4.49
8	-0.085417	-20.038194	NA	-45.0191	-35.7245	-8.3271	-41.6167	-43.9825	-35.8901	-26.6789	-54.903	-30.5121	-43.6294	-44.0222	-9.4715	-36.8667	-37.1078	-21.3429	-40.9717	-47.1926	-34.9340	15.30	6.84	-39.2726	10.32	4.21	-32.1589	14.01	5.72
8.085417	0	-19.952778	NA	-45.019	-35.7244	-3.6424	-41.6166	-43.9824	-14.8341	-12.61	-54.9029	-17.2071	-43.6293	-44.0221	0.4582	-36.8666	-37.1077	0.2748	-40.9716	-47.1925	-33.9970	17.35	7.76	-31.2009	18.38	7.51	-26.9009	21.45	8.76
8.210417	0.125	-19.827778	NA	-13.6222	-12.4982	-4.3009	-14.2026	-13.2369	-13.2696	-11.8048	-31.6791	-15.3533	-22.5165	-24.1073	-0.6952	-16.036	-14.7228	0.2077	-17.0382	-20.9204	-11.5722	4.11	1.84	-19.7884	7.66	3.13	-11.5342	8.99	3.67
8.335417	0.25	-19.702778	NA	-2.008	1.4206	-4.0071	0.7301	0.6052	-12.6	-12.3357	-16.554	-14.3248	-11.3632	-14.9132	0.2752	1.5142	0.8942	0.0774	0.8579	0.5143	-0.6518	2.28	1.02	-13.6818	1.93	0.79	0.6889	0.52	0.21
8.460417	0.375	-19.577778	NA	-2.1468	1.0995	-4.4895	0.7691	1.55	-12.8223	-12.605	-16.429	-14.8176	-11.3304	-14.0142	-0.0884	0.5158	0.1912	0.5977	0.779	0.3803	-0.6435	2.59	1.16	-13.6698	1.81	0.74	0.3959	0.31	0.13
8.585417	0.5	-19.452778	NA	-2.7174	0.9905	-6.0353	1.1204	0.8497	-12.9947	-12.4662	-16.4371	-14.8792	-11.5375	-13.8307	-1.0357	-0.0926	0.8613	-0.4086	1.0421	0.2228	-1.1584	3.16	1.42	-13.6909	1.77	0.72	0.0982	0.78	0.32
8.710417	0.625	-19.327778	NA	-2.0239	-0.025	-6.0068	1.0055	1.7575	-11.4685	-12.1212	-16.7236	-15.0708	-10.7162	-13.1451	-1.0366	0.0667	0.2103	-0.3091	0.8126	0.2332	-1.0585	3.11	1.39	-13.2076	2.29	0.94	-0.0038	0.62	0.25
8.835417	0.75	-19.202778	NA	-2.0786	0.0039	-4.4801	0.5141	2.0585	-11.3092	-12.9565	-16.8107	-13.4157	-10.7226	-13.4965	-1.0502	-0.8082	0.3607	-0.1604	-0.28	-0.3579	-0.7964	2.54	1.13	-13.1185	2.14	0.87	-0.3827	0.50	0.20
8.960417	0.875	-19.077778	NA	-2.6741	0.3982	-4.7204	0.4691	1.759	-11.024	-12.3352	-16.8839	-14.1225	-11.8774	-14.2237	-1.2855	-1.3235	0.5111	-0.0466	-0.7366	-0.8533	-0.9536	2.66	1.19	-13.4111	2.12	0.86	-0.6224	0.72	0.30
9.085417	1	-18.952778	NA	-2.2388	0.7814	-5.0295	0.739	2.1068	-11.107	-11.4968	-16.7963	-13.6367	-11.8405	-13.4301	-1.3988	-0.009	0.6615	0.0672	0.602	-0.5285	-0.7282	2.88	1.29	-13.0512	2.11	0.86	-0.1009	0.77	0.32
9.210417	1.125	-18.827778	NA	-2.0221	0.8513	-5.6238	1.1065	2.8916	-11.6558	-10.9976	-16.4913	-13.5357	-10.9906	-12.1337	-1.103	0.239	0.8118	0.1811	1.337	1.2374	-0.5593	3.33	1.49	-12.6341	2.11	0.86	0.4506	0.90	0.37
9.335417	1.25	-18.702778	NA	-2.2544	1.4229	-5.7319	1.4215	3.2911	-11.2212	-11.0032	-16.2281	-13.7948	-10.7501	-11.8985	-1.0477	0.8583	0.9622	0.2949	1.3642	1.4688	-0.3702	3.61	1.61	-12.4826	2.14	0.87	0.6501	0.93	0.38
9.460417	1.375	-18.577778	NA	-1.9489	1.1197	-5.469	1.5341	3.1182	-11.2376	-11.5541	-16.3035	-13.8424	-10.8777	-12.241	-1.1121	0.1175	1.1126	0.4087	1.6276	1.0282	-0.3292	3.41	1.52	-12.6761	2.06	0.84	0.5304	0.97	0.39
9.585417	1.5	-18.452778	NA	-2.6076	1.1766	-6.0049	1.6072	3.513	-11.1755	-11.678	-16.7481	-13.8509	-10.9487	-12.3326	-1.1289	0.3123	1.263	0.5226	1.5126	0.4675	-0.4631	3.81	1.70	-12.7890	2.20	0.90	0.4915	0.93	0.38
9.710417	1.625	-18.327778	NA	-2.9927	1.3827	-6.502	1.381	3.6722	-11.4377	-12.1613	-16.5503	-13.5034	-11.744	-12.648	-1.1879	-0.1064	1.4134	0.6364	0.6872	-0.3902	-0.6118	4.08	1.83	-13.0075	1.88	0.77	0.1754	0.92	0.38
9.835417	1.75	-18.202778	NA	-2.7648	1.1683	-5.9244	1.0476	4.1104	-11.0199	-12.1244	-16.3087	-12.5892	-11.9621	-12.3648	-1.3671	0.1281	1.5638	0.7502	0.3666	-0.0252	-0.4726	3.90	1.75	-12.7282	1.84	0.75	0.2361	0.97	0.40
9.960417	1.875	-18.077778	NA	-2.905	1.3841	-6.0226	1.2959	4.5744	-11.0529	-12.2204	-16.1593	-12.3749	-11.2023	-11.9697	-1.7299	-0.4236	1.7141	0.8641	0.2998	-0.21	-0.3346	4.14	1.85	-12.4966	1.87	0.76	0.0857	1.18	0.48
10.085417	2	-17.952778	NA	-2.7623	1.8105	-5.8579	2.4385	5.6995	-10.9074	-12.5147	-16.1273	-12.6327	-10.7221	-11.5851	-1.2503	0.2668	1.8645	0.9779	0.7005	0.39	0.2657	4.56	2.04	-12.4149	1.98	0.81	0.4916	1.03	0.42
10.210417	2.125	-17.827778	NA	-2.9775	1.6493	-5.5373	2.3463	6.503	-10.7984	-11.8071	-15.7965	-12.1018	-10.7528	-11.491	-1.0508	0.6359	1.5222	1.0917	1.3632	0.5721	0.3968	4.72	2.11	-12.1246	1.88	0.77	0.6890	0.93	0.38
10.335417	2.25	-17.702778	NA	-2.4479	1.188	-5.9037	2.3595	7.1829	-10.6836	-11.607	-14.962	-12.3984	-10.7702	-11.348	-1.2747	0.475	0.6707	0.832	1.0548	0.59	0.4758	4.96	2.22	-11.9615	1.60	0.65	0.3913	0.84	0.34
10.460417	2.375	-17.577778	NA	-1.9594	2.193	-6.2398	2.7968	7.6835	-10.3282	-12.0728	-14.9026	-12.7409	-10.3237	-11.6185	-1.4532	0.8367	1.3609	0.5034	1.2668	1.5174	0.8948	5.25	2.35	-11.9978	1.72	0.70	0.6720	1.11	0.45
10.585417	2.5	-17.452778	NA	-2.3647	2.3571	-5.4292	2.9417	8.2923	-10.7898	-12.141	-15.6691	-13.3677	-10.4025	-11.7416	-0.9209	-0.0807	1.0915	1.0225	0.6933	1.1403	1.1594	5.28	2.36	-12.3520	1.93	0.79	0.4910	0.83	0.34
10.710417	2.625	-17.327778	NA	-2.3731	2.406	-6.373	2.8832	8.7829	-10.6656	-12.1607	-16.2149	-12.3272	-11.2191	-11.3177	-0.6921	-0.2906	0.7512	0.8155	0.955	0.7797	1.0652	5.74	2.57	-12.3175	2.01	0.82	0.3864	0.70	0.28
10.835417	2.75	-17.202778	NA	-2.1124	2.3744	-6.8799	2.7461	9.6829	-10.6918	-12.548	-16.2506	-12.621	-10.914	-10.9384	-0.4959	0.4245	1.1424	1.3348	0.5536	0.8731	1.1622	6.16	2.76	-12.3273	2.10	0.86	0.6388	0.65	0.27
10.960417	2.875	-17.077778	NA	-2.7679	2.5958	-7.0438	3.0523	11.0266	-10.9419	-12.6697	-16.1002	-12.9211	-10.8717	-11.0973	-1.556	0.4176	1.5345	1.4965	1.0591	0.6255	1.3726	6.81	3.05	-12.4337	2.01	0.82	0.5962	1.15	0.47
11.085417	3	-16.952778	NA	-3.4278	2.5619	-6.9907	3.1236	11.0793	-11.2371	-12.7356	-15.8165	-12.7679	-11.2593	-11.0506	-1.3516	0.636	1.171	1.285	1.3547	0.3779	1.2693	6.92	3.10	-12.4778	1.81	0.74	0.5788	1.02	0.42
11.210417	3.125	-16.827778	NA	-3.0213	3.1064	-6.7355	3.3033	11.9834	-11.1157	-12.9712	-16.4003	-13.2932	-11.6718	-11.2301	-1.9887	0.7586	1.2203	1.8316	1.1908	0.4197	1.7273	7.14	3.19	-12.7804	1.99	0.81	0.5721	1.34	0.55
11.335417	3.25	-16.702778	NA	-3.6623	3.1926	-6.034	3.6931	12.9765	-10.3502	-13.0754	-16.3031	-12.2842	-11.6655	-10.9767	-0.9976	0.3641	1.6029	2.1996	0.8689	0.919	2.0332	7.44	3.33	-12.4425	2.12	0.87	0.8262	1.10	0.45
11.460417	3.375	-16.577778	NA	-3.5555	3.1438	-5.8733	4.3108	13.9	-10.9081	-12.7161	-16.5171	-12.2807	-10.9677	-10.7813	-1.661	0.7892	1.3507	1.4243	0.7016	0.9618	2.3852	7.75	3.47	-12.3618	2.19	0.89	0.5944	1.14	0.47
11.585417	3.5	-16.452778	NA	-2.9677	3.746	-5.7226	4.911	14.7217	-9.6329	-11.4508	-16.6312	-11.8119	-10.4743	-10.5831	-0.5108	0.887	1.5772	2.0407	0.8736	0.594	2.9377	7.96	3.56	-11.7640	2.51	1.02	0.9103	0.88	0.36
11.710417	3.625	-16.327778	NA	-3.2722	4.4664	-6.4123	5.0975	16.0334	-10.6815	-12.2314	-16.0617	-12.0002	-10.9076	-10.9011	-1.2467	0.6133	1.6056	2.3409	1.2726	0.7825	3.1826	8.72	3.90	-12.1306	2.03	0.83	0.8947	1.22	0.50
11.835417	3.75	-16.202778	NA	-3.0427	4.3937	-6.8681	5.0872	17.2404	-10.7026	-12.268	-15.8228	-11.6569	-10.5671	-10.7483	-1.1035	0.72	1.1185	2.6021	1.0331	0.8931	3.3621	9.25	4.14	-11.9610	2.00	0.82	0.8772	1.18	0.48
11.960417	3.875	-16.077778	NA	-2.4056	4.6992	-6.1112	5.1358	17.8702	-10.3067	-11.7642	-16.1969	-10.8131	-11.2016	-10.3666	-1.4882	0.8055	0.7773	3.2011	1.1495	0.7626	3.8377	9.18	4.11	-11.7749	2.23	0.91	0.8680	1.49	0.61
12.085417	4	-15.952778	NA	-2.4735	5.2824	-7.013	5.6289	18.76	-10.583	-11.7531	-16.3108	-11.7119	-11.1125	-10.0395	-1.8642	1.089	1.2909	2.6152	1.7858	0.7629	4.0370	9.82	4.39	-11.9185	2.25	0.92	0.9466	1.52	0.62
12.210417	4.125	-15.827778	NA	-3.516	4.8723	-6.6304	5.7171	20.8625	-11.1689	-12.1233	-16.4664	-12.4741	-10.9027	-10.764	-1.3032	0.8755	1.7166	2.1776	1.022	0.3149	4.2611	10.69	4.78	-12.3166	2.15	0.88	0.8006	1.22	0.50
12.335417	4.25	-15.702778	NA	-2.9627	4.7169	-6.5562	6.196	22.5773	-11.8107	-12.9104	-16.6289	-12.4567	-11.2695	-10.8952	-0.7825	0.5224	1.5205	2.8187	-0.0612	-0.0803	4.7943	11.26	5.04	-12.6619	2.08	0.85	0.6563	1.31	0.53
12.460417	4.375	-15.577778	NA	-2.9637	5.153	-7.3978	6.9915	22.1282	-11.9845	-13.5034	-16.6215	-12.5122	-11.0046	-10.6783	-1.3315	0.579	1.1822	1.8492	-0.2076	0.3571	4.7822	11.34	5.07	-12.7174	2.17	0.89	0.4047	1.11	0.45
12.585417	4.5	-15.452778	NA	-2.4895	6.6502	-6.4162	7.4688	24.8606	-11.4742	-12.8751	-16.64	-11.2401	-11.4738	-10.8152	-1.0189	0.7312	0.9593	2.5879	0.9232	0.7057	6.0148	12.09	5.41	-12.4197	2.18	0.89	0.8147	1.15	0.47
12.710417	4.625	-15.327778	NA	-2.1804	6.9595	-6.5587	7.8618	26.6738	-11.5137	-12.8378	-16.8955	-11.985	-11.9393	-10.1895	-0.4087	1.3644	1.5261	3.8793	1.6863	1.2589	6.5512	12.80	5.72	-12.5601	2.29	0.94	1.5511	1.37	0.56
12.835417	4.75	-15.202778	NA	-2.6295	6.6683	-7.1168	7.9156	29.9008	-11.0722	-11.9621	-16.7742	-11.7298	-12.0314	-10.7542	-1.9306	1.6395	1.9386	3.8301	1.0273	0.8793	6.9477	14.30	6.39	-12.3873	2.21	0.90	1.2307	1.88	0.77
12.960417	4.875	-15.077778	NA	-3.3755	7.7179	-6.7746	8.5561	31.5057	-10.9283	-12.471	-16.9406	-11.2431	-12.0578	-10.6562	-1.4941	1.9522	1.8806	3.3425	1.1317	1.2534	7.5259	15.00	6.71	-12.3828	2.34	0.95	1.3444	1.60	0.65
13.085417	5	-14.952778	NA	-2.6716	7.7528	-7.1785	8.8543	33.923	-10.8555	-13.7584	-17.0868	-12.0474	-12.0152	-10.8699	-0.8676	1.7583	2.1955	3.9008	1.2557	0.9291	8.1360	15.94	7.13	-12.7722	2.37	0.97	1.5286	1.57	0.64
13.210417	5.125	-14.827778	NA	-2.6824	7.6877	-6.6378	8.9695	35.1018	-12.3074	-13.2425	-16.4013	-11.4843	-12.2792	-11.0108	-1.1784	1.4422	2.3255	4.3047	0.897	0.564	8.4878	16.30	7.29	-12.7876	1.93	0.79	1.3925	1.84	0.75
13.335417	5.25	-14.702778	NA	-3.1869	8.253	-6.6657	9.5695	38.9439	-11.5438	-13.4197	-16.4337	-11.4331	-12.1009	-10.6736	-2.411	1.2876	2.131	4.7117	0.9529	0.7861	9.3828	17.96	8.03	-12.6008	2.09	0.85	1.2430	2.30	0.94
13.460417	5.375	-14.577778	NA	-3.3334	8.7614	-6.9367	10.8352	42.447	-12.9477	-13.6487	-16.8895	-12.3404	-12.2132	-10.6471	-1.3847	1.6222	2.0203	5.5699	0.84	0.8683	10.3547	19.49	8.72	-13.1144	2.10	0.86	1.5893	2.28	0.93
13.585417	5.5	-14.452778	NA	-2.3927	8.9806	-8.7171	11.969	45.0749	-13.4793	-14.1607	-16.221	-13.9094	-11.6938	-10.6232	-2.1811	1.835	3.0487	3.3515	1.7916	1.5387	10.9829	20.82	9.31	-13.3479	1.97	0.80	1.5641	1.98	0.81
13.710417	5.625	-14.327778	NA	-2.3193	8.9845	-5.3471	11.9803	47.5527	-10.2034	-13.0708	-17.8756	-9.9254	-12.2311	-10.852	0.0768	1.8796	2.8179	6.3102	1.2598	1.1028	12.1702	21.09	9.43	-12.3597	2.96	1.21	2.2412	2.19	0.89
13.835417	5.75	-14.202778	NA	-2.4366	10.3158	-7.1483	12.2644	50.4592	-13.0696	-13.7053	-18.5505	-11.9351	-12.9109	-10.8368	-1.9093	-0.2477	1.3857	4.6551	-0.1087	-0.7959	12.6909	22.66	10.14	-13.5014	2.67	1.09	0.4965	2.30	0.94
13.960417	5.875	-14.077778	NA	-2.3748	10.5011	-7.2281	12.7037	53.1538	-13.1067	-14.6493	-17.5993	-12.298	-12.6947	-11.0302	-1.6354	1.5894	1.4966	5.5907	1.0862	0.431	13.3511	23.79	10.64	-13.5630	2.30	0.94	1.4264	2.36	0.96
14.085417	6	-13.952778	NA	-2.8501	10.3585	-7.2273	13.3547	56.4695	-13.2294	-14.7504	-17.6312	-12.0174	-12.9959	-11.3313	-1.6051	1.9093	1.9084	5.733	1.0086	0.421	14.0211	25.26	11.30	-13.6593	2.27	0.93	1.5625	2.42	0.99
14.210417	6.125	-13.827778	NA	-3.4258	11.0499	-7.3119	14.1942	59.9823	-13.4516	-14.7392	-17.6631	-12.2007	-13.6755	-11.6323	-1.5686	2.2291	2.3203	5.8552	0.931	0.411	14.8977	26.82	11.99	-13.8937	2.15	0.88	1.6963	2.48	1.01
14.335417	6.25	-13.702778	NA	-3.3547	13.2055	-7.3652	15.4477	63.448	-13.8291	-14.4837	-17.711	-13.0055	-12.9478	-11.1595	-1.1121	2.7592	2.4092	5.9982	1.0181	0.3558	16.2763	28.19	12.61	-13.8561	2.19	0.90	1.9047	2.45	1.00
14.460417	6.375	-13.577778	NA	-3.0451	13.7602	-7.126	17.0422	69.2813	-13.0458	-14.6862	-17.9668	-12.1041	-12.5786	-11.7205	-1.9455	2.4904	1.8389	6.8501	0.695	0.5006	17.9825	30.51	13.64	-13.6837	2.34	0.95	1.7383	2.93	1.20
14.585417	6.5	-13.452778	NA	-3.5136	14.1593	-7.3312	18.1549	72.1565	-13.0829	-15.2875	-18.4576	-12.7695	-12.853	-10.6191	-1.1319	1.8816	1.7699	7.2544	0.7429	0.9634	18.7252	31.82	14.23	-13.8449	2.70	1.10	1.9134	2.83	1.16
14.710417	6.625	-13.327778	NA	-3.3067	14.6224	-6.7976	18.9867	75.4347	-14.1941	-15.482	-18.9553	-12.6817	-13.2383	-11.1972	-0.67	2.1767	2.3928	7.0825	0.6932	0.3325	19.7879	33.03	14.77	-14.2914	2.70	1.10	2.0013	2.74	1.12
14.835417	6.75	-13.202778	NA	-3.062	14.8499	-6.9524	19.6658	79.5469	-14.4395	-16.0693	-18.7663	-12.5806	-13.1624	-10.7329	-1.9395	2.0313	2.5568	7.7568	0.4726	-0.1611	20.8096	34.74	15.54	-14.2918	2.83	1.16	1.7861	3.34	1.36
14.960417	6.875	-13.077778	NA	-3.1849	16.4046	-7.131	20.8921	83.2817	-14.469	-14.94	-17.9884	-12.5325	-12.8522	-11.2444	-2.1401	2.1454	2.5441	8.4616	1.0322	0.8709	22.0525	36.30	16.23	-14.0044	2.37	0.97	2.1524	3.50	1.43
15.085417	7	-12.952778	NA	-4.1667	17.0565	-7.2151	23.0322	87.4034	-13.6975	-15.5729	-18.2345	-12.6697	-12.5529	-11.0784	-1.4542	2.5138	2.4871	9.1427	1.211	1.246	23.2221	38.19	17.08	-13.9677	2.56	1.05	2.5244	3.55	1.45
15.210417	7.125	-12.827778	NA	-3.5339	18.3178	-7.2519	23.7281	92.464	-13.651	-16.2379	-18.8308	-13.0447	-13.614	-11.6447	-1.5432	2.2817	2.0094	9.0205	0.7701	0.7964	24.7448	40.16	17.96	-14.5038	2.59	1.06	2.2225	3.59	1.47
15.335417	7.25	-12.702778	NA	-2.9949	19.4602	-7.694	24.4051	95.92	-13.7099	-16.2957	-18.6886	-13.4027	-14.0859	-11.2885	-1.8806	2.327	2.1887	10.357	1.0285	0.607	25.8193	41.56	18.59	-14.5785	2.57	1.05	2.4379	4.17	1.70
15.460417	7.375	-12.577778	NA	-2.2651	19.8986	-7.2498	25.5284	99.4168	-14.0923	-16.0954	-19.511	-12.9341	-14.2377	-11.0376	-1.4345	2.819	2.8385	10.239	1.1049	0.5545	27.0658	42.80	19.14	-14.6514	2.90	1.19	2.6869	4.03	1.64
15.585417	7.5	-12.452778	NA	-2.2374	20.6488	-7.4792	27.3126	103.3698	-14.5243	-15.8313	-19.3836	-13.9005	-14.4346	-12.2305	-1.0504	7.6596	2.9505	10.8001	1.2097	0.8198	28.3229	44.46	19.88	-15.0508	2.42	0.99	3.7315	4.55	1.86
15.710417	7.625	-12.327778	NA	-3.1927	21.5734	-7.6308	28.0988	109.2609	-15.2596	-16.9333	-19.264	-13.6662	-14.4074	-12.368	-2.0603	9.3373	2.7878	10.7186	1.2749	0.8991	29.6219	47.10	21.06	-15.3164	2.47	1.01	3.8262	5.07	2.07
15.835417	7.75	-12.202778	NA	-2.3717	22.7614	-8.0473	29.8372	115.1842	-15.1096	-16.2744	-19.3774	-14.1656	-13.9596	-11.6028	-2.0043	4.4711	3.1221	10.6832	1.1089	0.7676	31.4728	49.48	22.13	-15.0816	2.61	1.07	3.0248	4.35	1.78
15.960417	7.875	-12.077778	NA	-2.7204	23.8204	-8.3073	30.8503	119.4321	-15.4686	-16.7372	-19.8561	-13.317	-14.343	-12.0924	-1.3851	4.6224	3.1089	12.043	0.9558	1.0553	32.6150	51.33	22.96	-15.3024	2.76	1.13	3.4000	4.70	1.92
16.085417	8	-11.952778	NA	-3.1358	24.7583	-7.5738	31.4718	123.4624	-14.8395	-17.2238	-20.6031	-13.294	-14.9834	-12.8245	-0.6676	4.2969	2.6071	13.4476	0.6485	1.1168	33.7966	52.92	23.67	-15.6280	2.89	1.18	3.5749	5.13	2.09
16.210417	8.125	-11.827778	NA	-3.6719	24.974	-7.379	33.3495	129.0715	-15.7827	-17.9356	-20.6313	-14.2754	-15.1715	-12.2196	-1.2644	4.559	3.9201	13.5896	0.889	1.2317	35.2688	55.33	24.74	-16.0027	2.94	1.20	3.8208	5.24	2.14
16.335417	8.25	-11.702778	NA	-3.6655	26.3339	-7.4544	36.4974	132.6611	-15.6172	-17.2538	-20.335	-13.9345	-14.1863	-11.9226	-2.1367	4.5736	3.935	13.4559	0.5386	1.1186	36.8745	56.78	25.39	-15.5416	2.95	1.20	3.5808	5.42	2.21
16.460417	8.375	-11.577778	NA	-3.0056	27.2658	-7.1873	37.6944	136.0268	-15.7498	-16.7453	-20.1834	-13.7921	-14.6549	-11.9889	-1.5079	4.1844	3.2043	14.8224	1.0847	1.0034	38.1588	57.98	25.93	-15.5191	2.81	1.15	3.7986	5.75	2.35
16.585417	8.5	-11.452778	NA	-3.54	27.3009	-7.2155	39.2957	141.987	-15.7538	-17.1789	-20.341	-14.0299	-14.739	-11.6855	-1.896	4.3866	3.2091	15.9245	1.0613	0.9099	39.5656	60.60	27.10	-15.6213	2.95	1.20	3.9326	6.26	2.56
16.710417	8.625	-11.327778	NA	-2.4354	28.4601	-7.3504	40.2698	147.0452	-15.775	-17.9784	-20.0647	-14.5572	-14.4877	-12.4812	-1.8141	4.558	3.0492	16.556	0.7661	1.0329	41.1979	62.51	27.95	-15.8907	2.73	1.11	4.0247	6.51	2.66
16.835417	8.75	-11.202778	NA	-3.4926	29.2237	-7.3662	41.1065	152.7459	-15.9125	-17.7662	-20.6924	-14.1323	-14.9964	-12.9549	-2.0536	4.317	3.2628	17.2204	1.0337	0.9663	42.4435	65.07	29.10	-16.0758	2.79	1.14	4.1244	6.78	2.77
16.960417	8.875	-11.077778	NA	-2.7258	30.1946	-7.347	41.9747	158.5143	-16.2261	-18.0061	-21.0027	-13.8527	-15.2672	-13.0813	-1.7593	3.9125	3.3939	18.8841	0.8654	0.668	44.1222	67.32	30.11	-16.2394	2.91	1.19	4.3274	7.42	3.03
17.085417	9	-10.952778	NA	-2.8679	32.5269	-6.8722	44.2382	152.9623	-15.9197	-17.3778	-20.2594	-14.0817	-14.9226	-12.2401	-0.622	4.3009	3.407	19.734	0.7138	0.729	43.9975	64.79	28.97	-15.8002	2.79	1.14	4.7105	7.59	3.10
17.210417	9.125	-10.827778	NA	-2.4596	34.3649	-7.0752	46.2577	151.2828	-16.2417	-17.8641	-20.7877	-14.8225	-15.0095	-12.4408	-0.9396	4.472	3.4402	20.5474	0.7571	0.8503	44.4741	63.98	28.61	-16.1944	2.87	1.17	4.8546	7.93	3.24
17.335417	9.25	-10.702778	NA	-3.4014	35.7132	-7.492	49.0803	156.0904	-16.893	-18.8993	-21.1985	-15.0594	-14.9949	-12.3566	-1.6491	4.2905	3.8369	20.8877	0.9879	1.0899	45.9981	66.21	29.61	-16.5669	3.15	1.28	4.9073	8.12	3.32
17.460417	9.375	-10.577778	NA	-2.7573	36.6294	-7.7306	49.9267	158.0399	-17.0411	-18.2228	-21.1272	-15.5304	-14.9338	-12.6288	-1.299	4.2047	3.8131	21.9587	0.8764	0.9394	46.8216	66.93	29.93	-16.5807	2.93	1.20	5.0822	8.52	3.48
17.585417	9.5	-10.452778	NA	-2.6428	37.7858	-7.6785	51.8421	175.056	-17.0023	-18.8879	-21.3303	-15.2547	-15.6291	-12.3801	-1.0752	4.3241	3.8713	23.3093	0.9027	0.9019	50.8725	73.97	33.08	-16.7474	3.10	1.27	5.3723	9.02	3.68
17.710417	9.625	-10.327778	NA	-2.6661	39.7448	-8.3972	54.2252	170.9578	-17.4997	-18.6274	-21.6356	-15.4302	-15.7777	-13.3377	-1.0161	4.583	4.4957	24.0228	0.6733	0.9399	50.7729	72.34	32.35	-17.0514	2.89	1.18	5.6164	9.29	3.79
17.835417	9.75	-10.202778	NA	-3.5859	40.9911	-8.7735	55.6854	173.4276	-17.3066	-19.1547	-21.6181	-15.4024	-15.7832	-13.6388	-1.4238	4.3935	4.3836	25.1861	0.7774	0.5394	51.5489	73.59	32.91	-17.1506	2.87	1.17	5.6427	9.85	4.02
17.960417	9.875	-10.077778	NA	-3.6081	42.2455	-6.625	57.0438	177.394	-17.1135	-18.9937	-21.5137	-14.7429	-15.5599	-13.2052	-1.8315	4.4682	3.9362	26.3494	1.2252	0.2726	53.2900	74.77	33.44	-16.8548	3.03	1.24	5.7367	10.37	4.23
18.085417	10	-9.952778	NA	-3.6215	44.1008	-8.0307	58.286	183.4135	-18.6976	-18.5265	-21.4749	-15.4143	-15.5872	-12.9474	-1.8212	4.8506	4.4324	26.5566	1.0261	0.8161	54.8296	77.51	34.66	-17.1080	3.04	1.24	5.9768	10.38	4.24
18.210417	10.125	-9.827778	NA	-3.2486	45.6124	-6.8093	59.0649	188.3729	-17.5089	-18.7325	-21.7857	-15.8746	-15.9358	-13.3142	-1.4803	4.787	5.1553	26.8089	1.1573	1.4423	56.5985	79.20	35.42	-17.1919	2.90	1.18	6.3117	10.34	4.22
18.335417	10.25	-9.702778	NA	-3.1868	46.9991	-7.3925	61.8609	192.8648	-17.4006	-18.9347	-22.2938	-15.0232	-16.0462	-13.4018	-0.9104	4.2986	4.3742	28.6676	1.3481	0.9384	58.2291	81.15	36.29	-17.1834	3.15	1.28	6.4527	11.07	4.52
18.460417	10.375	-9.577778	NA	-3.405	48.625	-8.2861	67.4807	199.3198	-18.3523	-19.1016	-21.6874	-16.0452	-16.5712	-13.2628	-1.4871	4.8372	4.8083	28.8873	0.978	0.9642	60.7469	84.08	37.60	-17.5034	2.89	1.18	6.4980	11.24	4.59
18.585417	10.5	-9.452778	NA	-3.0436	50.9092	-7.8508	67.3481	206.8486	-18.5704	-19.9782	-22.1935	-15.9356	-16.6797	-13.3033	-2.4566	5.1184	5.433	28.94	1.2063	1.0751	62.8423	86.95	38.88	-17.7768	3.15	1.29	6.5527	11.35	4.63
18.710417	10.625	-9.327778	NA	-3.2297	53.6465	-8.1628	64.543	212.9791	-18.635	-19.4278	-22.5112	-16.2563	-16.3977	-13.6922	-1.9877	4.5044	5.3052	29.7134	1.2914	1.2638	63.9552	89.48	40.02	-17.8200	3.06	1.25	6.6818	11.58	4.73
18.835417	10.75	-9.202778	NA	-3.1128	55.1516	-6.9421	68.1389	219.8495	-18.0874	-19.0989	-22.7104	-15.9567	-16.1623	-13.3948	-1.9089	5.0317	5.435	30.6345	2.1481	1.6245	66.6170	92.04	41.16	-17.5684	3.20	1.30	7.1608	11.80	4.82
18.960417	10.875	-9.077778	NA	-3.2768	56.4086	-7.7274	70.0982	227.5221	-18.2136	-19.3018	-22.3514	-15.7915	-16.2423	-13.4668	-1.6591	5.1454	5.7559	30.7386	1.6588	1.4873	68.6049	95.39	42.66	-17.5612	3.10	1.27	7.1878	11.85	4.84
19.085417	11	-8.952778	NA	-3.2127	58.6659	-8.3418	72.5898	234.062	-18.4778	-19.3539	-22.2708	-16.9152	-16.8637	-13.9315	-2.0387	5.1184	6.0652	31.2976	1.3536	0.9327	70.7526	98.17	43.90	-17.9688	2.80	1.14	7.1215	12.21	4.98
19.210417	11.125	-8.827778	NA	-2.9297	60.9843	-7.5549	77.0111	242.1852	-18.178	-19.5522	-22.1105	-16.5995	-16.7179	-13.7682	-2.0696	5.8535	6.631	31.5721	1.808	0.9273	73.9392	101.28	45.30	-17.8210	2.85	1.16	7.4537	12.25	5.00
19.335417	11.25	-8.702778	NA	-2.7562	64.6607	-7.4729	79.8953	251.2451	-18.6953	-20.1263	-22.7404	-16.0056	-16.5444	-13.7778	-1.6877	6.196	6.8454	32.511	2.0021	1.1536	77.1144	104.90	46.91	-17.9816	3.21	1.31	7.8367	12.51	5.11
19.460417	11.375	-8.577778	NA	-3.3182	68.7522	-8.3518	78.9466	257.8079	-19.4791	-20.368	-23.1001	-16.8204	-17.0391	-14.2492	-2.2166	8.1385	6.8833	33.2897	1.645	1.2513	78.7673	107.80	48.21	-18.5093	3.12	1.27	8.1652	12.89	5.26
19.585417	11.5	-8.452778	NA	-3.5226	68.6191	-7.7526	79.354	264.699	-20.2454	-20.9453	-23.0151	-17.3419	-17.4144	-14.172	-1.7148	6.8024	7.7464	35.8872	1.3654	0.8341	80.2794	110.59	49.46	-18.8557	3.16	1.29	8.4868	13.91	5.68
19.710417	11.625	-8.327778	NA	-3.7117	72.8311	-8.2027	80.6071	284.843	-19.4292	-21.0909	-23.2218	-17.66	-17.036	-14.313	-1.8065	10.9789	8.0914	36.4122	1.7598	1.473	85.2734	119.02	53.23	-18.7918	3.15	1.29	9.4848	14.00	5.72
19.835417	11.75	-8.202778	NA	-3.4718	76.9609	-7.8111	82.4669	292.2748	-20.2749	-20.6006	-23.6062	-16.9375	-16.796	-14.3774	-2.3639	8.6146	8.0713	36.7842	1.7677	1.1587	88.0839	121.89	54.51	-18.7654	3.33	1.36	9.0054	14.25	5.82
19.960417	11.875	-8.077778	NA	-3.3722	78.9098	-7.7619	84.6583	296.7449	-19.6294	-20.6581	-23.5012	-16.8813	-16.7468	-14.1959	-2.2913	7.0476	9.898	37.7086	1.8365	0.811	89.8358	123.66	55.30	-18.6021	3.32	1.36	9.1684	14.66	5.98
20.085417	12	-7.952778	NA	-3.4271	82.608	-7.9671	86.1989	312.8622	-19.4081	-20.7404	-23.8493	-16.2504	-17.3685	-14.5591	-1.6297	6.8005	9.2127	40.4555	2.1985	1.6984	94.0550	130.37	58.30	-18.6960	3.35	1.37	9.7893	15.51	6.33
20.210417	12.125	-7.827778	NA	-3.196	84.3839	-8.9106	91.5042	320.5866	-19.3973	-20.8986	-23.2595	-17.107	-17.7409	-14.643	-1.9604	6.7138	9.2092	39.1328	1.4011	1.572	96.8736	133.64	59.76	-18.8410	3.03	1.24	9.3448	15.14	6.18
20.335417	12.25	-7.702778	NA	-3.2453	87.6106	-8.0542	97.8338	323.1503	-19.4573	-21.2708	-23.3733	-16.5811	-17.5334	-14.5281	-2.229	6.9058	10.1629	41.2959	1.9121	1.7229	99.4590	134.43	60.12	-18.7907	3.23	1.32	9.9618	15.95	6.51
20.460417	12.375	-7.577778	NA	-2.9958	90.9214	-8.2847	100.137	328.9637	-20.4802	-21.4669	-23.8626	-18.7856	-17.8265	-14.8494	-2.1829	7.0248	10.3013	43.309	1.9473	2.1726	101.7483	136.77	61.17	-19.5452	3.12	1.28	10.4287	16.68	6.81
20.585417	12.5	-7.452778	NA	-2.8682	94.0304	-8.6122	102.4732	340.4465	-20.2635	-21.6224	-24.6926	-17.7047	-18.4582	-15.3405	-2.1306	7.0072	9.9485	44.1398	1.2972	1.048	105.0939	141.51	63.29	-19.6803	3.27	1.33	10.2184	17.19	7.02
20.710417	12.625	-7.327778	NA	-3.1012	99.8739	-9.3516	105.2363	352.5897	-20.6574	-21.4337	-24.2629	-17.7778	-18.281	-15.3796	-1.6675	7.5792	10.7589	43.2451	1.9086	1.5889	109.0494	146.63	65.58	-19.6321	3.13	1.28	10.5689	16.63	6.79
20.835417	12.75	-7.202778	NA	-3.3968	102.227	-8.2005	108.2596	370.5602	-19.9257	-21.2314	-23.832	-17.2893	-18.0697	-15.2742	-2.2439	7.0291	11.2897	44.8049	2.866	1.697	113.8899	153.87	68.81	-19.2704	3.05	1.24	10.9071	17.24	7.04
20.960417	12.875	-7.077778	NA	-3.509	106.3746	-8.2726	111.1003	390.6604	-20.5414	-21.5965	-23.3637	-18.1752	-18.3046	-15.2296	-2.1	7.389	12.629	53.6553	2.218	1.6896	119.2707	162.19	72.54	-19.5352	2.89	1.18	12.5801	20.76	8.48
21.085417	13	-6.952778	NA	-3.4531	112.4814	-8.1989	115.7943	407.2664	-20.6531	-21.7959	-23.3702	-18.2187	-18.2683	-15.201	-1.9243	7.6153	13.3005	57.5706	2.3013	1.7314	124.7780	168.94	75.55	-19.5845	2.94	1.20	13.4325	22.27	9.09
21.210417	13.125	-6.827778	NA	-3.3669	118.5882	-8.1138	120.4883	423.8725	-20.6268	-21.7719	-23.3767	-18.1738	-18.2321	-15.1724	-1.9233	7.8416	13.972	60.0423	2.3846	1.7733	130.2937	175.67	78.56	-19.5589	2.95	1.20	14.0151	23.22	9.48
21.335417	13.25	-6.702778	NA	-3.2807	124.695	-8.0287	125.1823	440.4785	-20.6006	-21.748	-23.3831	-18.1288	-18.1958	-15.1438	-1.9223	8.068	14.6435	62.514	2.4679	1.8151	135.8093	182.41	81.58	-19.5333	2.96	1.21	14.5977	24.17	9.87
21.460417	13.375	-6.577778	NA	-3.1946	130.8019	-7.9436	129.8763	457.0846	-20.5743	-21.724	-23.3896	-18.0839	-18.1595	-15.1152	-1.9213	8.2943	15.315	64.9857	2.5512	1.857	141.3249	189.15	84.59	-19.5078	2.98	1.21	15.1803	25.13	10.26
21.585417	13.5	-6.452778	NA	-3.1084	136.9087	-7.8585	134.5703	473.6906	-20.5481	-21.7	-23.3961	-18.0389	-18.1233	-15.0866	-1.9203	8.5206	15.9864	67.4574	2.6345	1.8988	146.8405	195.89	87.61	-19.4822	2.99	1.22	15.7629	26.08	10.65
21.710417	13.625	-6.327778	NA	-3.0222	143.0155	-7.7734	139.2643	490.2967	-20.5218	-21.6761	-23.4025	-17.994	-18.087	-15.058	-1.9193	8.7469	16.6579	69.929	2.7178	1.9406	152.3562	202.64	90.62	-19.4566	3.00	1.22	16.3455	27.04	11.04
21.835417	13.75	-6.202778	NA	-2.936	149.1223	-7.6883	143.9583	506.9027	-20.4956	-21.6521	-23.409	-17.949	-18.0508	-15.0294	-1.9183	8.9733	17.3294	72.4007	2.8012	1.9825	157.8718	209.38	93.64	-19.4310	3.01	1.23	16.9281	28.00	11.43
21.960417	13.875	-6.077778	NA	-2.8498	155.2291	-7.6032	148.6522	523.5088	-20.4693	-21.6281	-23.4155	-17.9041	-18.0145	-15.0007	-1.9173	9.1996	18.0009	74.8724	2.8845	2.0243	163.3874	216.13	96.65	-19.4054	3.02	1.23	17.5107	28.95	11.82
22.085417	14	-5.952778	NA	-2.7636	161.3359	-7.5181	153.3462	540.1148	-20.4431	-21.6041	-23.4219	-17.8592	-17.9782	-14.9721	-1.9163	9.4259	18.6724	77.3441	2.9678	2.0662	168.9030	222.87	99.67	-19.3798	3.04	1.24	18.0934	29.91	12.21
22.210417	14.125	-5.827778	NA	-2.6774	167.4427	-7.433	158.0402	556.7209	-20.4168	-21.5802	-23.4284	-17.8142	-17.942	-14.9435	-1.9153	9.6522	19.3439	79.8158	3.0511	2.108	174.4187	229.62	102.69	-19.3542	3.05	1.25	18.6760	30.86	12.60
22.335417	14.25	-5.702778	NA	-2.5912	173.5496	-7.3479	162.7342	573.3269	-20.3906	-21.5562	-23.4349	-17.7693	-17.9057	-14.9149	-1.9143	9.8785	20.0154	82.2874	3.1344	2.1499	179.9343	236.37	105.71	-19.3286	3.06	1.25	19.2585	31.82	12.99
22.460417	14.375	-5.577778	NA	-2.505	179.6564	-7.2628	167.4282	589.933	-20.3643	-21.5322	-23.4413	-17.7243	-17.8695	-14.8863	-1.9133	10.1049	20.6869	84.7591	3.2177	2.1917	185.4500	243.12	108.73	-19.3030	3.07	1.26	19.8412	32.77	13.38
22.585417	14.5	-5.452778	NA	-2.4188	185.7632	-7.1777	172.1222	606.539	-20.3381	-21.5083	-23.4478	-17.6794	-17.8332	-14.8577	-1.9123	10.3312	21.3584	87.2308	3.3011	2.2336	190.9656	249.87	111.75	-19.2774	3.09	1.26	20.4238	33.73	13.77
22.710417	14.625	-5.327778	NA	-2.3326	191.87	-7.0926	176.8162	623.1451	-20.3118	-21.4843	-23.4543	-17.6344	-17.7969	-14.8291	-1.9113	10.5575	22.0299	89.7025	3.3844	2.2754	196.4812	256.62	114.76	-19.2518	3.10	1.27	21.0064	34.69	14.16
22.835417	14.75	-5.202778	NA	-2.2464	197.9768	-7.0075	181.5102	639.7511	-20.2856	-21.4603	-23.4607	-17.5895	-17.7607	-14.8005	-1.9103	10.7838	22.7014	92.1742	3.4677	2.3173	201.9968	263.37	117.78	-19.2262	3.11	1.27	21.5890	35.64	14.55
22.960417	14.875	-5.077778	NA	-2.1602	204.0836	-6.9224	186.2041	656.3571	-20.2593	-21.4363	-23.4672	-17.5446	-17.7244	-14.7719	-1.9093	11.0102	23.3729	94.6458	3.551	2.3591	207.5124	270.13	120.80	-19.2006	3.13	1.28	22.1716	36.60	14.94
23.085417	15	-4.952778	NA	-2.074	210.1904	-6.8374	190.8981	672.9632	-20.2331	-21.4124	-23.4737	-17.4996	-17.6882	-14.7433	-1.9083	11.2365	24.0444	97.1175	3.6343	2.4009	213.0281	276.88	123.82	-19.1750	3.14	1.28	22.7542	37.56	15.33
23.210417	15.125	-4.827778	NA	-1.9878	216.2973	-6.7523	195.5921	689.5692	-20.2068	-21.3884	-23.4801	-17.4547	-17.6519	-14.7146	-1.9073	11.4628	24.7159	99.5892	3.7176	2.4428	218.5437	283.63	126.84	-19.1494	3.15	1.29	23.3368	38.51	15.72
23.335417	15.25	-4.702778	NA	-1.9016	222.4041	-6.6672	200.2861	706.1753	-20.1806	-21.3644	-23.4866	-17.4097	-17.6156	-14.686	-1.9063	11.6891	25.3874	102.0609	3.801	2.4846	224.0593	290.39	129.86	-19.1238	3.16	1.29	23.9195	39.47	16.11
23.460417	15.375	-4.577778	NA	-1.8154	228.5109	-6.5821	204.9801	722.7813	-20.1543	-21.3405	-23.493	-17.3648	-17.5794	-14.6574	-1.9053	11.9154	26.0589	104.5326	3.8843	2.5265	229.5750	297.14	132.89	-19.0982	3.18	1.30	24.5021	40.43	16.50
23.585417	15.5	-4.452778	NA	-1.7292	234.6177	-6.497	209.6741	739.3874	-20.1281	-21.3165	-23.4995	-17.3198	-17.5431	-14.6288	-1.9043	12.1418	26.7303	107.0042	3.9676	2.5683	235.0906	303.90	135.91	-19.0726	3.19	1.30	25.0846	41.38	16.89
23.710417	15.625	-4.327778	NA	-2.289	237.9129	-6.409	215.7551	777.018	-19.3803	-20.4689	-23.3551	-16.9653	-17.3564	-14.4463	-1.3976	11.9263	27.702	110.0216	3.994	2.6247	244.3976	319.49	142.88	-18.6621	3.10	1.27	25.8118	42.52	17.36
23.835417	15.75	-4.202778	NA	-2.7868	239.3372	-6.1612	231.2113	797.8528	-20.2549	-21.053	-23.2304	-17.3512	-17.5058	-14.6236	-0.92	14.193	30.1081	112.3249	3.912	2.6912	251.8907	327.91	146.65	-19.0031	3.09	1.26	27.0515	43.26	17.66
23.960417	15.875	-4.077778	NA	-2.448	245.3861	-6.5611	243.7354	808.8824	-20.2218	-21.319	-23.4923	-17.565	-17.5807	-14.506	-0.9099	30.1004	32.7524	112.9631	4.0093	2.6603	257.7990	332.29	148.60	-19.1141	3.20	1.31	30.2626	43.05	17.58
24.085417	16	-3.952778	NA	-1.799	253.8612	-6.9271	244.1067	825.3567	-20.0923	-21.1846	-23.6978	-17.7303	-17.1686	-13.938	-1.0161	18.4739	32.2467	113.395	4.3324	2.8282	262.9197	338.99	151.60	-18.9686	3.42	1.40	28.3767	43.44	17.74
24.210417	16.125	-3.827778	NA	-1.6223	262.0524	-6.902	245.6174	841.831	-20.4033	-20.864	-23.0267	-17.0808	-16.659	-14.204	-1.5399	9.7365	32.2968	111.4757	4.7763	2.9426	268.1953	345.72	154.61	-18.7063	3.27	1.33	26.6147	43.24	17.65
24.335417	16.25	-3.702778	NA	-1.6382	269.8005	-6.723	254.6745	860.742	-20.3798	-21.3964	-23.0133	-17.3011	-17.1281	-14.317	-1.615	9.6852	32.8375	113.193	4.9902	2.5494	275.3712	353.35	158.02	-18.9226	3.23	1.32	26.9400	43.96	17.95
24.460417	16.375	-3.577778	NA	-0.532	276.2943	-6.9641	258.6586	874.7333	-20.0564	-21.2853	-24.2601	-17.2783	-18.0412	-14.5271	-1.6156	9.8772	33.5998	114.8822	4.5257	1.7183	280.4380	358.90	160.50	-19.2414	3.39	1.39	27.1646	44.77	18.28
24.585417	16.5	-3.452778	NA	-0.9051	282.6617	-6.7341	267.9539	949.6386	-20.5164	-21.4381	-24.1527	-16.8693	-17.8378	-14.6416	-1.2317	10.2575	35.7213	125.9881	4.6854	2.0418	298.5230	389.86	174.35	-19.2427	3.44	1.41	29.5771	49.06	20.03
24.710417	16.625	-3.327778	NA	-1.8972	290.436	-7.7365	284.0071	1054.071	-21.5718	-22.4083	-23.5995	-18.2779	-17.7301	-15.3218	-1.7275	9.7238	37.8788	122.1031	4.839	2.1844	323.7761	433.59	193.91	-19.8182	3.19	1.30	29.1669	47.68	19.46
24.835417	16.75	-3.202778	NA	-2.1144	299.094	-7.0648	286.0282	1046.1594	-21.051	-21.7184	-23.4539	-18.116	-17.7752	-15.2092	-1.4417	9.5426	40.8446	125.1232	4.1954	2.6459	324.4205	429.98	192.29	-19.5540	3.04	1.24	30.1517	48.96	19.99
24.960417	16.875	-3.077778	NA	-1.9926	306.557	-7.5505	282.6721	1017.9833	-21.1819	-22.107	-24.0081	-18.776	-17.8245	-15.9787	-1.4004	8.575	42.5806	132.6543	4.2128	2.6761	319.5339	418.25	187.05	-19.9794	2.98	1.22	31.5497	52.04	21.24
25.085417	17	-2.952778	NA	-1.9559	313.4062	-7.7755	290.951	1017.1528	-21.8083	-22.7157	-24.36	-18.441	-18.0677	-15.8477	-0.8286	10.5248	41.5615	135.0602	7.4794	1.9778	322.3557	417.72	186.81	-20.2067	3.25	1.33	32.6292	52.44	21.41
25.210417	17.125	-2.827778	NA	-1.9965	322.2132	-7.2776	307.3787	1023.6508	-22.2582	-23.0447	-24.7448	-18.3676	-18.1382	-14.8813	-1.5096	17.5878	42.838	143.0388	10.6287	2.7142	328.7937	420.03	187.84	-20.2391	3.71	1.52	35.8830	54.78	22.36
25.335417	17.25	-2.702778	NA	-1.5212	332.4687	-7.5927	308.9983	1047.4805	-21.1371	-22.8424	-25.1735	-18.0961	-18.3739	-14.9505	-1.2618	13.4259	43.4801	147.558	5.3286	3.3449	335.9667	429.80	192.21	-20.0956	3.68	1.50	35.3126	57.28	23.38
25.460417	17.375	-2.577778	NA	-2.0064	342.4932	-7.3476	311.4986	1058.9347	-22.0946	-23.3811	-25.271	-18.8096	-19.0506	-16.0397	-1.8566	13.145	43.0616	151.879	5.3136	2.6664	340.7145	434.54	194.33	-20.7744	3.41	1.39	35.7015	59.14	24.14
25.585417	17.5	-2.452778	NA	-1.5491	351.7581	-7.9068	317.4465	1081.8819	-22.1348	-23.3224	-25.5348	-19.1533	-19.809	-16.2827	-1.7857	10.0076	48.0681	157.5944	5.9729	1.9977	348.3261	443.95	198.54	-21.0395	3.30	1.35	36.9758	61.78	25.22
25.710417	17.625	-2.327778	NA	-1.6186	361.7405	-8.0144	332.8707	1077.9645	-22.4071	-23.0318	-26.0038	-19.1779	-19.4935	-16.2621	-0.9757	9.5238	50.4899	160.5601	5.5945	2.495	352.5885	442.19	197.75	-21.0627	3.44	1.40	37.9479	62.96	25.70
25.835417	17.75	-2.202778	NA	-2.1953	371.4297	-7.6379	340.8153	1080.0034	-22.1137	-23.8875	-26.6059	-19.4536	-19.2706	-16.7092	-1.5194	8.8089	47.437	164.4073	5.4691	2.0636	356.4830	443.05	198.14	-21.3401	3.58	1.46	37.7777	64.55	26.35
25.960417	17.875	-2.077778	NA	-1.9629	380.7476	-8.0446	330.8876	1089.7867	-22.8907	-23.7355	-26.1355	-19.2838	-19.4682	-16.6439	-1.3394	9.76	49.6167	162.9893	5.0981	2.1792	358.2829	447.30	200.04	-21.3596	3.49	1.43	38.0506	63.98	26.12
26.085417	18	-1.952778	NA	-0.4818	390.2396	-7.4018	333.0932	1129.4331	-22.9909	-24.1606	-25.9891	-19.5508	-19.7877	-16.6136	-1.8302	10.0566	54.5939	167.6754	5.3861	2.7622	368.9765	463.19	207.15	-21.5155	3.47	1.41	39.7740	65.95	26.92
26.210417	18.125	-1.827778	NA	-1.7214	399.3629	-8.129	335.885	1141.9938	-22.6784	-24.2653	-26.3488	-20.2501	-19.7821	-16.4014	-1.6269	9.1379	62.1535	167.7285	5.1273	3.0096	373.4783	468.80	209.65	-21.6210	3.55	1.45	40.9216	66.44	27.12
26.335417	18.25	-1.702778	NA	-2.4509	408.7097	-7.6195	339.2259	1151.7907	-23.3535	-24.3986	-26.2768	-20.386	-20.0467	-16.4193	-1.8636	8.3929	64.5451	171.8416	5.7116	2.7995	377.9312	472.93	211.50	-21.8135	3.56	1.45	41.9045	68.23	27.85
26.460417	18.375	-1.577778	NA	-2.3987	418.393	-7.3139	341.8915	1169.2269	-23.9778	-24.5476	-26.5352	-20.314	-19.6732	-16.5942	-1.0884	8.5388	65.6815	176.6864	5.5099	2.9732	383.9598	480.10	214.71	-21.9403	3.70	1.51	43.0502	70.04	28.59
26.585417	18.5	-1.452778	NA	-2.3181	427.8719	-9.1555	343.7794	1172.9161	-23.5519	-25.3167	-26.6369	-20.9779	-20.0537	-16.6325	-2.12	9.3449	64.223	181.827	5.5547	2.4826	386.6188	482.11	215.60	-22.1949	3.70	1.51	43.5520	72.02	29.40
26.710417	18.625	-1.327778	NA	-2.3528	437.4188	-7.697	349.8059	1187.7591	-23.5334	-24.9815	-27.1217	-20.5039	-20.6405	-17.064	-2.0492	9.2306	60.2696	189.269	5.4952	3.192	392.9868	487.94	218.21	-22.3075	3.62	1.48	44.2345	74.63	30.47
26.835417	18.75	-1.202778	NA	-3.1964	446.5534	-8.1486	364.8764	1200.1114	-23.4372	-25.1842	-27.1213	-19.7087	-20.5168	-17.2638	-1.5365	9.2447	85.6419	189.6917	5.4611	2.3282	400.0392	493.14	220.54	-22.2053	3.69	1.51	48.4719	76.61	31.27
26.960417	18.875	-1.077778	NA	-3.095	459.4762	-7.8372	372.2052	1289.6137	-23.9385	-25.4708	-27.0119	-20.8893	-20.2221	-17.2723	-1.6876	8.5942	107.5865	188.9424	5.8298	2.2544	422.0726	529.65	236.87	-22.4675	3.64	1.49	51.9200	79.01	32.26
27.085417	19	-0.952778	NA	-2.7473	467.6128	-7.7742	369.1815	1391.2084	-23.7626	-25.4647	-27.2089	-20.8817	-20.3115	-16.8994	-2.1766	8.396	71.9616	202.2806	6.3853	3.036	443.4962	571.63	255.64	-22.4215	3.78	1.54	48.3138	80.27	32.77
27.210417	19.125	-0.827778	NA	-3.2143	470.6393	-8.3677	377.1224	1332.2125	-24.1988	-25.5288	-27.5364	-21.2345	-20.1864	-17.3513	-2.3136	8.5871	76.3557	206.4383	6.4702	3.3283	433.6784	547.31	244.77	-22.6727	3.76	1.54	49.8110	82.09	33.51
27.335417	19.25	-0.702778	NA	-2.774	479.5078	-8.3225	387.3744	1304.3404	-24.6426	-25.5029	-27.7696	-20.9804	-20.5195	-17.5725	-1.5384	8.1536	80.4248	220.0125	6.3297	2.8972	432.0252	535.76	239.60	-22.8313	3.77	1.54	52.7132	87.54	35.74
27.460417	19.375	-0.577778	NA	-2.853	490.61	-7.7436	392.7604	1314.354	-24.3543	-26.1882	-27.4461	-21.7533	-21.1391	-17.6005	-1.5863	8.3184	83.5145	218.3357	7.138	3.4249	437.4256	539.87	241.44	-23.0802	3.63	1.48	53.1909	86.95	35.50
27.585417	19.5	-0.452778	NA	-2.763	500.9855	-8.0239	394.9043	1327.1497	-24.1541	-25.6723	-27.1716	-21.1796	-20.9072	-17.8808	-1.8057	9.0374	86.3384	224.1421	7.0378	3.4731	442.4505	545.33	243.88	-22.8276	3.45	1.41	54.7038	89.31	36.46
27.710417	19.625	-0.327778	NA	-2.8583	505.1214	-7.9679	403.2299	1326.4607	-24.8651	-25.2937	-26.8612	-21.6068	-20.771	-17.6339	-1.9553	11.496	83.0865	235.6397	7.0378	3.7495	444.7972	545.00	243.73	-22.8386	3.44	1.40	56.5090	93.24	38.07
27.835417	19.75	-0.202778	NA	-2.9106	505.1214	-7.9679	410.0574	1323.8084	-24.8772	-25.2432	-26.8612	-21.6068	-20.8752	-17.4353	-1.9759	11.496	83.0865	236.2284	7.0378	3.7495	445.6217	543.82	243.20	-22.8165	3.48	1.42	56.6037	93.47	38.16
27.960417	19.875	-0.077778	NA	-2.9106	505.1214	-7.9679	410.0574	1323.8084	-24.8772	-25.2432	-26.8612	-21.6068	-20.8752	-17.4353	-1.9759	11.496	83.0865	236.2284	7.0378	3.7495	445.6217	543.82	243.20	-22.8165	3.48	1.42	56.6037	93.47	38.16
28.038194	19.952778	0	NA	-2.9106	505.1214	-7.9679	410.0574	1323.8084	-24.8772	-25.2432	-26.8612	-21.6068	-20.8752	-17.4353	-1.9759	11.496	83.0865	236.2284	7.0378	3.7495	445.6217	543.82	243.20	-22.8165	3.48	1.42	56.6037	93.47	38.16
28.163194	20.077778	0.125	NA	26.2131	596.6459	194.2184	415.6849	1043.3557	16.8394	27.7169	4.7854	11.3925	9.9096	58.5442	6.3608	70.2588	168.1807	380.9222	83.7376	93.8775	455.2236	393.59	176.02	21.5313	19.74	8.06	133.8896	131.63	53.74
28.288194	20.202778	0.25	NA	55.3369	687.5459	202.7431	416.3678	805.7395	13.4003	44.3685	36.432	4.633	32.352	102.1348	14.6975	129.0218	253.2753	393.8804	160.4378	184.0057	433.5466	316.09	141.36	38.8868	34.36	14.03	189.2198	127.22	51.94
28.413194	20.327778	0.375	NA	77.4865	666.7968	85.1191	356.5131	741.9155	-13.7677	-5.696	16.7526	-16.2357	-11.3979	4.8655	23.0341	124.1688	232.3289	306.5926	154.1493	184.6954	385.5662	313.09	140.02	-4.2465	12.74	5.20	170.8282	96.65	39.46
28.538194	20.452778	0.5	NA	89.1233	695.8424	20.7578	338.4948	723.3081	-12.321	-14.2127	28.3983	-21.2031	-16.3906	-16.7226	31.3708	132.8554	231.5563	293.4784	161.4195	184.8153	373.5053	328.93	147.10	-8.7419	18.44	7.53	172.5826	89.32	36.46
28.663194	20.577778	0.625	NA	119.3796	741.4288	11.061	365.1735	757.2826	-1.3342	-11.8871	52.7959	-16.2664	-15.5186	-15.4674	39.7075	126.0892	256.6671	307.0806	178.8887	196.3986	398.8651	344.77	154.18	-1.2796	27.08	11.05	184.1386	94.64	38.64
28.788194	20.702778	0.75	NA	135.7084	776.1118	10.9105	392.1829	797.3233	-1.0188	-13.9855	60.8416	-10.4847	-9.3128	-8.4317	48.0442	113.4369	244.3435	320.794	197.3002	171.9341	422.4474	359.90	160.95	2.9347	28.69	11.71	182.6421	96.05	39.21
28.913194	20.827778	0.875	NA	137.1287	810.7949	8.505	423.4403	849.946	-12.1938	-16.0839	36.1377	-7.8398	-10.9057	-8.1183	56.3809	101.222	221.8212	331.4905	176.0875	138.3959	445.9630	381.96	170.82	-3.1673	19.49	7.96	170.8997	97.40	39.76
29.038194	20.952778	1	NA	122.459	840.7448	0.9378	452.2485	883.0999	-17.4208	-18.4716	13.0807	-12.1062	-12.8355	-9.6959	54.4604	89.007	200.1137	323.217	147.9365	104.89	459.8980	402.71	180.10	-9.5749	11.58	4.73	153.2708	97.30	39.72
29.163194	21.077778	1.125	NA	91.1436	852.2712	-3.696	477.7948	912.2621	-19.771	-20.361	3.2739	-16.5982	-15.3077	-14.1871	43.4143	80.4867	189.0699	311.8658	106.5394	77.2086	465.9551	421.20	188.36	-13.8252	8.72	3.56	134.7641	99.71	40.71
29.288194	21.202778	1.25	NA	66.7103	864.0293	-5.9668	511.2297	970.2519	-19.7876	-21.0491	-1.7936	-17.7479	-16.2394	-16.8987	33.1328	75.6583	165.8817	303.6895	82.8691	60.3425	481.2509	446.03	199.47	-15.5861	6.99	2.86	120.2623	100.30	40.95
29.413194	21.327778	1.375	NA	50.9476	878.3839	-6.4446	540.5413	1017.897	-20.3236	-21.8552	-4.6823	-17.4508	-15.9787	-17.7043	25.5474	69.7675	153.672	299.2985	69.9536	50.8536	496.2650	466.66	208.70	-16.3325	6.09	2.49	111.5154	101.57	41.46
29.538194	21.452778	1.5	NA	40.4627	892.4359	-7.0315	565.2457	1061.5148	-21.4131	-22.3691	-6.4799	-17.8026	-17.693	-18.053	20.4062	60.6431	140.949	296.073	59.0958	43.1186	510.5255	485.09	216.94	-17.3018	5.67	2.31	103.3809	102.81	41.97
29.663194	21.577778	1.625	NA	33.3368	908.1752	-7.5847	589.6442	1098.4777	-21.952	-22.7756	-8.0058	-18.5715	-18.0247	-17.1152	17.217	56.8039	131.5772	295.2434	52.6991	37.7727	524.4098	501.31	224.19	-17.7408	5.27	2.15	98.5522	103.86	42.40
29.788194	21.702778	1.75	NA	27.9854	921.6272	-8.4388	608.8109	1137.2042	-22.6434	-23.5994	-8.4204	-19.1963	-18.611	-17.1279	14.7943	53.4045	130.4224	294.5916	46.2338	33.0424	537.4378	517.19	231.29	-18.2664	5.42	2.21	95.4148	105.33	43.00
29.913194	21.827778	1.875	NA	23.6559	936.3283	-8.4013	616.1765	1179.5029	-21.955	-24.1613	-6.9466	-19.7914	-19.262	-17.6917	12.4709	50.3407	128.0117	293.7311	42.2214	30.1679	549.4525	533.56	238.62	-18.3013	6.00	2.45	92.8239	106.16	43.34
30.038194	21.952778	2	NA	20.0953	950.2065	-8.143	623.542	1202.1735	-22.187	-24.0134	-6.8873	-19.706	-19.3874	-17.9196	11.0728	46.7532	125.497	295.9369	38.1185	27.4446	557.5749	543.82	243.20	-18.3501	6.02	2.46	90.8038	108.05	44.11
30.163194	22.077778	2.125	NA	18.0381	966.3136	-8.0752	631.4597	1208.6065	-22.2779	-24.7605	-6.5365	-20.4138	-19.2003	-17.5875	10.1347	43.1285	126.4615	299.1457	35.6718	25.629	563.2685	549.38	245.69	-18.4627	6.35	2.59	90.0285	110.22	45.00
30.288194	22.202778	2.25	NA	15.5083	987.5485	-8.1862	638.298	1207.6772	-23.2187	-24.897	-7.4955	-21.1299	-19.8207	-18.1743	8.9947	40.5734	128.1031	302.678	33.892	24.7073	568.1692	553.94	247.73	-19.1227	6.18	2.52	89.8248	112.34	45.86
30.413194	22.327778	2.375	NA	15.6071	1007.2497	-8.6524	661.5979	1250.2517	-23.349	-26.0439	-10.3026	-21.3057	-20.4653	-19.3674	8.5797	38.3221	129.0731	305.6049	31.3971	23.152	585.2108	570.82	255.28	-20.1390	5.37	2.19	89.3548	114.20	46.62
30.538194	22.452778	2.5	NA	15.1136	1035.3283	-8.9693	677.3565	1293.4068	-23.0049	-24.6033	-11.8985	-21.3043	-20.5647	-19.3588	9.0216	36.688	131.2083	309.7896	29.751	21.4484	602.4472	589.32	263.55	-20.1224	4.43	1.81	89.6512	116.39	47.52
30.663194	22.577778	2.625	NA	14.6977	1056.3388	-8.2035	693.0308	1320.9994	-22.8926	-25.8145	-14.2767	-20.9592	-20.8982	-19.0827	8.8259	35.2393	148.5536	315.8459	28.6345	20.7033	615.3726	601.67	269.08	-20.6540	3.87	1.58	92.9671	120.45	49.17
30.788194	22.702778	2.75	NA	15.5388	1075.5248	-9.0606	707.382	1336.6246	-23.6731	-25.2814	-16.1704	-21.119	-21.0198	-19.209	8.4184	34.2009	159.4765	324.3509	27.723	20.0952	625.2019	610.25	272.91	-21.0788	3.22	1.32	95.7108	124.97	51.02
30.913194	22.827778	2.875	NA	15.8171	1108.9239	-9.5902	718.7375	1366.9943	-24.4555	-26.4498	-17.8826	-21.7964	-21.0611	-19.4273	8.0109	33.7639	153.7674	337.1397	27.0231	19.4115	640.1765	625.74	279.84	-21.8454	3.17	1.29	96.5194	129.40	52.83
31.038194	22.952778	3	NA	16.8452	1125.1431	-8.9024	729.511	1389.0907	-24.9469	-26.1151	-20.1893	-21.2507	-21.4426	-19.646	7.805	33.6266	148.0582	342.1401	26.342	18.6725	650.3375	635.09	284.02	-22.2651	2.64	1.08	96.1074	130.99	53.48
31.163194	23.077778	3.125	NA	16.0337	1135.2405	-8.7683	739.9635	1406.1751	-24.6516	-25.787	-21.7875	-20.5159	-21.5964	-19.635	8.4294	33.668	150.1516	347.0995	25.2656	17.7832	657.7289	642.45	287.31	-22.3289	2.40	0.98	97.0662	133.16	54.36
31.288194	23.202778	3.25	NA	14.5268	1159.4848	-10.0757	747.9513	1422.918	-24.9757	-25.8775	-22.475	-21.0431	-21.7194	-19.4419	7.8718	33.4544	149.9381	351.6147	23.4034	17.1935	666.9610	652.81	291.95	-22.5888	2.43	0.99	97.2460	135.20	55.20
31.413194	23.327778	3.375	NA	13.3076	1186.7288	-8.8678	758.2871	1448.5029	-25.2753	-26.3876	-23.4584	-21.5512	-21.4322	-19.8871	7.2689	33.6861	143.9357	357.5918	21.3623	16.7775	679.5917	665.68	297.70	-22.9986	2.49	1.02	96.7704	137.35	56.07
31.538194	23.452778	3.5	NA	11.9901	1232.3325	-9.623	767.8996	1456.0169	-24.9505	-26.4653	-23.899	-21.6384	-21.3427	-20.292	6.2882	30.8382	150.894	361.9346	19.5717	15.5945	691.7232	677.52	303.00	-23.0980	2.39	0.97	97.5202	140.23	57.25
31.663194	23.577778	3.625	NA	11.246	1254.4214	-9.2023	779.6708	1502.4779	-24.1708	-25.9751	-23.8834	-21.8015	-21.48	-20.1275	6.1549	29.7248	157.1411	362.9552	18.4318	15.3872	707.7228	695.48	311.03	-22.9064	2.14	0.87	98.2992	141.39	57.72
31.788194	23.702778	3.75	NA	10.8848	1265.2463	-9.7437	792.6394	1540.2448	-23.801	-25.9687	-24.3057	-21.6802	-21.5311	-20.0311	6.4169	29.6916	163.622	363.9952	17.8698	15.443	719.8543	709.00	317.08	-22.8863	2.18	0.89	99.5064	142.36	58.12
31.913194	23.827778	3.875	NA	10.5799	1294.5577	-9.6905	804.5848	1569.14	-24.0133	-26.0727	-24.6335	-21.8367	-21.5503	-20.0388	6.148	28.8656	172.1602	368.5124	17.2509	14.9008	733.8344	723.37	323.50	-23.0242	2.25	0.92	101.3063	145.09	59.23
32.038194	23.952778	4	NA	10.2751	1323.8691	-9.6374	816.5301	1598.0352	-24.2256	-26.1767	-24.9613	-21.9932	-21.5695	-20.0465	5.8205	28.0395	180.6984	373.0297	16.632	14.3586	747.8144	737.76	329.93	-23.1621	2.33	0.95	103.0965	147.87	60.37
32.163194	24.077778	4.125	NA	9.9703	1353.1805	-9.5842	828.4754	1626.9304	-24.438	-26.2806	-25.289	-22.1497	-21.5886	-20.0542	5.493	27.2135	189.2366	377.547	16.0131	13.8164	761.7945	752.15	336.37	-23.3000	2.41	0.98	104.8866	150.71	61.53
32.288194	24.202778	4.25	NA	9.6655	1382.4919	-9.531	840.4208	1655.8256	-24.6503	-26.3846	-25.6168	-22.3062	-21.6078	-20.062	5.1655	26.3874	197.7748	382.0642	15.3942	13.2742	775.7746	766.55	342.81	-23.4380	2.49	1.02	106.6767	153.59	62.70
32.413194	24.327778	4.375	NA	9.3607	1411.8032	-9.4779	852.3661	1684.7208	-24.8626	-26.4886	-25.9446	-22.4627	-21.627	-20.0697	4.838	25.5614	206.313	386.5815	14.7753	12.7321	789.7546	780.96	349.26	-23.5759	2.57	1.05	108.4669	156.51	63.89
32.538194	24.452778	4.5	NA	9.0558	1441.1146	-9.4247	864.3114	1713.616	-25.075	-26.5925	-26.2724	-22.649	-21.6461	-20.0774	4.5106	24.7353	214.8512	391.0987	14.1564	12.1899	803.7346	795.39	355.71	-23.7187	2.66	1.09	110.2570	159.47	65.11
32.663194	24.577778	4.625	NA	8.751	1470.426	-9.3715	876.2568	1742.5112	-25.2873	-26.6965	-26.6002	-22.8411	-21.6653	-20.0851	4.1831	23.9093	223.3894	395.616	13.5375	11.6477	817.7147	809.82	362.16	-23.8626	2.75	1.12	112.0472	162.48	66.33
32.788194	24.702778	4.75	NA	8.4462	1499.7374	-9.3183	888.2021	1771.4064	-25.4997	-26.8005	-26.9279	-23.0332	-21.6844	-20.0928	3.8556	23.0833	231.9276	400.1333	12.9186	11.1055	831.6948	824.25	368.62	-24.0064	2.84	1.16	113.8373	165.52	67.57
32.913194	24.827778	4.875	NA	8.1414	1529.0488	-9.2652	900.1474	1800.3017	-25.712	-26.9045	-27.2557	-23.2253	-21.7036	-20.1005	3.5281	22.2572	240.4658	404.6505	12.2996	10.5633	845.6748	838.70	375.08	-24.1503	2.93	1.20	115.6274	168.59	68.83
33.038194	24.952778	5	NA	7.8366	1558.3602	-9.212	912.0928	1829.1969	-25.9243	-27.0084	-27.3792	-23.4174	-21.7228	-20.1082	3.2006	21.3673	247.9004	409.1678	11.7291	9.9929	859.6549	853.15	381.54	-24.2600	2.98	1.22	117.2263	171.54	70.03
33.163194	25.077778	5.125	NA	6.8682	1584.6116	-9.3519	926.7994	1858.0921	-25.9444	-26.5206	-27.1106	-23.0791	-22.0957	-20.5402	2.6311	19.7425	250.03	406.0277	11.4468	9.0074	873.4039	867.24	387.84	-24.2151	2.68	1.10	116.4809	171.22	69.90
33.288194	25.202778	5.25	NA	5.944	1607.8414	-9.2462	942.7877	1870.9187	-25.5423	-26.3575	-27.5411	-23.2875	-22.3988	-20.7539	2.3791	37.5076	253.989	407.1308	11.0135	7.5153	883.6491	876.11	391.81	-24.3135	2.59	1.06	119.9226	170.63	69.66
33.413194	25.327778	5.375	NA	5.2409	1639.7949	-9.3422	985.1146	1874.6277	-25.8078	-26.5185	-27.6627	-23.8222	-21.9122	-20.5827	2.2966	19.8636	264.5097	408.9148	10.1452	7.9172	899.0872	884.86	395.72	-24.3843	2.76	1.13	118.9412	174.85	71.38
33.538194	25.452778	5.5	NA	4.869	1682.1479	-9.8026	1047.2044	1888.2185	-26.6635	-26.5423	-27.9087	-24.104	-22.2887	-21.3937	2.0068	19.9204	261.9855	432.4913	9.6923	6.9684	922.5274	899.51	402.27	-24.8168	2.63	1.07	122.1775	182.57	74.54
33.663194	25.577778	5.625	NA	4.74	1764.9202	-9.5499	1026.7635	1870.0606	-26.8744	-27.0097	-27.8914	-24.3442	-22.7859	-22.3043	1.0885	21.3599	248.326	431.6876	9.9303	7.3461	931.3869	912.28	407.98	-25.2017	2.38	0.97	119.9564	180.16	73.55
33.788194	25.702778	5.75	NA	4.7245	1789.0288	-9.8951	1028.1706	1850.8174	-26.5664	-27.3512	-28.4178	-24.1378	-22.8375	-22.3104	0.8111	23.0991	239.4327	424.698	8.7892	6.5409	932.5692	913.10	408.35	-25.2702	2.53	1.03	117.2285	176.58	72.09
33.913194	25.827778	5.875	NA	4.2024	1822.9692	-10.2896	1032.5295	1870.0209	-26.5537	-27.6654	-28.1259	-23.9949	-22.9499	-21.9406	0.708	26.1874	251.014	424.2384	8.231	7.6176	943.8865	926.26	414.24	-25.2051	2.59	1.06	119.6661	177.70	72.54
34.038194	25.952778	6	NA	3.6218	1857.8871	-10.2623	1035.8889	1913.7806	-26.875	-27.6611	-28.63	-23.8304	-22.8366	-21.9649	0.0046	21.9698	250.3349	425.8576	7.303	5.8828	960.1832	945.74	422.95	-25.2997	2.77	1.13	118.5588	179.03	73.09
34.163194	26.077778	6.125	NA	3.0749	1899.3813	-10.6123	1052.4877	1984.9861	-26.7666	-27.6751	-28.6733	-23.9938	-22.8798	-22.0624	-0.6093	26.2896	250.1798	432.4345	7.5048	6.4229	985.8635	974.17	435.66	-25.3418	2.73	1.11	120.3704	180.80	73.81
34.288194	26.202778	6.25	NA	3.0091	1918.356	-10.3779	1070.3003	1993.7943	-26.6556	-28.1019	-29.1076	-23.6959	-23.0175	-21.8903	-0.6175	22.9797	263.8678	440.7104	7.2271	6.4361	995.0164	981.16	438.79	-25.4115	2.95	1.20	123.4339	186.04	75.95
34.413194	26.327778	6.375	NA	2.8389	1949.9934	-9.9776	1074.8691	2016.6949	-27.0189	-28.2676	-28.7116	-24.0916	-23.5735	-21.7585	-1.4023	22.9951	272.95	442.3361	6.3916	6.6742	1006.8837	994.47	444.74	-25.5703	2.83	1.15	124.9908	188.17	76.82
34.538194	26.452778	6.5	NA	2.7771	1965.7817	-10.0513	1085.2071	2068.3626	-27.2369	-28.1948	-28.6272	-24.5587	-23.5245	-22.1914	-1.0921	23.6857	293.3445	442.9245	6.2313	7.3851	1022.4154	1011.62	452.41	-25.7222	2.66	1.09	128.7465	191.54	78.20
34.663194	26.577778	6.625	NA	2.3097	2005.3487	-10.5971	1105.2885	2047.4624	-26.9851	-28.3002	-28.9168	-24.6444	-23.7044	-22.3906	-0.9052	22.4227	299.4596	444.2507	5.4104	6.1736	1029.9624	1016.27	454.49	-25.8236	2.64	1.08	129.4686	193.41	78.96
34.788194	26.702778	6.75	NA	1.9795	2046.2545	-10.6796	1123.3785	2119.3046	-27.4669	-28.2032	-28.7646	-25.0614	-23.5594	-22.812	-1.1397	33.7526	356.1299	457.2733	5.6966	6.3377	1056.0475	1044.57	467.15	-25.9779	2.52	1.03	143.0084	207.09	84.54
34.913194	26.827778	6.875	NA	2.3127	2120.034	-10.4482	1163.155	2280.8589	-27.7316	-27.9302	-29.0378	-24.8992	-23.2334	-22.6357	-1.2413	26.0231	412.8003	463.9689	5.7857	6.5838	1111.1825	1104.11	493.77	-25.9113	2.69	1.10	152.3201	222.36	90.78
35.038194	26.952778	7	NA	1.2278	2107.7998	-10.0528	1142.5478	2263.2915	-27.558	-27.941	-29.2716	-24.4325	-23.6464	-22.4001	-1.2919	22.4633	412.2729	456.5631	5.1006	5.774	1100.9628	1096.61	490.42	-25.8749	2.75	1.12	150.1470	220.78	90.13
35.163194	27.077778	7.125	NA	2.6466	2181.3099	-9.2814	1158.6438	2245.7242	-27.338	-27.4678	-28.9011	-24.1962	-23.1271	-22.7316	-1.4375	22.5434	365.9275	470.0425	5.4942	6.1167	1115.8086	1108.92	495.92	-25.6270	2.60	1.06	144.7811	214.31	87.49
35.288194	27.202778	7.25	NA	4.4579	2231.1998	-8.2926	1190.9054	2235.0016	-25.5779	-25.8048	-25.8136	-22.6975	-21.0758	-20.116	-1.3346	23.1245	353.1607	502.1325	6.3909	7.2675	1130.6544	1118.03	500.00	-23.5143	2.57	1.05	148.4569	221.47	90.42
35.413194	27.327778	7.375	NA	4.9805	2367.1213	-7.4734	1220.7657	2308.3169	-23.3918	-23.7924	-22.2263	-20.549	-18.1436	-18.1406	-0.8391	25.6175	390.8681	534.0923	7.1937	8.3978	1178.7422	1169.91	523.20	-21.0406	2.51	1.03	160.8884	238.12	97.21
35.538194	27.452778	7.5	NA	4.8935	2414.967	-6.539	1238.763	2331.5778	-22.087	-22.455	-21.6215	-19.1482	-17.0423	-17.2024	-0.2775	31.2721	439.7995	557.8051	6.3751	8.1379	1196.7325	1187.65	531.13	-19.9261	2.46	1.00	173.8520	254.68	103.97
35.663194	27.577778	7.625	NA	5.4048	2447.9433	-5.8035	1264.7705	2354.8387	-21.3002	-21.8631	-21.1168	-18.3829	-16.1176	-17.2869	-0.0609	29.2904	426.2391	575.6663	6.4343	8.2807	1213.4308	1201.60	537.37	-19.3446	2.40	0.98	174.3083	257.58	105.16
35.788194	27.702778	7.75	NA	4.9479	2469.4707	-5.4916	1291.3488	2378.0996	-20.5688	-21.1294	-20.3323	-17.6528	-15.1964	-17.3589	-0.0632	26.8908	427.1591	586.6546	5.6368	8.8972	1227.6751	1212.99	542.46	-18.7064	2.33	0.95	175.8625	261.49	106.75
35.913194	27.827778	7.875	NA	5.0175	2479.443	-5.7108	1293.7698	2399.8645	-20.4265	-20.9944	-20.6304	-17.6613	-15.8366	-17.0798	-0.1916	30.8232	437.7878	595.3775	5.2478	8.4662	1234.4768	1220.78	545.95	-18.7715	2.18	0.89	179.5851	265.96	108.58
36.038194	27.952778	8	NA	3.4404	2483.247	-5.8208	1311.9199	2402.4106	-20.8869	-21.6446	-20.5464	-18.0797	-14.6872	-15.8756	-0.4528	33.4534	503.1379	603.9421	5.7344	8.3888	1239.0394	1223.03	546.95	-18.6201	2.87	1.17	192.3673	281.81	115.05
36.163194	28.077778	8.125	NA	4.8269	2497.1982	-5.5429	1320.099	2404.9567	-20.6509	-21.8438	-20.9208	-17.3153	-15.8316	-16.2425	-0.653	46.0826	525.2925	606.1799	15.2783	7.8788	1244.3076	1226.89	548.68	-18.8008	2.64	1.08	200.0099	284.88	116.30
36.288194	28.202778	8.25	NA	5.6575	2512.7373	-5.6104	1327.5558	2407.5029	-20.7203	-21.1517	-20.3163	-17.1284	-15.2299	-15.6355	-0.1294	38.6401	529.9445	612.405	16.422	8.2681	1249.5686	1231.39	550.69	-18.3637	2.68	1.09	200.9250	288.27	117.68
36.413194	28.327778	8.375	NA	4.5879	2532.5048	-5.8738	1338.9143	2402.9798	-20.9622	-21.3851	-20.4377	-18.0176	-15.4142	-15.7822	-0.2031	30.4372	536.9957	609.4508	13.0361	8.2585	1254.6226	1235.95	552.73	-18.6665	2.65	1.08	199.6625	290.44	118.57
36.538194	28.452778	8.5	NA	3.6086	2552.8919	-6.3299	1373.6211	2307.6398	-21.31	-21.392	-20.1087	-18.0839	-15.9727	-16.1746	-0.4534	31.7445	535.1398	605.0299	9.5889	7.4898	1246.2863	1220.98	546.04	-18.8403	2.45	1.00	198.0899	289.19	118.06
36.663194	28.577778	8.625	NA	3.7723	2573.2789	-6.8374	1409.8312	2220.8437	-21.6557	-21.6617	-20.502	-17.9657	-16.1373	-16.4482	-1.0767	31.2589	530.4479	604.8254	6.8231	7.0909	1240.1777	1209.48	540.90	-19.0618	2.54	1.04	196.5616	288.60	117.82
36.788194	28.702778	8.75	NA	3.9997	2593.6659	-6.7775	1446.0413	2243.8105	-21.6887	-21.9675	-21.7062	-18.0825	-15.9732	-16.6529	-0.5539	30.5505	568.5999	614.3201	5.4647	7.5947	1256.1480	1221.00	546.05	-19.3452	2.76	1.13	204.3293	300.40	122.64
36.913194	28.827778	8.875	NA	2.6702	2637.5077	-6.7478	1482.2514	2266.7773	-21.2708	-22.1155	-21.5639	-18.2137	-16.2702	-16.6953	-0.5427	30.3591	576.2982	627.2211	4.4507	8.4098	1276.4918	1239.42	554.29	-19.3549	2.61	1.07	207.6994	305.84	124.86
37.038194	28.952778	9	NA	2.5066	2684.7856	-6.4826	1518.4615	2284.2546	-21.3613	-21.6842	-21.1391	-18.2555	-16.2657	-16.5314	-0.3761	30.0672	571.286	648.225	3.4112	9.2191	1296.7051	1257.42	562.34	-19.2062	2.50	1.02	210.3054	310.55	126.78
37.163194	29.077778	9.125	NA	1.9642	2660.7373	-6.562	1376.5557	2231.2092	-21.6799	-21.9763	-20.8985	-18.2035	-15.9835	-16.6783	-0.1036	29.9153	590.061	653.2319	3.2692	9.6498	1252.7809	1235.46	552.52	-19.2367	2.62	1.07	214.3373	316.30	129.13
37.288194	29.202778	9.25	NA	2.6718	2731.4821	-6.902	1336.6666	2177.5687	-21.1561	-22.299	-21.3511	-18.3984	-16.4556	-17.78	-0.7347	31.651	615.8525	672.6947	2.8568	8.7111	1248.2974	1244.82	556.70	-19.5734	2.34	0.96	221.8386	327.90	133.87
37.413194	29.327778	9.375	NA	1.8895	2904.3493	-6.2537	1324.6997	2116.2841	-21.1257	-21.8949	-21.3121	-18.3834	-16.4261	-16.7871	-0.4796	33.1879	583.6314	683.2766	2.6228	8.6943	1268.1938	1287.17	575.64	-19.3216	2.43	0.99	218.4889	323.19	131.94
37.538194	29.452778	9.5	NA	1.5388	3089.9189	-5.817	1332.7898	2054.9996	-21.467	-21.9647	-21.6964	-18.0418	-16.4345	-16.9396	0.0994	30.9112	629.228	693.6412	1.7744	8.2937	1294.6860	1338.46	598.58	-19.4240	2.56	1.05	227.3246	337.06	137.60
37.663194	29.577778	9.625	NA	2.7209	3110.916	-6.4024	1312.1381	1993.3983	-22.0483	-21.9329	-21.3455	-18.161	-16.4142	-16.3404	-0.3755	28.1436	650.8123	732.5432	1.2765	9.5084	1282.5542	1336.83	597.85	-19.3737	2.72	1.11	236.9847	353.30	144.23
37.788194	29.702778	9.75	NA	0.856	3107.8031	-6.4928	1358.2661	1927.7287	-22.2248	-23.4007	-21.4277	-18.9719	-16.4477	-17.4155	0.1471	27.4713	629.278	736.3554	1.4434	9.8592	1277.6322	1328.32	594.04	-19.9814	2.79	1.14	234.0924	349.36	142.63
37.913194	29.827778	9.875	NA	1.3396	3104.6902	-6.2619	1408.868	1875.9578	-22.0667	-22.704	-21.2107	-19.5928	-17.3426	-17.5495	0.4642	28.054	599.5506	731.0524	1.1271	9.4006	1276.9187	1321.99	591.21	-20.0777	2.29	0.94	228.2748	341.21	139.30
38.038194	29.952778	10	NA	0.9901	3101.5772	-6.6125	1334.7478	2002.742	-22.529	-23.2342	-22.5877	-19.2329	-17.7297	-18.2889	-0.0484	26.9209	589.7064	725.7158	1.5779	8.6258	1286.6889	1335.53	597.27	-20.6004	2.45	1.00	225.4164	337.74	137.88
38.163194	30.077778	10.125	NA	0.4126	3098.4643	-7.0313	1252.5091	2118.9884	-22.8779	-23.4014	-21.9661	-19.022	-16.487	-18.5295	-1.0682	26.4855	585.727	722.7882	1.5885	8.893	1292.6686	1351.34	604.34	-20.3806	2.77	1.13	224.0690	336.17	137.24
38.288194	30.202778	10.25	NA	0.5283	3111.0616	-7.3124	1302.3292	2099.8579	-22.9891	-23.2837	-22.3772	-19.4587	-17.4167	-17.6854	-1.3413	25.3065	588.727	796.9312	0.6177	10.4155	1301.2929	1352.54	604.87	-20.5351	2.68	1.10	236.7761	359.46	146.75
38.413194	30.327778	10.375	NA	0.0547	3247.5911	-6.5512	1346.746	2069.8677	-23.0356	-23.1022	-21.7239	-19.393	-17.5516	-17.8454	-0.5863	26.5949	589.7211	930.0594	0.2716	9.8294	1331.5417	1394.63	623.70	-20.4419	2.52	1.03	259.3150	402.52	164.33
38.538194	30.452778	10.5	NA	-0.0443	3401.9397	-5.8338	1307.1358	1907.6701	-22.4071	-23.3203	-22.4514	-19.3774	-17.572	-18.6558	-0.2994	25.5791	611.5577	1590.8218	0.5023	8.9286	1322.1735	1430.06	639.54	-20.6307	2.39	0.98	372.8483	643.64	262.76
38.663194	30.577778	10.625	NA	-0.3423	3556.2882	-6.6748	1357.3528	1839.3048	-22.8105	-24.146	-22.8386	-19.928	-17.8266	-17.1158	-1.1223	23.8068	614.2491	2750.2724	0.8278	9.7431	1349.1857	1480.81	662.24	-20.7776	2.92	1.19	566.2962	1097.07	447.88
38.788194	30.702778	10.75	NA	0.0065	3491.4687	-6.9631	1413.7691	1770.9394	-22.764	-23.8711	-23.0219	-20.0249	-17.5288	-18.323	-0.729	24.2471	663.3537	2198.995	0.7008	10.2428	1333.8441	1451.69	649.22	-20.9223	2.67	1.09	482.8017	880.65	359.52
38.913194	30.827778	10.875	NA	-0.1612	3394.5406	-6.9607	1397.4839	1702.574	-22.6509	-23.673	-23.056	-20.1878	-17.4977	-18.7673	-0.7496	25.4326	712.6077	1496.5822	0.4201	10.2911	1297.4953	1410.43	630.76	-20.9721	2.53	1.03	374.0974	617.84	252.23
39.038194	30.952778	11	NA	-0.7272	3297.6126	-6.6042	1215.9654	1634.2086	-22.5508	-23.5914	-22.5717	-20.044	-18.0179	-18.0935	-1.0888	30.7546	664.0685	1167.0654	0.1917	10.5622	1228.0910	1367.70	611.66	-20.8116	2.43	0.99	311.9256	494.02	201.68
39.163194	31.077778	11.125	NA	1.2247	3329.407	-6.8031	1133.5513	1565.8432	-22.3905	-24.0864	-22.8885	-19.9732	-17.8251	-18.6666	-0.5887	73.0979	709.1824	1163.7491	0.0013	11.2771	1204.6446	1375.31	615.06	-20.9717	2.51	1.03	326.1198	494.89	202.04
39.288194	31.202778	11.25	NA	0.3443	3414.0884	-6.9618	1080.9459	1725.6125	-22.9711	-23.6998	-23.4163	-20.3708	-17.88	-19.031	-0.6747	67.9354	1701.8845	1188.4401	0.288	11.0888	1242.8059	1421.21	635.59	-21.2282	2.48	1.01	494.8270	754.24	307.92
39.413194	31.327778	11.375	NA	1.3515	3494.7921	-7.2219	1126.7938	1891.9008	-22.7045	-24.3956	-23.8752	-20.5848	-18.1064	-19.5019	-1.0982	32.2833	1933.2211	1196.0592	0.0327	10.5049	1301.5233	1465.67	655.47	-21.5281	2.52	1.03	528.5005	835.84	341.23
39.538194	31.452778	11.5	NA	-0.0057	3543.6216	-7.5061	1191.153	1510.7909	-23.1556	-24.74	-23.6488	-20.3898	-18.2622	-19.7094	-0.7641	32.0725	1578.8621	1360.3612	0.1414	10.3076	1247.6107	1455.68	651.00	-21.6510	2.56	1.04	496.8301	756.77	308.95
39.663194	31.577778	11.625	NA	0.2277	3683.0814	-7.4378	1211.0935	1470.1495	-23.3741	-25.2092	-23.8015	-20.779	-18.3545	-19.5817	-1.9518	31.8122	1224.5031	1814.5027	0.8125	10.4092	1271.4229	1509.19	674.93	-21.8500	2.68	1.09	513.3480	801.47	327.20
39.788194	31.702778	11.75	NA	0.8718	3851.8327	-7.2669	1129.1101	1439.684	-23.2547	-24.6721	-23.7007	-20.9159	-18.1083	-18.9627	-0.4908	29.9733	870.1442	2111.1454	0.3927	10.476	1282.8463	1577.64	705.54	-21.6024	2.69	1.10	503.6068	859.46	350.87
39.913194	31.827778	11.875	NA	0.9436	3622.6146	-7.6019	1029.1898	1712.6301	-23.815	-24.1955	-24.0672	-20.7641	-18.5202	-18.8777	-1.3618	30.6093	734.9998	2072.0825	-0.4643	10.9824	1271.5552	1502.62	671.99	-21.7066	2.66	1.08	474.4746	834.75	340.79
40.038194	31.952778	12	NA	0.6255	3591.3369	-7.3527	1078.4464	1994.2463	-23.753	-25.7154	-23.7826	-20.8953	-19.459	-17.8691	-1.6772	29.6094	728.6812	2071.6434	-0.3101	10.8547	1331.4605	1514.42	677.27	-21.9124	2.99	1.22	473.1336	834.33	340.61
40.163194	32.077778	12.125	NA	0.8063	3653.0721	-7.4203	1010.1492	2275.8624	-23.8662	-25.5958	-23.8784	-21.2709	-19.3558	-19.1277	-1.3784	32.1239	733.0579	2047.1827	0.1663	11.0873	1386.4939	1575.84	704.74	-22.1825	2.67	1.09	470.3733	824.86	336.75
40.288194	32.202778	12.25	NA	4.0845	3714.8072	-8.028	1037.3334	2389.0063	-23.5492	-25.8636	-24.1599	-21.302	-20.0148	-19.4656	-0.6557	32.6639	747.5943	1991.8568	-0.4	11.6556	1427.4407	1612.09	720.95	-22.3925	2.53	1.03	463.7858	804.61	328.48
40.413194	32.327778	12.375	NA	0.9102	3776.5424	-8.1899	1238.3054	2497.3361	-23.9826	-26.1966	-24.529	-21.7112	-19.4538	-20.1204	-1.2784	28.1911	767.0846	2055.6828	-0.0467	11.8098	1500.9808	1640.71	733.75	-22.6656	2.66	1.09	476.9072	830.73	339.14
40.538194	32.452778	12.5	NA	0.5567	3828.268	-8.3597	891.4122	2605.6659	-24.0886	-25.9354	-25.2801	-21.8476	-19.2457	-20.0262	-1.602	28.078	769.646	2156.884	0.597	11.9641	1463.5086	1697.83	759.29	-22.7373	2.79	1.14	494.2612	869.45	354.95
40.663194	32.577778	12.625	NA	0.3564	4174.399	-8.7324	1127.2499	2713.9957	-24.7693	-27.0946	-24.5687	-21.8977	-20.1653	-20.9265	-1.2603	41.5863	763.9527	2202.5071	0.522	12.1836	1601.4537	1819.26	813.60	-23.2370	2.67	1.09	503.2486	885.10	361.34
40.788194	32.702778	12.75	NA	-0.0981	4225.1852	-8.4828	1002.6477	2550.8002	-25.1112	-27.0565	-24.6833	-22.0494	-20.1907	-20.9263	-1.7945	39.8522	751.9476	2144.62	0.1195	12.7052	1554.0104	1822.73	815.15	-23.3362	2.69	1.10	491.2417	862.40	352.07
40.913194	32.827778	12.875	NA	-0.6382	4162.9813	-8.5337	783.2401	2592.4718	-24.6668	-26.5178	-24.2562	-22.2702	-19.3809	-20.3504	-1.9928	29.16	763.8778	2243.9623	0.1186	17.5021	1505.9043	1825.25	816.28	-22.9070	2.73	1.12	508.7713	901.88	368.19
41.038194	32.952778	13	NA	-1.2434	4100.7775	-8.7927	684.6589	2640.2192	-24.3628	-25.8584	-25.1777	-22.1444	-20.3589	-17.6911	-0.9144	30.9309	812.3387	2525.4499	0.2107	16.8145	1483.1239	1820.56	814.18	-22.5989	3.15	1.29	564.1384	1012.87	413.50
41.163194	33.077778	13.125	NA	-0.32	4038.5736	-8.3167	1002.8868	2687.9665	-24.5661	-26.6626	-25.4747	-22.7175	-20.0433	-20.2215	-1.0495	32.0439	807.0592	2794.0502	-0.0101	14.791	1544.1580	1776.16	794.32	-23.2810	2.76	1.13	607.8141	1117.38	456.17
41.288194	33.202778	13.25	NA	-0.4925	4151.4791	-8.6193	1091.0084	2735.7139	-24.8214	-26.3231	-25.835	-22.6478	-20.0574	-21.0169	-1.6062	32.0749	770.0214	3421.8136	-0.4011	14.8742	1593.8179	1817.14	812.65	-23.4503	2.60	1.06	706.1295	1364.65	557.11
41.413194	33.327778	13.375	NA	3.4603	4316.0366	-8.7941	1120.4176	2783.4613	-25.1826	-26.255	-26.0172	-22.4369	-20.2024	-19.9686	-1.3348	31.1999	764.1121	3846.2098	-0.8325	14.4513	1642.9163	1879.85	840.70	-23.3438	2.87	1.17	775.6343	1534.19	626.33
41.538194	33.452778	13.5	NA	1.6538	4299.315	-8.3816	1178.8725	2831.2087	-24.6699	-26.5574	-25.5629	-22.5793	-20.0105	-20.5141	-1.4072	35.4696	733.5413	3721.4974	-0.5811	16.6214	1660.5337	1877.69	839.73	-23.3157	2.71	1.11	750.8569	1483.67	605.71
41.663194	33.577778	13.625	NA	0.4836	4244.1029	-8.6133	1242.9059	2878.956	-25.5335	-27.1855	-20.0684	-23.6299	-20.3931	-21.475	-1.3282	35.1529	716.6965	3895.919	-0.8741	19.1992	1671.5670	1862.46	832.92	-23.0476	2.90	1.18	777.4609	1553.50	634.21
41.788194	33.702778	13.75	NA	0.5717	4193.3099	-8.8619	1100.466	2926.7034	-26.1178	-27.4072	-24.1033	-23.5516	-20.4073	-2.2978	-2.0361	30.8261	716.0171	3841.648	-1.4364	19.9454	1642.4378	1862.29	832.84	-20.6475	9.30	3.80	767.4940	1532.19	625.51
41.913194	33.827778	13.875	NA	4.2881	4195.3554	-8.95	886.6416	2974.4508	-25.6872	-27.8537	-26.1802	-24.0941	-20.9964	-16.2428	-2.2578	30.6563	711.8122	3218.9838	-0.5374	19.9466	1610.3572	1888.67	844.64	-23.5091	4.25	1.73	663.1006	1283.09	523.82
42.038194	33.952778	14	NA	2.9523	4213.8037	-9.1409	666.7232	3022.1982	-25.598	-27.139	-26.2127	-23.4404	-21.0404	-21.2018	-1.3436	30.4052	710.3216	2614.6303	0.3738	19.6858	1579.3073	1927.65	862.07	-24.1054	2.61	1.07	562.3455	1043.53	426.02
42.163194	34.077778	14.125	NA	1.5589	4232.8629	-9.175	508.5129	3069.9455	-25.41	-27.1843	-26.1301	-23.258	-20.928	-21.1201	-1.4577	30.3494	713.786	2497.8502	0.1814	27.5893	1560.7410	1963.47	878.09	-24.0051	2.64	1.08	544.7164	997.01	407.03
42.288194	34.202778	14.25	NA	2.339	4188.177	-9.4458	533.3432	3167.8646	-25.4734	-27.4511	-25.8393	-22.7891	-21.1895	-21.2847	-1.0043	30.5506	714.6224	3246.0953	0.172	32.8872	1576.4556	1964.35	878.48	-24.0045	2.62	1.07	670.5539	1292.44	527.64
42.413194	34.327778	14.375	NA	2.3253	4131.2958	-8.7631	597.9609	3280.5828	-25.3024	-27.5912	-26.3856	-23.7989	-21.4356	-21.1738	-2.0021	46.303	707.2567	3994.3404	0.1338	18.2001	1600.6803	1960.65	876.83	-24.2812	2.62	1.07	794.0386	1592.13	649.99
42.538194	34.452778	14.5	NA	9.2757	4330.9657	-8.5106	518.9611	3393.3009	-25.275	-27.0731	-26.9282	-24.3722	-21.4088	-21.8309	-1.2725	71.1689	694.0066	4742.5856	-0.2843	19.1648	1648.7986	2058.43	920.56	-24.4814	2.44	1.00	920.8949	1891.61	772.25
42.663194	34.577778	14.625	NA	11.0098	4502.7517	-9.3741	467.6092	3506.0191	-26.2076	-27.6163	-26.1968	-24.1585	-21.8619	-22.2717	-2.0265	53.8967	669.0009	5490.8307	-0.1729	20.4016	1695.6031	2145.37	959.44	-24.7188	2.33	0.95	1038.6551	2196.69	896.80
42.788194	34.702778	14.75	NA	4.1993	4525.1257	-9.2138	469.8299	3444.8297	-26.132	-27.5576	-25.9198	-24.0678	-21.5215	-21.9043	-0.7353	44.1492	675.7003	6239.0758	-0.0445	19.5778	1686.9542	2140.99	957.48	-24.5172	2.44	1.00	1162.9539	2500.81	1020.95
42.913194	34.827778	14.875	NA	2.7253	4547.4998	-9.2926	472.0507	3332.3428	-25.327	-27.9174	-26.189	-23.5719	-21.353	-18.7732	-1.1165	43.0632	675.7037	6925.4801	-0.0939	18.0088	1669.0652	2125.93	950.74	-23.8553	3.36	1.37	1276.8409	2779.90	1134.89
43.038194	34.952778	15	NA	2.5177	4569.8739	-9.8584	540.5412	3219.8558	-26.0397	-27.4549	-26.6193	-24.1317	-21.6129	-20.7471	-1.8548	44.3271	639.8827	6108.8952	-0.1502	17.9385	1664.5860	2102.93	940.46	-24.4343	2.76	1.13	1134.8398	2449.62	1000.05
43.163194	35.077778	15.125	NA	2.2612	4592.248	-10.0725	646.4892	3107.3689	-26.1504	-28.5177	-26.8171	-24.4186	-21.5465	-21.8129	-1.198	39.3967	628.623	5922.8177	0.0739	18.7243	1667.6590	2077.08	928.90	-24.8772	2.80	1.15	1101.4063	2374.80	969.51
43.288194	35.202778	15.25	NA	2.6165	4432.1843	-8.9877	752.4371	3118.8232	-26.0653	-28.2746	-27.1103	-24.8087	-22.1807	-22.457	-1.7639	42.6441	615.1061	5736.7402	-0.0988	18.2188	1659.4147	2010.55	899.15	-25.1494	2.48	1.01	1068.4744	2299.60	938.81
43.413194	35.327778	15.375	NA	1.1145	4409.9908	-9.7369	806.3953	3396.0397	-26.4917	-28.2051	-24.9799	-24.36	-22.6207	-22.841	-1.6923	50.8148	619.7359	5550.6627	-0.5178	18.4965	1720.7607	2051.00	917.23	-24.9164	2.15	0.88	1039.5833	2223.17	907.61
43.538194	35.452778	15.5	NA	4.4383	4592.828	-10.7037	586.7708	3740.8644	-26.9898	-28.8593	-25.295	-25.3205	-22.771	-23.4063	-1.947	53.1392	610.0179	5364.5852	-0.1235	19.3289	1782.8396	2210.20	988.43	-25.4403	2.25	0.92	1007.5001	2147.73	876.81
43.663194	35.577778	15.625	NA	4.4957	4775.6651	-9.6034	692.0827	4085.689	-27.0129	-28.2964	-27.2238	-24.9583	-22.8881	-23.0883	-1.8984	48.4349	568.3881	5178.5076	-0.2123	19.0249	1909.6658	2331.57	1042.71	-25.5780	2.28	0.93	968.7075	2074.24	846.80
43.788194	35.702778	15.75	NA	6.3395	4791.7305	-10.4544	808.5941	4430.5137	-27.2987	-28.8685	-27.8931	-25.5916	-23.2526	-22.768	-1.8426	42.0811	568.0867	4992.4301	-0.5997	21.2186	2005.3447	2405.05	1075.57	-25.9454	2.52	1.03	936.8957	1999.13	816.14
43.913194	35.827778	15.875	NA	6.7364	4683.1201	-10.6736	603.0903	4124.8861	-27.2651	-29.3882	-27.8661	-25.4946	-23.0148	-23.3306	-1.1878	42.3875	624.8416	4783.6884	-0.9831	21.9472	1881.4319	2324.39	1039.50	-26.0599	2.56	1.05	911.7823	1912.50	780.78
44.038194	35.952778	16	NA	15.9756	4574.5096	-9.9607	550.9955	4001.534	-26.8365	-27.7876	-27.679	-24.4332	-23.0316	-23.487	-2.6154	52.2826	649.8888	4039.4577	-1.0747	19.136	1826.6108	2267.15	1013.90	-25.5425	2.15	0.88	792.8458	1610.66	657.55
44.163194	36.077778	16.125	NA	25.627	4465.8992	-10.5669	593.1217	3988.5419	-26.1874	-29.26	-27.6597	-24.4993	-22.5097	-22.9194	-2.0335	69.3871	610.7613	3905.55	-0.3952	20.0408	1812.5246	2223.68	994.46	-25.5059	2.68	1.09	767.2184	1555.62	635.08
44.288194	36.202778	16.25	NA	14.8038	4451.5037	-10.3997	764.47	3975.5497	-26.528	-28.4654	-27.1727	-24.639	-22.2255	-23.2297	-1.868	56.237	589.6688	3775.3266	0.5029	20.6236	1839.1855	2196.17	982.16	-25.3767	2.42	0.99	740.0818	1504.53	614.22
44.413194	36.327778	16.375	NA	12.4372	4537.8073	-10.9603	765.4377	3962.5576	-27.6414	-29.4442	-27.6964	-26.1436	-22.4675	-22.9484	-2.5006	58.2643	601.3027	3736.1666	0.8825	21.9216	1853.4559	2219.42	992.55	-26.0569	2.80	1.14	736.0062	1488.23	607.57
44.538194	36.452778	16.5	NA	14.4593	4646.7369	-10.194	799.4684	3949.5655	-27.2602	-29.3526	-28.0647	-26.0936	-22.4937	-22.978	-2.457	66.6363	720.4377	3697.0066	0.7882	23.8568	1880.0072	2244.91	1003.96	-26.0405	2.78	1.13	751.0448	1470.20	600.21
44.663194	36.577778	16.625	NA	13.3852	4770.4378	-10.7022	1004.7262	4428.8667	-27.8114	-29.8204	-28.2731	-26.0034	-23.0977	-23.6573	-2.2026	61.4115	768.0614	3657.8465	0.2169	23.8567	2041.3427	2374.15	1061.75	-26.4439	2.67	1.09	751.5317	1455.01	594.01
44.788194	36.702778	16.75	NA	12.2045	4905.1815	-10.52	936.4195	5053.3797	-27.7866	-29.8259	-28.4865	-26.0871	-22.8103	-23.2338	-1.9379	61.7089	696.4184	3618.6865	-0.3039	23.6301	2179.3330	2584.91	1156.01	-26.3717	2.86	1.17	733.0337	1439.46	587.66
44.913194	36.827778	16.875	NA	10.3024	4840.5535	-11.2311	863.7523	4871.2858	-28.8196	-29.8319	-28.673	-26.1841	-23.5241	-23.9182	-2.3799	53.7588	693.726	3579.5264	-0.5215	22.1369	2114.9326	2526.95	1130.09	-26.8252	2.69	1.10	724.3745	1424.73	581.65
45.038194	36.952778	17	NA	8.241	4751.7977	-10.8144	888.597	4451.2671	-28.0819	-29.2813	-28.6644	-25.917	-23.4966	-24.1049	-1.9511	71.6567	631.3134	3540.3664	-0.4559	22.7726	2017.8177	2388.79	1068.30	-26.5910	2.45	1.00	710.6170	1407.73	574.70
45.163194	37.077778	17.125	NA	7.628	4756.4294	-11.4616	747.901	4289.4791	-29.0271	-30.6093	-28.7929	-26.9362	-23.4476	-23.5779	-2.3243	84.1845	596.4656	3501.2063	-0.9442	21.8972	1957.9952	2367.18	1058.63	-27.0652	2.99	1.22	700.0808	1391.48	568.07
45.288194	37.202778	17.25	NA	20.1023	4761.061	-10.3755	923.981	4203.8614	-28.3413	-30.3582	-29.2634	-26.7671	-24.0186	-24.5265	-2.6566	72.1226	581.5476	3462.0463	-1.7322	20.9607	1979.7260	2323.67	1039.18	-27.2125	2.57	1.05	688.7147	1377.22	562.25
45.413194	37.327778	17.375	NA	24.8008	4765.6927	-11.5175	1331.9983	4118.2438	-28.5866	-30.5039	-29.5366	-26.978	-24.0758	-23.842	-2.1541	67.423	539.8178	3413.8615	-1.3974	20.5373	2045.8436	2264.91	1012.90	-27.2538	2.81	1.15	673.0147	1358.91	554.77
45.538194	37.452778	17.5	NA	21.8596	4770.3244	-11.0478	1658.0512	4032.6261	-28.6157	-30.7265	-30.0961	-27.0663	-23.734	-24.2142	-1.8536	64.007	539.0515	3142.614	-0.8372	21.2224	2094.3627	2226.88	995.89	-27.4088	2.95	1.20	627.3673	1249.77	510.22
45.663194	37.577778	17.625	NA	21.0356	4789.7629	-11.5886	1522.352	3947.0084	-29.5269	-31.0139	-29.9213	-27.5046	-23.9517	-24.9718	-2.1416	60.1145	571.2394	2877.9093	-0.9519	21.6752	2053.7141	2222.06	993.73	-27.8150	2.85	1.16	587.9742	1143.55	466.85
45.788194	37.702778	17.75	NA	41.4948	4820.2709	-11.6743	1151.8443	3861.3907	-29.44	-30.7301	-29.8543	-27.3991	-24.1291	-25.2384	-2.8367	54.8767	582.4011	2774.9206	-1.2538	20.8351	1972.6653	2237.01	1000.42	-27.7985	2.67	1.09	571.4905	1103.02	450.30
45.913194	37.827778	17.875	NA	33.8045	4850.7789	-11.305	1058.0231	3775.773	-29.1637	-31.287	-30.4634	-27.6756	-24.4238	-25.1548	-2.9079	61.2382	581.0564	2671.9319	-1.0129	20.467	1941.4149	2239.52	1001.54	-28.0281	2.80	1.14	555.1288	1061.32	433.28
46.038194	37.952778	18	NA	31.0153	4881.2868	-11.6401	1120.5924	3690.1553	-29.3846	-31.5332	-30.93	-26.8011	-24.9266	-24.9851	-1.883	53.5815	565.3521	2569.1094	-0.5237	22.7806	1942.2819	2227.03	995.96	-28.0934	2.93	1.20	534.7361	1020.56	416.64
46.163194	38.077778	18.125	NA	160.8168	4911.7948	-11.4332	793.2323	3604.5376	-29.3791	-31.1801	-30.9251	-27.1533	-25.0886	-24.8315	-2.5968	45.9362	559.5802	2466.351	-0.1495	24.4089	1891.7897	2229.31	996.98	-28.0930	2.82	1.15	515.5883	980.18	400.16
46.288194	38.202778	18.25	NA	66.6138	4942.3028	-11.5348	630.6618	3518.92	-29.5004	-31.7492	-30.8894	-27.3814	-25.3802	-24.6574	-2.9185	48.5529	565.3865	2263.6622	-0.37	22.4773	1829.3927	2262.64	1011.88	-28.2597	2.92	1.19	482.7984	899.79	367.34
46.413194	38.327778	18.375	NA	36.0414	4954.2678	-11.2784	662.9251	3433.3023	-29.6041	-31.4008	-31.0705	-27.972	-25.1942	-25.0169	-2.6663	59.5912	579.9154	2063.9175	-0.9113	23.241	1815.0516	2252.84	1007.50	-28.3764	2.81	1.15	453.8479	820.28	334.88
46.538194	38.452778	18.5	NA	30.899	4952.3705	-12.5895	869.6388	3347.6846	-30.6014	-31.6888	-30.9088	-28.6756	-22.6088	-10.1368	-0.0691	67.4164	604.1932	1934.6823	-0.881	22.8714	1837.6007	2213.96	990.11	-25.7700	8.34	3.40	438.0355	769.66	314.21
46.663194	38.577778	18.625	NA	25.547	4936.7888	-12.0218	902.6477	3262.0669	-30.577	-31.411	-31.1983	-28.6216	-24.3405	-20.8199	-2.0909	45.9605	570.6057	1747.9432	-1.2806	26.1323	1823.0057	2191.56	980.10	-27.8281	4.33	1.77	397.8784	697.69	284.83
46.788194	38.702778	18.75	NA	25.571	4796.7075	-11.6216	777.6083	3176.4492	-30.8822	-32.5133	-31.7086	-28.5363	-25.1167	-26.457	-2.5322	45.8752	526.3305	1526.2963	-1.8229	28.1406	1752.9429	2141.24	957.59	-29.2024	2.99	1.22	353.7146	609.73	248.92
46.913194	38.827778	18.875	NA	31.6548	4571.2004	-11.4813	652.5689	3184.5023	-30.2851	-31.9815	-31.6315	-28.185	-24.8558	-26.8089	-2.0667	57.6415	547.6337	1451.7101	-1.2989	25.088	1685.6890	2077.03	928.87	-28.9580	2.83	1.16	346.4513	581.58	237.43
47.038194	38.952778	19	NA	25.2829	4345.6932	-12.0468	648.6237	3220.1854	-30.6211	-32.2802	-31.2695	-28.0948	-25.2733	-26.1588	-2.6153	74.0567	627.8369	1377.5882	-1.6033	25.0701	1645.5477	2008.54	898.25	-28.9496	2.87	1.17	350.0555	559.07	228.24
47.163194	39.077778	19.125	NA	35.1406	4290.0197	-12.2904	713.1241	3255.8685	-29.9123	-31.9331	-31.116	-28.1515	-25.7313	-25.867	-2.0558	80.8821	619.6352	1316.2194	-1.5668	27.7218	1656.3725	1987.27	888.74	-28.7852	2.64	1.08	340.1393	534.70	218.29
47.288194	39.202778	19.25	NA	24.2588	4350.3786	-13.1764	707.1801	3291.5516	-30.0036	-32.19	-31.2922	-28.9193	-25.6241	-25.955	-2.6266	75.9764	529.7842	1283.7178	-1.496	29.3097	1672.0385	2017.57	902.29	-28.9974	2.72	1.11	319.1109	514.64	210.10
47.413194	39.327778	19.375	NA	20.5188	4402.5649	-13.2986	661.419	3327.2347	-30.6403	-32.4923	-31.4854	-29.0784	-24.8613	-18.1123	-3.265	68.6589	497.951	1184.369	-2.085	38.0196	1679.6878	2048.44	916.09	-27.7783	5.44	2.22	297.2747	474.68	193.79
47.538194	39.452778	19.5	NA	18.816	4361.1706	-12.214	761.9183	3362.9178	-29.9341	-32.4695	-31.8695	-28.5771	-25.3841	-23.4412	-2.3931	59.5686	442.704	1088.99	-2.6569	47.5396	1698.5217	2030.10	907.89	-28.6126	3.59	1.47	272.2920	434.25	177.28
47.663194	39.577778	19.625	NA	16.8827	4249.8169	-12.194	945.0877	3398.6009	-30.165	-32.4719	-32.2684	-28.221	-25.8162	-26.3557	-2.8471	57.8921	462.7031	1090.0756	-2.0721	32.9573	1719.6388	1982.38	886.55	-29.2164	2.88	1.18	273.1181	438.01	178.82
47.788194	39.702778	19.75	NA	18.0013	4193.6855	-12.3869	938.0952	3434.284	-30.7161	-32.6952	-27.9358	-29.0342	-25.696	-27.1689	-2.9781	67.2463	528.1661	1050.2488	-1.6605	28.8999	1714.3358	1972.76	882.24	-28.8744	2.53	1.03	278.3204	429.55	175.36
47.913194	39.827778	19.875	NA	21.2473	4178.8374	-12.9824	940.4816	3469.9671	-30.6718	-32.6454	-28.2169	-28.9801	-26.0963	-26.9017	-3.1557	71.5192	554.6935	1013.5276	-1.8827	31.0917	1719.5102	1975.15	883.31	-28.9187	2.43	0.99	277.6323	419.18	171.13
