days.origin	days.water	days.manure	F07	F08	F09	F10	F11	F12	GW01	GW02	GW03	GW04	GW05	GW06	GWL01	GWL02	GWL03	GWL04	GWo01	GWo02	mean.F	sd.F	se.F	mean.GW	sd.GW	se.GW	mean.GWL	sd.GWL	se.GWL
3.125	-4.960417	-24.913194	NA	-62.667	11.6825	7.7179	-28.3324	-16.3594	5.0446	-16.5332	-22.6402	-19.6838	-27.4823	-24.9763	13.8493	-3.3381	-18.815	-24.778	-22.374	21.2347	-17.5917	30.19	13.50	-17.7119	11.80	4.82	-5.7035	19.63	8.02
3.25	-4.835417	-24.788194	NA	-32.2317	1.3758	24.1527	-39.7136	-16.8512	7.3031	-10.7154	-8.8303	-16.9614	-22.6127	-33.145	13.5136	-3.3381	-26.3066	-6.2314	-7.4118	21.2347	-12.6536	25.91	11.59	-14.1603	13.72	5.60	-1.4233	16.84	6.88
3.375	-4.710417	-24.663194	NA	-19.1119	-8.8761	24.6975	-32.375	-5.5124	-5.257	-12.7013	0.0554	12.9631	-26.5004	-6.7656	37.248	-3.3381	-13.6836	-0.0697	-15.6404	21.2347	-8.2356	21.17	9.47	-6.3676	13.13	5.36	4.2918	20.84	8.51
3.5	-4.585417	-24.538194	NA	-22.549	4.5746	33.4103	-18.3323	-1.2814	3.6003	-19.2051	-9.5329	9.4669	-12.2177	1.3476	45.2827	-3.3381	10.3244	0.7449	-0.5233	21.2347	-0.8356	22.25	9.95	-4.4235	10.92	4.46	12.2875	18.52	7.56
3.625	-4.460417	-24.413194	NA	-17.634	-11.401	50.0862	0.3232	-5.0771	8.3875	-5.8066	-5.8969	-12.4275	-12.0286	7.7668	57.7867	-3.3381	-4.6563	4.6327	-0.6141	21.2347	3.2595	27.03	12.09	-3.3342	9.29	3.79	12.5076	24.11	9.84
3.75	-4.335417	-24.288194	NA	-24.7389	-17.6144	-1.9526	-1.845	-11.2217	13.6641	-20.5495	0.6841	-6.4355	-5.4902	6.0208	58.2621	-3.3381	-0.0855	14.2666	-13.0665	21.2347	-11.4745	9.96	4.46	-2.0177	11.77	4.81	12.8789	25.44	10.39
3.875	-4.210417	-24.163194	NA	-23.7231	-25.984	0.1324	-14.2215	-32.6135	3.5824	-30.0853	-37.2452	2.0404	0.2648	-22.9055	50.8539	-3.3381	-14.5318	-5.0912	-19.7548	21.2347	-19.2819	12.70	5.68	-14.0581	18.16	7.41	4.8955	26.58	10.85
4	-4.085417	-24.038194	NA	-16.5231	-29.2216	6.4367	-12.3781	-42.3184	-0.8358	-23.6824	-26.7596	10.4284	-2.9252	-27.3254	51.5396	-3.3381	-3.1647	-15.0613	5.1385	21.2347	-18.8009	18.34	8.20	-11.8500	16.12	6.58	9.3915	23.88	9.75
4.125	-3.960417	-23.913194	NA	-16.9771	-9.3168	9.415	-9.6956	-12.3443	9.4207	-18.9028	-8.8244	16.9194	-40.2169	-5.1352	42.6213	10.2557	8.2023	-24.404	-3.8897	-15.1347	-7.7838	10.09	4.51	-7.7899	20.44	8.35	2.9418	23.57	9.62
4.25	-3.835417	-23.788194	NA	-7.4438	-11.2734	3.3003	-37.3562	-15.0873	19.107	-22.605	-33.2291	-3.6402	-12.9309	-21.6606	24.3281	-7.195	-18.9979	-23.5092	-15.341	-21.8387	-13.5721	14.96	6.69	-12.4931	18.40	7.51	-10.4256	17.99	7.34
4.375	-3.710417	-23.663194	NA	-8.278	-20.7981	-5.6507	-11.8107	-21.8839	13.9909	-29.9239	-22.1113	-15.5025	-33.0289	-25.1365	20.7424	2.4363	-28.064	-7.4744	-10.9123	-23.118	-13.6843	7.33	3.28	-18.6187	17.11	6.98	-7.7317	17.75	7.24
4.5	-3.585417	-23.538194	NA	-9.0185	-7.6263	3.4686	-4.6943	-11.5959	1.4335	-26.8651	-28.4708	-13.6307	-4.8078	-12.3554	13.2988	5.8623	-17.5694	-10.6963	-57.234	-9.6504	-5.8933	5.80	2.59	-14.1160	11.84	4.83	-12.6648	24.66	10.07
4.625	-3.460417	-23.413194	NA	-6.6879	-17.1679	34.9715	-15.3376	-9.3072	3.7099	-16.6381	-12.5943	4.274	-11.8416	-1.2208	29.1304	-8.8779	-11.6827	-4.9815	-24.1561	-22.2581	-2.7058	21.49	9.61	-5.7185	9.09	3.71	-7.1376	19.30	7.88
4.75	-3.335417	-23.288194	NA	-2.0318	-15.4862	29.6868	-5.7252	-20.1603	2.7713	10.2118	-11.4302	11.1084	13.7128	-5.0992	40.4873	-22.5657	-12.4299	-1.6475	-0.2569	25.4531	-2.7433	19.54	8.74	3.5458	10.05	4.10	4.8401	23.72	9.68
4.875	-3.210417	-23.163194	NA	1.87	-9.4151	34.4418	0.2907	9.1567	12.1273	4.2479	13.298	9.1535	11.273	-20.8065	28.5307	7.2296	-10.2543	-25.3192	-29.3749	11.3377	7.2688	16.57	7.41	4.8822	12.98	5.30	-2.9751	22.59	9.22
5	-3.085417	-23.038194	NA	-19.4596	0.5959	29.8152	-24.5139	-17.2776	8.6349	-15.9449	-29.8719	-7.7864	-28.7511	-15.0291	28.1739	9.2364	-34.1322	-31.8505	-11.3487	-17.3645	-6.1680	22.23	9.94	-14.7914	14.29	5.84	-9.5476	24.26	9.90
5.125	-2.960417	-22.913194	NA	-46.1694	-22.0456	7.6882	-14.4583	-28.4845	5.0113	-3.0397	-25.0144	-23.1116	-41.4492	-12.5781	30.2273	-5.2805	-36.2359	-13.8269	10.31	-36.1675	-20.6939	19.72	8.82	-16.6969	16.72	6.83	-8.4956	26.18	10.69
5.25	-2.835417	-22.788194	NA	-46.912	-9.9779	16.4484	-5.7356	-4.2984	-0.8083	-6.0299	-6.6041	-11.4686	-11.8578	-10.3059	17.7585	-19.9195	-19.9168	-15.0294	-5.98	-22.8587	-10.0951	22.98	10.28	-7.8458	4.23	1.73	-10.9910	15.29	6.24
5.375	-2.710417	-22.663194	NA	-29.0076	0.396	50.0913	-5.6774	-8.2175	3.7397	-16.9438	-24.3633	-2.6291	0.3327	-7.0857	11.9697	-17.0052	-3.2352	-23.1234	-9.9375	-29.1577	1.5170	29.32	13.11	-7.8249	10.81	4.41	-11.7482	14.82	6.05
5.5	-2.585417	-22.538194	NA	-9.6393	6.5589	16.2957	-4.7494	-30.1384	38.1758	-22.5684	-19.8233	-5.44	-9.5806	-3.9689	29.9053	-7.1141	-39.0324	-25.7673	-0.614	-39.1953	-4.3345	17.60	7.87	-3.8676	21.94	8.96	-13.6363	26.66	10.88
5.625	-2.460417	-22.413194	NA	8.1107	4.1099	10.2096	0.4186	-21.902	32.2705	-15.5808	-10.8231	-1.5555	-21.6753	-7.143	37.2437	5.3521	6.9006	-24.7002	-27.1888	-37.2054	0.1894	12.91	5.77	-4.0845	19.10	7.80	-6.5997	28.06	11.45
5.75	-2.335417	-22.288194	NA	-13.7055	3.8389	30.8336	-3.5891	-13.2149	18.9349	-8.6135	12.8887	0.072	20.6618	5.46	32.4635	18.1918	0.9384	-16.1167	11.6017	2.4291	0.8326	18.28	8.18	8.2340	11.39	4.65	8.2513	16.60	6.78
5.875	-2.210417	-22.163194	NA	-12.4126	5.8449	48.9414	-7.2586	-17.9101	19.4471	-6.8509	-11.5761	11.7588	1.6954	11.1328	23.512	-0.0726	-12.9526	-7.5333	-1.8632	3.1917	3.4410	26.92	12.04	4.2679	11.96	4.88	0.7137	12.55	5.12
6	-2.085417	-22.038194	NA	-12.4806	5.8693	41.2949	-11.6901	-22.6052	17.4034	-10.5063	-20.4887	28.6502	17.4992	-16.2101	29.0661	10.3241	-10.3012	-1.7202	9.2127	11.4417	0.0777	25.21	11.28	2.7246	20.87	8.52	8.0039	13.36	5.45
6.125	-1.960417	-21.913194	NA	-23.3868	-18.2757	34.5917	-26.0892	-26.889	-1.6308	-19.8773	-6.6186	25.1969	1.6347	-11.3244	27.3901	-14.2062	16.7109	-0.7293	7.6273	3.423	-12.0098	26.27	11.75	-2.1033	15.37	6.27	6.7026	14.37	5.87
6.25	-1.835417	-21.788194	NA	-28.1176	4.2073	31.6529	-5.2196	-17.5093	11.6732	-1.0509	-13.9776	10.9814	-10.1989	10.7086	33.2846	4.8134	-24.1263	22.4837	13.3555	-7.3551	-2.9973	22.91	10.24	1.3560	11.50	4.69	7.0760	20.74	8.47
6.375	-1.710417	-21.663194	NA	-15.6882	-21.1875	19.1913	0.4341	13.7146	10.6798	2.6467	-15.4908	-5.7558	-5.2372	13.9637	24.6568	1.9292	19.7534	27.5332	19.6812	-2.2713	-0.7071	17.67	7.90	0.1344	11.10	4.53	15.2138	12.36	5.05
6.5	-1.585417	-21.538194	NA	-38.9755	-49.9308	11.3949	-40.9204	10.2336	-12.8784	-5.1693	-5.2058	-9.2211	-16.5557	-18.5797	31.1356	-26.0109	-32.2038	-1.9305	19.3403	-55.2182	-21.6396	29.92	13.38	-11.2683	5.69	2.32	-10.8146	32.89	13.43
6.625	-1.460417	-21.413194	NA	-39.867	-15.3274	11.1871	-41.5666	-0.5447	-7.0859	-4.5933	4.6761	1.4485	-21.7821	-3.9873	31.2566	-26.6834	-4.8059	-3.3875	18.5233	-36.9026	-17.2237	23.42	10.47	-5.2207	9.19	3.75	-3.6666	25.88	10.56
6.75	-1.335417	-21.288194	NA	-32.4013	-22.0035	15.7447	-24.8991	-19.5876	-4.0935	9.0821	2.5661	29.6093	-8.5843	-0.0291	20.9895	-18.1331	2.8405	-13.1566	12.074	-6.1923	-16.6294	18.73	8.38	4.7584	13.57	5.54	-0.2630	15.06	6.15
6.875	-1.210417	-21.163194	NA	-20.2147	-24.9019	26.5534	-27.6933	-14.0441	12.6949	15.5475	-7.7966	22.2062	5.627	8.4661	12.1455	-14.7213	-10.8689	-41.4585	-2.9491	16.3941	-12.0601	22.20	9.93	9.4575	10.23	4.18	-6.9097	20.94	8.55
7	-1.085417	-21.038194	NA	-10.5502	-35.603	13.5286	-27.2065	-34.514	19.8868	-3.719	-5.7895	-3.3476	0.7645	-15.7859	17.1513	-12.4583	-9.3542	-40.2065	-18.5559	2.1285	-18.8690	20.69	9.26	-1.3318	11.77	4.81	-10.2158	19.37	7.91
7.125	-0.960417	-20.913194	NA	-12.6957	-28.0248	9.0367	-5.0191	-55.1718	6.8766	-35.271	-12.7501	-32.0506	-17.1736	-19.7547	21.9118	-20.3049	1.9353	-20.8912	-3.2066	-2.0491	-18.3749	24.54	10.98	-18.3539	15.13	6.18	-3.7675	15.89	6.49
7.25	-0.835417	-20.788194	NA	-0.8574	-21.9994	4.5877	15.1842	-31.8585	14.8093	-39.3533	-19.4402	-30.6012	-14.5871	-10.596	32.0844	8.7574	-11.8454	5.2328	14.4325	-39.8613	-6.9887	19.41	8.68	-16.6281	18.70	7.63	1.4667	24.73	10.10
7.375	-0.710417	-20.663194	NA	-10.2939	23.8285	-5.2451	6.962	6.1951	12.3586	-28.0509	-17.7486	-19.3538	-13.7783	-21.9562	27.0328	-27.1039	-27.2138	-5.1161	-10.933	-46.3904	4.2893	13.19	5.90	-14.7549	14.11	5.76	-14.9541	25.15	10.27
7.5	-0.585417	-20.538194	NA	-18.6015	-23.6238	-10.0177	0.4919	-2.9677	-5.1191	-2.4715	-0.4944	-5.0054	5.2474	-13.8294	-12.0787	-23.9907	-22.6895	-35.4979	-11.2266	-18.5325	-10.9438	10.18	4.55	-3.6121	6.29	2.57	-20.6693	8.97	3.66
7.625	-0.460417	-20.413194	NA	-26.5248	-17.9009	14.8361	-4.8042	-9.4274	5.1819	-4.7609	15.2439	-1.9349	-16.5556	1.4584	1.4317	-8.2366	-24.3714	-29.0704	8.0213	-15.732	-8.7642	15.59	6.97	-0.2279	10.60	4.33	-11.3262	14.50	5.92
7.75	-0.335417	-20.288194	NA	-30.1771	-4.6558	23.5097	-2.4691	3.3067	20.2713	1.2821	-5.4261	-3.6738	-19.1126	7.0937	32.6956	-5.8564	-26.291	-14.3537	-1.2161	4.7145	-2.0971	19.24	8.60	0.0724	13.20	5.39	-1.7179	20.03	8.18
7.875	-0.210417	-20.163194	NA	-11.1779	5.829	-0.9895	-0.2118	23.785	10.0924	-6.6161	-2.6965	-8.9647	-37.9781	-15.5091	24.6926	-7.6983	8.8039	-31.7507	35.6127	-2.4187	3.4470	12.91	5.77	-10.2787	16.01	6.54	4.5402	24.10	9.84
8	-0.085417	-20.038194	NA	-11.1779	6.1785	-18.1335	-0.2118	23.785	53.4356	-5.1435	-2.5145	-6.2316	-37.9781	-15.5091	15.0283	-8.2679	13.6534	135.444	75.8835	-5.1957	0.0881	16.26	7.27	-2.3235	30.26	12.35	37.7576	56.67	23.14
8.085417	0	-19.952778	NA	-11.1773	6.1798	-18.4312	-0.2102	23.7854	111.0754	-4.1614	-2.5145	-0.405	-37.978	-15.5091	50.3839	-8.2549	13.654	359.0903	103.4021	-5.1956	0.0293	16.34	7.31	8.4179	52.19	21.31	85.5133	140.42	57.32
8.210417	0.125	-19.827778	NA	213.6541	479.3158	115.4429	602.4635	178.2787	200.8443	148.306	10.5784	1.4188	-6.5908	-8.8983	774.4877	4870.1887	242.3338	339.3687	143.6729	39.2306	317.8310	211.18	94.44	57.6097	92.36	37.71	1068.2137	1879.80	767.42
8.335417	0.25	-19.702778	NA	413.853	730.4282	579.3877	947.6208	181.3006	188.8755	300.7734	7.515	12.979	28.8054	14.2079	1801.5729	9051.9323	448.2226	377.7218	214.8313	66.0138	570.5181	293.21	131.13	92.1927	123.61	50.46	1993.3825	3513.85	1434.52
8.460417	0.375	-19.577778	NA	454.543	607.224	1510.1447	966.9631	108.4709	244.4141	603.181	4.2832	53.9704	156.2878	50.389	2566.5253	9101.2517	568.0784	359.8869	371.6794	24.2677	729.4691	534.33	238.96	185.4209	222.34	90.77	2165.2816	3517.96	1436.20
8.585417	0.5	-19.452778	NA	381.8624	476.5981	2025.9227	772.3326	46.5334	320.399	975.0722	53.1407	156.4048	406.7197	124.1873	2923.8508	8145.0069	600.6367	369.906	467.3527	19.1085	740.6498	763.74	341.55	339.3206	337.85	137.93	2087.6436	3145.06	1283.96
8.710417	0.625	-19.327778	NA	251.492	386.022	2498.4984	455.2032	5.8378	420.6426	1346.6254	109.3833	297.3052	673.3542	247.0764	2972.8945	7453.7544	580.8845	470.8624	458.3119	-15.0936	719.4107	1009.24	451.34	515.7312	449.28	183.42	1986.9357	2880.23	1175.85
8.835417	0.75	-19.202778	NA	170.8366	307.6754	2915.5743	287.7645	12.6311	532.3522	1567.9049	190.7893	364.4829	904.5943	383.7522	3146.8054	6975.1576	527.9726	462.9939	497.4793	-15.3944	738.8964	1222.45	546.70	657.3126	506.79	206.90	1932.5024	2716.20	1108.88
8.960417	0.875	-19.077778	NA	115.9464	228.8932	3331.72	160.9807	0.7689	594.0856	1685.2048	274.8723	427.6829	1172.124	519.1784	3118.8563	6501.0643	475.0608	433.3071	521.2557	-16.7067	767.6618	1435.76	642.09	778.8580	539.45	220.23	1838.8063	2545.16	1039.06
9.085417	1	-18.952778	NA	59.1756	158.1176	3506.062	83.1973	-3.1625	668.589	1867.3525	377.7323	494.3073	1520.8337	645.4977	3001.8682	6026.4961	422.1489	403.6203	498.8598	-18.2044	760.6780	1535.80	686.83	929.0521	611.85	249.79	1722.4648	2371.45	968.14
9.210417	1.125	-18.827778	NA	34.9745	101.3497	3676.3062	40.616	17.6324	700.6298	2029.015	472.4213	518.9924	1749.822	764.673	2620.1981	5399.3836	369.2371	373.9335	487.4886	-3.415	774.1758	1622.65	725.67	1039.2589	673.29	274.87	1541.1377	2111.02	861.82
9.335417	1.25	-18.702778	NA	25.8435	59.2021	3619.6838	51.551	12.8237	775.7151	2054.0181	518.0252	532.368	1816.8449	869.4668	2357.3944	4764.5727	316.3253	344.2467	495.0792	-1.4079	753.8208	1602.18	716.52	1094.4063	669.78	273.44	1379.3684	1860.44	759.52
9.460417	1.375	-18.577778	NA	-9.1874	40.5739	3396.5502	19.23	-9.9811	757.5847	1992.8535	559.6294	543.9713	1880.3278	931.4659	2163.6206	4234.1638	263.4134	314.5599	464.9134	-1.4664	687.4371	1514.59	677.34	1110.9721	656.08	267.84	1239.8675	1659.53	677.50
9.585417	1.5	-18.452778	NA	-14.1477	21.9457	3170.66	-29.9216	-14.2106	743.4299	1903.1352	555.327	582.0141	1944.4477	1031.2309	2031.3871	3611.723	210.5016	284.8731	444.8242	-17.5496	626.8652	1422.15	636.01	1126.5975	640.43	261.45	1094.2932	1435.96	586.23
9.710417	1.625	-18.327778	NA	-18.3036	15.7393	3102.5531	-17.7503	-17.6333	743.4672	1879.4104	563.701	583.2979	1999.8896	1135.419	1901.4964	3123.5335	157.5897	255.1863	414.4245	-29.3566	612.9210	1391.82	622.44	1150.8642	645.71	263.61	970.4790	1263.62	515.87
9.835417	1.75	-18.202778	NA	-35.7991	11.8968	2966.1187	-10.2552	-16.2043	692.8888	1789.1513	543.5435	576.4575	1949.0573	1172.2332	1785.5202	2645.7055	104.6779	225.4995	375.1338	-35.0514	583.1514	1332.23	595.79	1120.5553	624.18	254.82	850.2476	1100.37	449.22
9.960417	1.875	-18.077778	NA	-16.1318	-6.314	2913.3055	-8.4754	3.0381	681.8867	1670.358	505.2218	548.1858	1843.0561	1174.5246	1620.2468	2208.1213	51.7661	195.8127	299.1165	-17.2177	577.0845	1306.01	584.06	1070.5388	584.96	238.81	726.3076	945.16	385.86
10.085417	2	-17.952778	NA	-16.7893	-14.9048	2570.3954	-10.9802	0.5726	685.8185	1568.4058	499.8022	509.1169	1755.9992	1153.2432	1641.2416	1805.1297	-1.1458	166.1259	210.8302	-18.656	505.6587	1154.24	516.19	1028.7310	548.27	223.83	633.9209	850.11	347.06
10.210417	2.125	-17.827778	NA	-22.0362	-30.3725	2423.9523	-16.5968	-5.1669	630.5085	1450.2571	468.4831	528.9272	1679.9199	1117.9956	1418.8829	1455.209	-29.4277	136.439	122.5439	-21.3169	469.9560	1092.36	488.52	979.3486	513.29	209.55	513.7217	718.66	293.39
10.335417	2.25	-17.702778	NA	-5.5244	-14.2119	2280.9223	-15.6101	1.9188	628.1288	1336.3255	424.6946	491.2788	1614.976	1081.0622	1240.5652	1163.3118	-3.7644	103.7742	48.2253	13.5127	449.4989	1023.82	457.87	929.4110	489.09	199.67	427.6041	601.42	245.53
10.460417	2.375	-17.577778	NA	-7.5488	1.9643	2145.3872	-17.1561	-23.4225	562.1542	1256.2971	392.8324	450.442	1582.1106	1005.3251	1114.4158	899.4965	-1.9971	42.4119	9.1357	-7.3893	419.8448	964.66	431.41	874.8602	484.35	197.74	342.6789	519.30	212.01
10.585417	2.5	-17.452778	NA	-13.543	-6.3917	2075.8546	-22.2307	-20.2227	522.9405	1176.5181	361.499	428.5895	1576.8243	946.2619	1011.5965	690.3458	-9.5457	15.494	-27.6065	-19.7076	402.6933	935.35	418.30	835.4389	482.92	197.15	276.7627	456.46	186.35
10.710417	2.625	-17.327778	NA	-12.3328	-10.6225	1953.8061	-16.1291	-30.8645	527.9662	1119.7556	335.9769	389.013	1467.6942	894.4906	1075.6643	564.6976	-21.0098	-8.366	-13.8636	-2.8723	376.7714	881.63	394.27	789.1494	450.45	183.89	265.7084	458.92	187.35
10.835417	2.75	-17.202778	NA	-3.8769	-10.6149	1830.8487	-9.6299	-29.1856	560.5021	1057.7626	313.0214	376.9906	1374.2422	811.7326	1056.711	392.359	-23.674	-14.6191	-38.4331	-0.4901	355.5083	824.80	368.86	749.0419	413.33	168.74	228.6423	437.99	178.81
10.960417	2.875	-17.077778	NA	-0.24	-23.4059	1702.5175	-1.6504	-6.3572	551.4291	1001.1532	274.7892	390.584	1356.844	755.8047	992.3706	316.0326	-16.4998	-18.6123	-28.3794	4.4983	334.1728	764.98	342.11	721.7674	405.22	165.43	208.2350	406.44	165.93
11.085417	3	-16.952778	NA	-0.9826	-0.2888	1574.0952	2.489	-9.2382	506.1435	945.7338	240.2405	370.2309	1361.4685	650.4644	928.0301	256.5639	-1.687	34.4494	2.8714	9.4866	313.2149	704.87	315.23	679.0469	413.63	168.86	204.9524	367.78	150.15
11.210417	3.125	-16.827778	NA	-25.4853	13.8845	1447.7004	11.8693	-16.1362	443.6304	877.7884	249.2859	348.5935	1317.9938	594.7864	880.6195	204.8856	4.0781	-3.428	6.8635	4.1944	286.3665	649.43	290.44	638.6797	398.59	162.73	182.8689	351.26	143.40
11.335417	3.25	-16.702778	NA	-22.6626	9.9039	1352.2081	-9.721	-16.207	353.5414	808.2258	228.7356	315.9237	1202.8725	514.8108	895.9382	138.0635	4.3256	5.6561	-25.7854	-19.1246	262.7043	609.17	272.43	570.6850	371.00	151.46	166.5122	362.35	147.93
11.460417	3.375	-16.577778	NA	-13.882	-11.6699	1354.1418	-28.3134	7.3538	319.4463	776.8874	157.6337	287.3344	1070.4682	446.7202	769.9657	123.7666	18.3437	-3.5707	-14.0406	-25.0665	261.5261	610.92	273.21	509.7484	346.24	141.35	144.8997	310.92	126.93
11.585417	3.5	-16.452778	NA	-18.6478	-25.7473	1338.6678	-41.0932	-7.4134	284.5213	677.7525	121.6146	286.3768	949.3629	376.5652	709.358	116.8774	11.349	0.5026	-20.2022	-14.9274	249.1532	609.18	272.43	449.3655	306.14	124.98	133.8262	286.41	116.93
11.710417	3.625	-16.327778	NA	-23.5824	-25.3478	1245.0376	-28.4052	-28.4829	241.5733	617.0265	113.7453	239.3955	832.3282	324.5072	712.9102	116.4943	-10.2131	-9.1741	-29.9076	-27.2524	227.8439	568.63	254.30	394.7627	272.90	111.41	125.4762	292.98	119.61
11.835417	3.75	-16.202778	NA	-8.2847	-19.7279	1169.4968	-21.6622	-4.1767	211.2365	523.6807	105.876	241.5019	734.9802	268.878	663.2903	95.8066	-17.3736	-18.5256	-6.6264	-21.4342	223.1291	529.09	236.62	347.6922	234.75	95.84	115.8562	271.94	111.02
11.960417	3.875	-16.077778	NA	-33.5756	-17.6126	1166.7693	-17.5058	-18.7761	186.176	471.0217	89.0455	197.6951	605.5178	217.5958	611.8133	71.0704	-22.039	-19.3154	-13.4257	-10.4866	215.8598	531.62	237.75	294.5086	198.56	81.06	102.9362	251.77	102.78
12.085417	4	-15.952778	NA	4.3609	13.1892	1078.2381	0.6345	11.6375	163.756	450.0085	64.8832	206.9195	537.2349	224.5212	582.2574	50.808	-15.7563	22.075	-34.7406	-9.3949	221.6120	478.90	214.17	274.5539	180.61	73.73	99.2081	238.57	97.40
12.210417	4.125	-15.827778	NA	-16.8345	18.4386	1003.6251	2.9927	13.8529	146.4758	406.2745	70.6907	165.9171	461.8036	163.5488	658.9977	35.8158	-16.5992	3.4356	-37.2803	3.5978	204.4150	446.98	199.89	235.7851	158.42	64.67	107.9946	271.03	110.65
12.335417	4.25	-15.702778	NA	-33.1028	-10.7115	936.0233	-2.4049	-12.8026	134.9668	324.5933	60.3583	149.4761	365.8178	135.618	605.6138	29.3551	-18.5854	-28.7554	-35.5595	-13.4447	175.4003	425.35	190.22	195.1384	121.08	49.43	89.7706	253.73	103.58
12.460417	4.375	-15.577778	NA	-13.0401	-15.1236	889.9445	-30.7876	-25.5386	136.4788	284.9761	11.3498	115.3254	308.8723	94.3115	549.1827	20.78	-14.78	-10.8676	-24.169	-30.7128	161.0909	407.51	182.24	158.5523	115.53	47.16	81.5722	229.77	93.80
12.585417	4.5	-15.452778	NA	-33.7521	-25.0456	817.8814	-9.2459	-13.9829	146.3106	251.5162	15.0342	142.2651	299.4345	94.8181	510.4864	28.7301	-7.2992	-17.125	-4.3903	-23.7483	147.1710	375.06	167.73	158.2298	103.50	42.25	81.1090	211.13	86.19
12.710417	4.625	-15.327778	NA	-12.8256	-9.2866	809.3967	-25.3793	-17.8046	115.1379	248.3464	25.7443	120.616	238.2899	85.5167	495.5364	29.0878	22.2621	-8.4272	0.4065	-11.3707	148.8201	369.32	165.17	138.9419	87.65	35.78	87.9158	200.36	81.80
12.835417	4.75	-15.202778	NA	-7.2174	-2.6316	753.8211	-34.1839	-16.2768	129.7081	202.0576	17.2877	114.2071	189.1735	60.7476	421.5424	20.4406	19.3666	5.1833	-12.4819	-14.5102	138.7023	344.07	153.87	118.8636	71.69	29.27	73.2568	171.28	69.92
12.960417	4.875	-15.077778	NA	-38.4815	-10.0132	750.3574	-20.1553	-11.6871	138.5137	199.991	5.707	119.8134	145.1249	44.367	443.1019	10.7267	11.5518	-30.0799	-23.5507	-3.827	134.0041	344.74	154.17	108.9195	71.30	29.11	67.9871	184.57	75.35
13.085417	5	-14.952778	NA	-26.7301	-11.0774	732.356	-6.5015	-27.6695	91.2265	156.8854	3.774	91.0766	125.9629	45.9787	387.0734	10.593	6.086	-11.2647	-20.7718	5.9488	132.0755	335.70	150.13	85.8174	54.84	22.39	62.9441	159.25	65.01
13.210417	5.125	-14.827778	NA	-9.1987	-15.8223	687.7436	-18.96	-9.6887	121.3791	133.9129	18.761	75.317	103.0996	44.2444	376.719	15.8452	-7.6325	0.7822	-17.8039	1.3758	126.8148	313.60	140.24	82.7857	45.07	18.40	61.5476	154.80	63.20
13.335417	5.25	-14.702778	NA	-16.0576	-4.003	614.3296	-15.2872	-13.3032	116.6872	127.5778	26.6249	69.2753	80.4698	72.043	367.2016	6.655	-13.3456	18.4895	-12.296	-3.2203	113.1357	280.22	125.32	82.1130	36.36	14.84	60.5807	150.69	61.52
13.460417	5.375	-14.577778	NA	-27.1327	-4.6174	551.425	-22.532	-0.1171	96.1743	96.9385	-0.6845	24.9209	56.1408	47.7532	343.204	3.3096	-21.6982	1.6363	-4.4789	-7.2514	99.4052	252.95	113.12	53.5405	38.73	15.81	52.4536	142.71	58.26
13.585417	5.5	-14.452778	NA	-23.5079	-23.4872	545.0714	-20.9392	2.1479	94.1768	55.6346	-5.1593	25.9524	36.3091	26.8685	318.4494	-9.6146	-25.8136	-22.5459	4.2111	-8.2348	95.8570	251.35	112.41	38.9637	33.45	13.66	42.7419	135.50	55.32
13.710417	5.625	-14.327778	NA	-6.2307	-26.5226	528.1223	-32.7004	-0.5821	86.722	30.6586	0.485	8.3209	18.7992	37.2538	267.6626	-5.7351	-29.1828	-44.7135	-11.2103	-16.8804	92.4173	243.94	109.09	30.3732	30.78	12.56	26.6567	118.89	48.54
13.835417	5.75	-14.202778	NA	-34.6046	-23.1657	466.7392	-23.1422	-24.5796	81.1249	1.1582	0.4831	16.0116	35.9023	40.6782	281.971	3.9035	-25.8597	-16.2286	-32.7112	-26.0129	72.2494	220.58	98.65	29.2264	30.52	12.46	30.8437	123.69	50.50
13.960417	5.875	-14.077778	NA	-22.687	-11.8875	431.1794	-18.1365	-24.6835	94.2846	29.2709	7.9878	33.7984	46.2948	35.934	268.5876	15.4158	-22.951	-9.8971	-24.9235	-15.5339	70.7570	201.54	90.13	41.2617	28.89	11.79	35.1163	115.30	47.07
14.085417	6	-13.952778	NA	-12.4444	-11.8953	455.8131	-30.5919	-16.5517	88.9984	27.1436	9.8764	30.755	25.3676	30.0976	229.3764	8.5682	-20.0423	-25.5316	-17.1357	-18.4667	76.8660	211.97	94.80	35.3731	27.36	11.17	26.1280	100.28	40.94
14.210417	6.125	-13.827778	NA	-4.0137	-25.8865	447.1831	-45.6137	-8.4199	85.5731	20.0018	11.7651	31.7385	-5.1416	24.2613	189.4165	1.7206	-17.1336	-27.6082	-9.348	-21.3996	72.6499	210.01	93.92	28.0330	30.88	12.61	19.2746	83.97	34.28
14.335417	6.25	-13.702778	NA	10.4758	-33.4105	372.0989	-16.8255	2.9563	85.6756	50.4232	14.3504	35.9758	10.6211	38.6038	158.1912	-5.6674	-0.9907	27.4959	4.1565	-10.781	67.0590	171.38	76.65	39.2750	27.32	11.15	28.7341	64.80	26.45
14.460417	6.375	-13.577778	NA	-35.064	-16.1893	356.9601	-10.5589	-27.2723	68.4163	30.3304	28.4618	21.9685	15.7297	23.9451	107.9688	-9.969	6.6646	-18.619	0.4605	-4.3162	53.5751	169.86	75.97	31.4753	18.82	7.68	13.6983	46.99	19.18
14.585417	6.5	-13.452778	NA	-21.3175	-14.6072	365.9426	-6.9242	-38.4548	64.5666	9.3707	36.8387	20.4009	14.2103	40.0796	136.5111	-17.4074	-11.394	-12.1214	-22.0277	-6.5847	56.9278	173.14	77.43	30.9111	20.52	8.38	11.1626	61.64	25.16
14.710417	6.625	-13.327778	NA	-11.6515	10.2035	338.5592	-6.7258	-20.3123	50.6222	-0.541	15.7302	-1.358	-11.5441	1.7511	127.0577	-14.8426	-11.4788	-28.5993	-24.4161	-10.9891	62.0146	154.99	69.31	9.1101	22.14	9.04	6.1220	59.68	24.36
14.835417	6.75	-13.202778	NA	-2.3733	5.261	311.1758	-24.5087	-54.2761	65.9933	-12.2203	-3.0899	26.735	-7.1312	8.2239	122.835	1.5538	14.8374	-24.919	-15.1008	-10.4972	47.0557	149.45	66.84	13.0851	29.39	12.00	14.7849	54.70	22.33
14.960417	6.875	-13.077778	NA	-37.1599	-27.2629	288.1738	-34.3852	-6.2787	80.1893	-23.9328	-3.5685	41.4157	11.845	32.238	64.8494	0.6354	12.5795	-21.2387	7.2532	-4.6579	36.6174	141.14	63.12	23.0311	36.68	14.98	9.9035	29.33	11.97
15.085417	7	-12.952778	NA	-33.7736	-44.5123	273.1376	-24.1232	-20.9115	87.5913	-0.9185	8.85	19.3859	26.6349	54.4665	65.5237	-13.6899	-13.6501	-14.9381	9.8126	-27.0381	29.9634	136.25	60.93	32.6684	32.86	13.42	1.0034	33.80	13.80
15.210417	7.125	-12.827778	NA	-23.902	-30.8908	281.5606	-9.9542	-18.2349	81.6877	42.7585	20.8144	7.9329	39.9327	39.605	59.4176	1.102	-6.0289	-0.0123	6.2798	-34.5641	39.7157	135.41	60.56	38.7885	25.03	10.22	4.3657	30.62	12.50
15.335417	7.25	-12.702778	NA	-13.8012	-6.8652	331.0934	-1.3559	-19.2294	53.6794	12.4441	21.7535	-3.1069	14.3998	36.0726	40.7458	30.3469	9.4231	-20.3522	-4.663	-20.8751	57.9683	152.83	68.35	22.5404	19.90	8.12	5.7709	25.85	10.55
15.460417	7.375	-12.577778	NA	-27.7933	-32.9632	287.3989	-1.1673	-21.1822	52.5625	6.369	9.7126	-5.3011	18.1534	27.3404	22.7344	7.1674	-13.5459	-34.6725	-11.5095	-18.715	40.8586	138.35	61.87	18.1395	20.14	8.22	-8.0902	20.22	8.25
15.585417	7.5	-12.452778	NA	-20.5499	-32.1482	263.6721	-38.4935	-30.2116	48.1372	0.726	14.4578	13.3791	29.4616	-2.0947	17.6296	-13.0966	-28.8225	-20.2851	3.5007	-13.0476	28.4538	131.65	58.87	17.3445	18.83	7.69	-9.0203	16.85	6.88
15.710417	7.625	-12.327778	NA	-12.1222	-36.4192	255.0601	-16.2618	-33.9775	44.5734	9.9197	37.3551	13.7013	24.8154	29.7492	18.6048	-14.875	-28.4896	-31.2942	-9.7581	-18.1471	31.2559	125.56	56.15	26.6857	13.39	5.47	-13.9932	17.93	7.32
15.835417	7.75	-12.202778	NA	-20.3019	-28.562	221.182	-15.7982	-36.9247	45.0237	34.762	63.8617	-1.0742	16.0252	18.52	7.7699	-8.5835	-26.6644	-14.798	-26.7904	-19.6831	23.9190	110.57	49.45	29.5197	23.18	9.46	-14.7916	13.09	5.34
15.960417	7.875	-12.077778	NA	-27.563	-23.6523	221.788	-27.4574	-35.3048	52.2175	9.0818	54.9749	23.5352	7.2351	22.3013	43.3072	5.1422	-21.9725	-9.0459	-27.0939	-7.5846	21.5621	112.01	50.09	28.2243	20.76	8.48	-2.8746	25.33	10.34
16.085417	8	-11.952778	NA	-34.7297	-25.5316	224.0988	-38.0976	-33.0817	21.3277	-16.6457	27.0304	-6.4937	-1.5551	30.428	23.7878	5.7923	-17.2806	-6.9254	-27.3974	-7.8106	18.5316	115.01	51.43	9.0153	19.73	8.05	-4.9723	17.94	7.32
16.210417	8.125	-11.827778	NA	-38.3772	-15.7078	189.0352	-40.6814	7.9745	17.3323	5.5971	26.4116	21.5767	25.2029	40.7632	-4.913	-3.1751	-12.5887	-29.5456	-37.0427	-15.7575	20.4487	96.28	43.06	22.8140	11.57	4.72	-17.1704	13.54	5.53
16.335417	8.25	-11.702778	NA	-22.4568	-13.9279	162.7914	-41.037	0.0409	46.1142	26.8038	43.8418	10.4804	12.9592	8.7747	1.2301	3.2766	-11.7044	-8.7781	-41.9504	-19.6733	17.0821	82.80	37.03	24.8290	16.87	6.89	-12.9333	16.55	6.76
16.460417	8.375	-11.577778	NA	5.0087	-17.1574	161.9496	-29.1169	-48.5367	47.4685	-12.4765	70.3525	8.9545	13.1606	27.529	-10.4137	13.8763	-4.5614	-38.5693	-24.1588	-1.2518	14.4295	84.72	37.89	25.8314	29.55	12.06	-10.8464	18.38	7.50
16.585417	8.5	-11.452778	NA	-35.2113	-16.5961	171.3577	-36.0655	-28.1591	45.8898	-13.8093	66.8624	3.7008	18.5233	37.3012	-18.1371	4.2585	-10.008	-24.9305	-24.717	-4.1207	11.0651	89.94	40.22	26.4114	29.43	12.01	-12.9425	11.76	4.80
16.710417	8.625	-11.327778	NA	-44.0054	-21.4451	160.6052	-38.7941	-41.2231	34.9359	17.9038	66.7267	-7.1544	15.3551	28.8697	-11.5718	-3.3432	-4.698	-6.7402	-36.2529	-2.9554	3.0275	88.53	39.59	26.1061	24.60	10.04	-10.9269	12.80	5.23
16.835417	8.75	-11.202778	NA	-23.0997	-26.7699	131.742	-32.2224	-7.1405	35.5511	1.0989	73.6375	-0.3147	10.2717	30.3684	-6.0202	1.2471	-3.4129	-9.611	-40.9662	-7.111	8.5019	69.52	31.09	25.1022	28.05	11.45	-10.9790	15.15	6.18
16.960417	8.875	-11.077778	NA	-25.5621	-34.4513	125.2117	-8.9395	-0.6975	51.2517	43.7873	61.9531	18.2134	3.2763	21.2152	-6.0221	4.5678	-5.7315	-12.7266	-38.6075	-14.3865	11.1123	65.16	29.14	33.2828	22.49	9.18	-12.1511	14.58	5.95
17.085417	9	-10.952778	NA	2.3362	-21.9889	115.8217	-27.4035	-9.8462	31.7521	35.7161	83.5161	15.0317	38.1737	17.2961	10.0854	3.2775	-13.5955	-39.5201	-17.7271	-14.9203	11.7839	59.28	26.51	36.9143	24.76	10.11	-12.0667	17.45	7.12
17.210417	9.125	-10.827778	NA	-38.4096	-1.055	102.4406	-14.6641	3.3847	36.349	18.05	93.7115	7.2366	17.628	11.5794	-6.8067	16.3176	-0.325	-18.5606	0.0131	-37.0293	10.3393	54.00	24.15	30.7591	32.40	13.23	-7.7318	18.27	7.46
17.335417	9.25	-10.702778	NA	-20.4254	2.5382	107.1031	-19.2142	-27.0353	62.3735	13.9744	71.7287	-1.4038	31.8359	5.6349	-24.095	11.6856	1.9988	-6.4829	-18.902	-33.3364	8.5933	56.18	25.13	30.6906	30.42	12.42	-11.5220	16.94	6.92
17.460417	9.375	-10.577778	NA	-26.0112	22.4547	98.6926	-24.5948	-12.1235	27.084	-5.9038	80.6841	11.9324	33.0121	8.1058	5.9352	1.5925	-7.1275	-20.4311	-28.4354	-4.0461	11.6836	52.42	23.44	25.8191	30.25	12.35	-8.7521	13.20	5.39
17.585417	9.5	-10.452778	NA	-14.8651	0.7519	113.5522	-11.3001	-3.0461	33.561	20.4575	107.9987	11.6078	26.3984	33.2431	7.2187	9.7385	-0.6593	-26.9068	-17.2168	-9.5572	17.0186	54.32	24.29	38.8777	34.86	14.23	-6.2305	14.33	5.85
17.710417	9.625	-10.327778	NA	-3.4285	1.4822	113.796	-26.2369	-15.5757	7.3302	21.9417	85.7593	16.6731	21.8068	9.4608	5.0782	14.8059	3.1953	-8.1608	-5.5255	-19.1275	14.0074	56.82	25.41	27.1620	29.35	11.98	-1.6224	11.85	4.84
17.835417	9.75	-10.202778	NA	-9.1756	-12.3966	133.2878	-24.5457	-37.0731	12.6122	20.3988	81.2623	35.3715	18.5636	-11.4206	-5.2447	14.0417	-2.2287	-25.3356	-11.0191	-0.8447	10.0194	69.78	31.21	26.1313	31.01	12.66	-5.1052	12.94	5.28
17.960417	9.875	-10.077778	NA	-25.6579	-15.5857	128.9068	-22.0646	-28.3127	17.8942	7.4154	95.6447	1.1976	15.4944	-0.5681	-15.5676	16.8434	-12.6536	-42.5104	-29.0286	13.1803	7.4572	68.06	30.44	22.8464	36.42	14.87	-11.6227	23.23	9.49
18.085417	10	-9.952778	NA	-26.3842	-5.8124	144.5015	-18.6648	-21.8825	43.0855	23.7296	101.9344	11.3211	14.3783	22.4937	-14.2787	18.3833	-28.1088	-59.6852	-40.9144	8.3623	14.3515	73.16	32.72	36.1571	34.08	13.91	-19.3736	29.62	12.09
18.210417	10.125	-9.827778	NA	-21.3823	-24.4431	99.5937	-9.3569	-28.8961	35.4766	23.2894	90.7611	1.248	4.9231	3.6338	-26.6483	13.6599	-29.8152	-8.1386	-28.7842	25.6909	3.1031	54.42	24.34	26.5553	34.19	13.96	-9.0059	23.89	9.75
18.335417	10.25	-9.702778	NA	-17.5779	-3.9754	100.4955	-12.5967	-18.3373	49.0816	27.0783	89.1458	7.9688	11.3368	-5.5847	-7.601	32.9857	-28.2437	-24.6431	-10.7567	5.6059	9.6016	51.13	22.87	29.8378	34.56	14.11	-5.4421	22.45	9.17
18.460417	10.375	-9.577778	NA	-10.4993	-14.4434	103.9789	-18.178	-18.374	49.2451	25.0455	104.9725	46.0884	32.5604	23.2196	-2.8982	41.5424	-18.4048	22.5264	1.8106	14.2323	8.4968	53.47	23.91	46.8552	30.41	12.41	9.8014	21.02	8.58
18.585417	10.5	-9.452778	NA	-34.2043	-18.6289	94.4893	-6.34	-14.5768	44.817	4.6549	112.2805	22.3412	8.1636	30.054	6.7576	19.6971	3.6713	-14.9614	4.4353	-20.7056	4.1479	51.51	23.03	37.0519	39.67	16.20	-0.1843	14.96	6.11
18.710417	10.625	-9.327778	NA	-39.1278	6.181	86.1897	4.4825	-31.8635	40.1491	-3.6473	112.3696	6.4506	-0.8276	18.4381	6.6739	13.3985	1.3562	-24.9991	-2.1396	-1.604	5.1724	49.75	22.25	28.8221	43.93	17.94	-1.2190	13.03	5.32
18.835417	10.75	-9.202778	NA	-18.3072	3.7308	106.4083	-8.1173	-25.0153	45.6356	-3.265	112.0737	-8.1921	28.989	28.8568	6.3662	28.3993	-1.7285	-23.6762	-17.248	-4.3488	11.7399	54.02	24.16	34.0163	43.48	17.75	-2.0393	18.45	7.53
18.960417	10.875	-9.077778	NA	-6.9033	2.5118	79.495	-3.7206	-8.5781	46.5513	13.0039	107.1519	-22.8349	12.2609	42.6672	10.0589	34.2696	-11.4316	-34.8423	-27.3385	-8.686	12.5610	37.66	16.84	33.1334	44.10	18.00	-6.3283	25.31	10.33
19.085417	11	-8.952778	NA	-7.7066	-2.537	104.1132	-3.9435	-14.6434	46.3441	30.6197	72.1596	30.6439	1.0649	46.1297	14.6161	39.7993	-6.8101	-32.978	-22.9052	-16.0848	15.0565	50.00	22.36	37.8270	23.56	9.62	-4.0605	26.89	10.98
19.210417	11.125	-8.827778	NA	-3.8038	-5.8357	111.194	-10.6338	6.3617	46.1369	44.3142	69.2394	27.6097	25.0366	49.5921	18.7573	40.5266	0.757	0.4617	8.296	3.9477	19.4565	51.66	23.10	43.6548	16.13	6.58	12.1244	15.48	6.32
19.335417	11.25	-8.702778	NA	5.1867	2.6002	96.4446	-26.027	-10.8154	45.9297	27.3252	77.0953	29.9441	22.2773	49.4317	8.2593	23.4746	19.2608	-23.1981	-1.9361	-12.0338	13.4778	48.01	21.47	42.0005	20.26	8.27	2.3044	18.14	7.41
19.460417	11.375	-8.577778	NA	-2.7244	24.2328	119.5247	-40.4778	-20.9146	50.7825	14.6793	97.9779	13.9007	11.5266	45.8823	-1.9746	5.5035	4.7087	-28.7477	2.8461	-21.1427	15.9281	62.63	28.01	39.1249	33.59	13.71	-6.4678	14.74	6.02
19.585417	11.5	-8.452778	NA	-21.1416	14.2986	67.9161	-49.3011	-2.2335	48.3752	21.1559	101.7075	18.8345	-8.9912	25.5871	13.1197	26.3678	10.8243	4.8144	-15.391	5.9237	1.9077	43.82	19.60	34.4448	37.69	15.39	7.6098	13.65	5.57
19.710417	11.625	-8.327778	NA	-24.8452	0.8709	82.3023	-30.6808	-2.0268	44.5476	16.5713	106.9957	15.9834	6.5811	30.6194	-2.7359	-5.7466	7.1226	-13.1446	-5.2541	11.9835	5.1241	45.29	20.26	36.8831	36.83	15.03	-1.2959	9.22	3.76
19.835417	11.75	-8.202778	NA	-19.4026	3.7605	112.1051	20.5379	-5.2025	42.6768	3.7437	94.0419	8.8125	27.4279	33.7042	-1.2391	29.1072	22.6204	-15.4369	1.8397	-10.2399	22.3597	52.22	23.35	35.0678	32.45	13.25	4.4419	17.82	7.28
19.960417	11.875	-8.077778	NA	-20.5998	6.9583	121.7862	10.4862	-7.015	41.1507	18.4454	83.851	1.3304	7.1536	14.7145	-9.0136	21.7797	2.3386	-24.0275	6.7275	-18.9895	22.3232	56.95	25.47	27.7743	30.68	12.52	-3.5308	17.14	7.00
20.085417	12	-7.952778	NA	-16.6812	-3.087	82.3676	-5.3992	-10.4251	41.6371	37.2578	81.0315	3.9701	8.0921	5.8457	-20.1278	0.3586	20.4256	-7.6273	-19.1334	-8.4566	9.3550	41.15	18.40	29.6390	30.11	12.29	-5.7602	14.96	6.11
20.210417	12.125	-7.827778	NA	-12.4499	16.2491	96.7119	-10.9912	-10.7071	42.4786	18.233	94.2179	28.4803	32.5084	4.7387	-24.748	21.7663	30.1172	-25.0022	-30.3209	6.7608	15.7626	46.81	20.93	36.7762	30.95	12.64	-3.5711	26.48	10.81
20.335417	12.25	-7.702778	NA	-13.4703	1.869	81.6671	-17.6174	-8.053	43.3633	15.3268	100.3428	29.7924	30.9911	29.7774	-1.265	54.5511	1.0926	-16.9725	8.3861	1.5054	8.8791	41.34	18.49	41.5990	30.12	12.30	7.8830	24.36	9.94
20.460417	12.375	-7.577778	NA	-15.6559	-5.2649	111.3752	-24.685	-5.8864	38.9672	24.6402	90.7667	40.3947	4.1739	37.322	-11.298	22.2096	6.9399	-8.5115	20.3003	12.4386	11.9766	56.13	25.10	39.3775	28.65	11.69	7.0131	14.24	5.81
20.585417	12.5	-7.452778	NA	-13.8962	9.9133	107.7741	-41.7746	-21.9005	52.5536	35.2187	73.4291	45.817	17.8767	22.9258	-20.4402	1.6634	5.1212	0.5582	-14.623	-15.5404	8.0232	58.76	26.28	41.3035	20.51	8.37	-7.2101	10.87	4.44
20.710417	12.625	-7.327778	NA	-2.7355	22.7998	99.3109	-21.0078	9.782	50.7928	28.2591	66.3313	43.3554	42.4119	20.0893	-22.1654	4.0812	3.8017	18.7883	-5.715	-8.1758	21.6299	46.33	20.72	41.8733	16.37	6.68	-1.5642	13.86	5.66
20.835417	12.75	-7.202778	NA	-3.8714	16.7644	90.6908	-17.9211	1.1372	50.0554	25.6105	100.3932	40.2287	46.5077	21.4938	-23.8134	28.5481	4.0228	-23.5111	21.7943	17.2152	17.3600	42.83	19.15	47.3815	28.33	11.57	4.0427	22.91	9.35
20.960417	12.875	-7.077778	NA	-15.3361	-2.6744	106.7287	-17.3037	-35.6813	40.9971	26.1317	97.6054	24.104	45.7223	21.6257	-25.4615	-1.4981	-13.4367	-31.768	-27.0361	-22.5561	7.1466	56.90	25.45	42.6977	28.60	11.68	-20.2928	11.04	4.51
21.085417	13	-6.952778	NA	-19.2777	-2.7842	106.3347	-17.8056	-34.2858	39.3542	25.5801	94.8176	22.1824	44.9368	20.5671	-25.8147	0.9635	-11.4406	-30.779	-25.5778	-21.9722	6.4363	56.95	25.47	41.2397	28.01	11.44	-19.1035	11.77	4.81
21.210417	13.125	-6.827778	NA	-18.5429	-2.8939	105.0077	-18.3076	-32.8903	39.3029	25.8768	92.0299	21.6594	44.1514	19.5086	-25.6561	3.4251	-9.4445	-30.1368	-24.1195	-21.3883	6.4746	56.09	25.09	40.4215	27.13	11.07	-17.8867	12.55	5.12
21.335417	13.25	-6.702778	NA	-17.808	-3.0037	103.6807	-18.8095	-31.4948	39.2515	26.1735	89.2421	21.1363	43.3659	18.45	-25.4975	5.8867	-7.4485	-29.4945	-22.6611	-20.8044	6.5129	55.25	24.71	39.6032	26.26	10.72	-16.6699	13.34	5.44
21.460417	13.375	-6.577778	NA	-17.0731	-3.1134	102.3537	-19.3115	-30.0993	39.2002	26.4702	86.4543	20.6133	42.5805	17.3915	-25.3389	8.3483	-5.4524	-28.8523	-21.2028	-20.2204	6.5513	54.41	24.33	38.7850	25.40	10.37	-15.4531	14.14	5.77
21.585417	13.5	-6.452778	NA	-16.3383	-3.2232	101.0267	-19.8134	-28.7038	39.1488	26.7669	83.6665	20.0903	41.795	16.3329	-25.1802	10.8098	-3.4563	-28.2101	-19.7445	-19.6365	6.5896	53.58	23.96	37.9667	24.57	10.03	-14.2363	14.95	6.10
21.710417	13.625	-6.327778	NA	-15.6034	-3.3329	99.6997	-20.3154	-27.3083	39.0974	27.0636	80.8788	19.5672	41.0096	15.2744	-25.0216	13.2714	-1.4603	-27.5678	-18.2861	-19.0526	6.6279	52.76	23.59	37.1485	23.75	9.70	-13.0195	15.78	6.44
21.835417	13.75	-6.202778	NA	-14.8686	-3.4427	98.3727	-20.8174	-25.9128	39.0461	27.3603	78.091	19.0442	40.2241	14.2158	-24.863	15.733	0.5358	-26.9256	-16.8278	-18.4687	6.6662	51.94	23.23	36.3302	22.96	9.37	-11.8027	16.61	6.78
21.960417	13.875	-6.077778	NA	-14.1337	-3.5524	97.0457	-21.3193	-24.5173	38.9947	27.6569	75.3032	18.5211	39.4386	13.1573	-24.7044	18.1946	2.5319	-26.2834	-15.3695	-17.8848	6.7046	51.14	22.87	35.5120	22.19	9.06	-10.5859	17.45	7.12
22.085417	14	-5.952778	NA	-13.3988	-3.6622	95.7187	-21.8213	-23.1218	38.9433	27.9536	72.5154	17.9981	38.6532	12.0987	-24.5457	20.6562	4.5279	-25.6411	-13.9111	-17.3008	6.7429	50.34	22.51	34.6937	21.44	8.75	-9.3691	18.29	7.47
22.210417	14.125	-5.827778	NA	-12.664	-3.7719	94.3917	-22.3232	-21.7263	38.892	28.2503	69.7277	17.475	37.8677	11.0402	-24.3871	23.1178	6.524	-24.9989	-12.4528	-16.7169	6.7813	49.56	22.16	33.8755	20.73	8.46	-8.1523	19.14	7.82
22.335417	14.25	-5.702778	NA	-11.9291	-3.8817	93.0647	-22.8252	-20.3308	38.8406	28.547	66.9399	16.952	37.0823	9.9816	-24.2285	25.5794	8.5201	-24.3567	-10.9945	-16.133	6.8196	48.79	21.82	33.0572	20.05	8.19	-6.9355	20.00	8.16
22.460417	14.375	-5.577778	NA	-11.1943	-3.9914	91.7377	-23.3271	-18.9353	38.7892	28.8437	64.1521	16.4289	36.2968	8.9231	-24.0699	28.041	10.5161	-23.7144	-9.5361	-15.5491	6.8579	48.02	21.48	32.2390	19.41	7.92	-5.7187	20.86	8.51
22.585417	14.5	-5.452778	NA	-10.4594	-4.1012	90.4107	-23.8291	-17.5398	38.7379	29.1404	61.3643	15.9059	35.5114	7.8645	-23.9112	30.5026	12.5122	-23.0722	-8.0778	-14.9652	6.8962	47.27	21.14	31.4207	18.80	7.68	-4.5019	21.72	8.87
22.710417	14.625	-5.327778	NA	-9.7245	-4.2109	89.0837	-24.3311	-16.1442	38.6865	29.437	58.5766	15.3828	34.7259	6.806	-23.7526	32.9642	14.5083	-22.43	-6.6195	-14.3813	6.9346	46.53	20.81	30.6025	18.24	7.45	-3.2852	22.58	9.22
22.835417	14.75	-5.202778	NA	-8.9897	-4.3207	87.7567	-24.833	-14.7487	38.6352	29.7337	55.7888	14.8598	33.9405	5.7475	-23.594	35.4258	16.5043	-21.7877	-5.1611	-13.7973	6.9729	45.80	20.48	29.7843	17.73	7.24	-2.0683	23.45	9.57
22.960417	14.875	-5.077778	NA	-8.2548	-4.4304	86.4297	-25.335	-13.3532	38.5838	30.0304	53.001	14.3367	33.155	4.6889	-23.4354	37.8874	18.5004	-21.1455	-3.7028	-13.2134	7.0113	45.09	20.16	28.9660	17.28	7.05	-0.8516	24.32	9.93
23.085417	15	-4.952778	NA	-7.52	-4.5402	85.1027	-25.8369	-11.9577	38.5324	30.3271	50.2132	13.8137	32.3696	3.6304	-23.2768	40.3489	20.4965	-20.5033	-2.2445	-12.6295	7.0496	44.39	19.85	28.1477	16.88	6.89	0.3652	25.20	10.29
23.210417	15.125	-4.827778	NA	-6.7851	-4.6499	83.7757	-26.3389	-10.5622	38.4811	30.6238	47.4254	13.2907	31.5841	2.5718	-23.1181	42.8105	22.4925	-19.861	-0.7861	-12.0456	7.0879	43.70	19.54	27.3295	16.54	6.75	1.5820	26.07	10.64
23.335417	15.25	-4.702778	NA	-6.0502	-4.7597	82.4487	-26.8408	-9.1667	38.4297	30.9205	44.6377	12.7676	30.7986	1.5133	-22.9595	45.2721	24.4886	-19.2188	0.6722	-11.4617	7.1263	43.03	19.25	26.5112	16.26	6.64	2.7988	26.95	11.00
23.460417	15.375	-4.577778	NA	-5.3154	-4.8694	81.1217	-27.3428	-7.7712	38.3783	31.2172	41.8499	12.2446	30.0132	0.4547	-22.8009	47.7337	26.4847	-18.5766	2.1305	-10.8777	7.1646	42.38	18.95	25.6930	16.06	6.55	4.0156	27.82	11.36
23.585417	15.5	-4.452778	NA	-4.5805	-4.9792	79.7947	-27.8448	-6.3757	38.327	31.5138	39.0621	11.7215	29.2277	-0.6038	-22.6423	50.1953	28.4807	-17.9343	3.5889	-10.2938	7.2029	41.74	18.67	24.8747	15.92	6.50	5.2324	28.70	11.72
23.710417	15.625	-4.327778	NA	-4.5587	-0.1153	78.4677	-39.569	-7.6521	52.8288	20.8096	53.1785	32.6185	39.6678	23.4547	-5.7337	46.8125	28.054	-3.2235	3.6447	-9.7099	5.3145	43.76	19.57	37.0930	14.03	5.73	9.9740	22.51	9.19
23.835417	15.75	-4.202778	NA	-17.6204	-9.2791	77.5573	-40.3661	-10.778	68.6535	0.3205	71.007	21.1836	25.2778	25.6802	-13.0497	16.6972	12.0664	-19.903	-14.3731	-10.5283	-0.0973	45.16	20.20	35.3538	28.30	11.55	-4.8484	15.28	6.24
23.960417	15.875	-4.077778	NA	-19.8469	-25.7233	101.2253	-26.5224	-7.9551	80.6665	13.6931	55.6705	18.4883	14.9644	15.3344	-8.1109	-10.5082	-17.3986	-23.4448	-49.1441	-14.0693	4.2355	54.72	24.47	33.1362	28.31	11.56	-20.4460	15.06	6.15
24.085417	16	-3.952778	NA	-14.3137	-11.2191	123.0394	-23.2222	-1.3613	92.3329	41.3023	47.7478	16.0984	39.3835	16.3016	2.4252	-10.8831	-27.8333	-24.6715	-33.3559	-9.1237	14.5846	61.13	27.34	42.1944	27.95	11.41	-17.2404	13.57	5.54
24.210417	16.125	-3.827778	NA	0.0886	-0.9001	122.9624	-28.5301	-13.525	75.7589	13.3352	38.5397	16.0055	62.5308	13.1712	-11.3296	-9.6547	-9.3299	-44.7814	-24.4876	-9.5726	16.0192	60.90	27.23	36.5569	27.29	11.14	-18.1926	14.28	5.83
24.335417	16.25	-3.702778	NA	17.4471	3.2685	105.9436	-38.1519	-20.2782	67.4525	11.6874	50.4264	7.3811	66.6702	16.642	-5.6462	0.6187	29.3646	-21.3748	-21.205	-25.2472	13.6458	55.85	24.97	36.7099	28.00	11.43	-7.2483	20.61	8.41
24.460417	16.375	-3.577778	NA	-13.6095	0.4798	89.3092	-21.2979	-15.5222	44.8585	38.4268	80.892	20.398	57.8814	19.3412	14.5514	16.1606	21.1914	-22.6796	-8.4872	-34.1331	7.8719	46.22	20.67	43.6330	23.45	9.57	-2.2327	22.99	9.39
24.585417	16.5	-3.452778	NA	-32.8517	-3.892	126.2134	-10.665	-18.1243	72.4751	44.8141	81.1702	12.3527	71.2566	38.24	-9.0341	11.2855	7.0028	-35.631	-7.4488	-24.4441	12.1361	64.67	28.92	53.3848	26.24	10.71	-9.7116	17.97	7.34
24.710417	16.625	-3.327778	NA	-42.7764	5.5092	113.3546	-25.2371	-21.4063	100.9467	12.923	66.9434	-10.8337	69.6882	44.7185	8.4487	5.2744	13.1665	-0.473	-15.0077	-22.0875	5.8888	62.51	27.96	47.3977	40.82	16.67	-1.7798	13.91	5.68
24.835417	16.75	-3.202778	NA	-28.5444	4.8998	86.8981	-37.5707	-12.9546	81.72	9.1709	66.18	-30.3174	46.1379	38.9514	-2.8207	-7.25	8.2008	6.6149	-24.2401	-1.4969	2.5456	49.84	22.29	35.3071	40.56	16.56	-3.4987	11.73	4.79
24.960417	16.875	-3.077778	NA	-4.3427	-7.5733	133.3486	-36.0064	-16.6529	81.2452	6.1559	71.6756	18.6913	27.5547	33.1844	-13.0054	13.4695	-12.1425	-47.382	-22.6493	-19.0753	13.7547	67.98	30.40	39.7512	30.02	12.25	-16.7975	19.63	8.01
25.085417	17	-2.952778	NA	4.6915	-11.3306	107.8608	-25.6921	-60.6851	92.4909	3.1518	76.0818	31.3717	45.6051	49.389	7.4257	2.6542	8.4813	-31.6852	-0.331	-11.0879	2.9689	63.41	28.36	49.6817	31.77	12.97	-4.0905	15.24	6.22
25.210417	17.125	-2.827778	NA	-0.5352	-18.1508	82.9058	-17.1049	-59.819	79.0068	-22.7859	49.8765	21.9696	38.198	14.7097	-20.1327	-18.8374	-6.5728	-16.1456	-4.9266	-15.9191	-2.5408	52.54	23.50	30.1624	34.49	14.08	-13.7557	6.43	2.62
25.335417	17.25	-2.702778	NA	-43.6907	-26.7172	87.188	-18.3091	-31.1541	57.5584	14.1433	30.0511	-26.2002	42.2956	-2.6639	-5.7404	-22.0089	8.086	-1.3263	-38.6459	-37.8049	-6.5366	53.19	23.79	19.1974	30.62	12.50	-16.2401	19.62	8.01
25.460417	17.375	-2.577778	NA	-43.6995	-21.744	109.3498	-19.6418	-22.1237	80.7209	-0.5315	40.5638	-0.5015	54.2032	18.722	1.8455	-22.1635	5.1545	-25.6925	-26.6339	-12.8653	0.4282	61.67	27.58	32.1962	32.34	13.20	-13.3925	14.00	5.72
25.585417	17.5	-2.452778	NA	3.7002	-14.7582	118.3504	-19.2957	-18.4012	61.1019	-1.537	49.9956	26.3179	49.6687	31.4814	6.6319	-11.5372	5.9296	16.6015	-19.511	-7.5082	13.9191	59.12	26.44	36.1714	22.52	9.19	-1.5656	13.49	5.51
25.710417	17.625	-2.327778	NA	5.727	-16.8419	127.782	-19.7426	-45.0735	92.2073	6.6548	47.9969	8.1186	33.0233	36.3318	15.4128	-0.7054	3.4391	-29.4982	-22.6183	-3.1461	10.3702	68.06	30.44	37.3888	31.43	12.83	-6.1860	16.80	6.86
25.835417	17.75	-2.202778	NA	5.0645	-13.93	116.8569	-12.1292	3.5926	88.5229	7.1811	32.1238	29.067	35.9037	44.6555	14.9172	0.6723	16.7308	0.3418	-12.2914	-7.4132	19.8910	54.90	24.55	39.5757	27.02	11.03	2.1596	11.67	4.76
25.960417	17.875	-2.077778	NA	-4.9584	-5.078	106.729	-12.4734	6.8261	84.6896	17.3323	29.5296	19.3543	28.9858	37.1875	-19.2973	11.5543	8.8868	-25.7944	-8.4121	-22.1975	18.2091	49.96	22.34	36.1799	24.85	10.15	-9.2100	16.15	6.59
26.085417	18	-1.952778	NA	-9.4017	10.2651	103.9398	-22.2606	-15.7486	74.9477	27.6241	30.2703	23.4601	47.1483	16.638	-10.976	0.8853	1.7134	-12.3298	-3.617	-1.5992	13.3588	52.08	23.29	36.6814	21.32	8.71	-4.3205	6.00	2.45
26.210417	18.125	-1.827778	NA	-10.3647	-0.2348	88.1057	-32.2272	0.1538	94.4821	6.9159	42.861	21.2235	64.6677	21.5293	18.5659	-9.3446	4.9384	-22.0753	9.0383	15.0135	9.0866	46.09	20.61	41.9466	32.71	13.35	2.6894	15.54	6.34
26.335417	18.25	-1.702778	NA	-17.9103	-14.756	101.4739	-30.466	-0.6251	114.5144	-3.3311	33.9074	22.3629	54.1972	22.1794	16.5994	-6.5278	-19.8854	-22.1394	18.2984	-21.2609	7.5433	53.57	23.96	40.6384	40.73	16.63	-5.8193	18.91	7.72
26.460417	18.375	-1.577778	NA	4.9579	-14.7321	106.7468	-17.2928	-15.9418	100.632	22.6049	37.0197	24.9074	41.156	23.5972	8.6766	15.8515	-10.5197	-56.6003	8.9094	-12.9771	12.7476	53.33	23.85	41.6529	29.90	12.21	-7.7766	26.55	10.84
26.585417	18.5	-1.452778	NA	-11.6369	-20.3592	72.8133	-4.1253	-29.2443	86.1749	16.2797	52.7919	21.2656	35.7762	15.5195	7.1856	27.0716	13.4268	-23.4264	9.6221	-25.3049	1.4895	40.97	18.32	37.9680	27.57	11.26	1.4291	21.14	8.63
26.710417	18.625	-1.327778	NA	-12.5617	-2.6953	115.4192	-14.4451	-12.1189	75.66	11.5127	48.505	2.0749	45.8256	32.4149	-2.826	5.5844	2.5827	-25.3513	2.6756	-8.6895	14.7196	56.48	25.26	35.9988	26.79	10.94	-4.3373	11.47	4.68
26.835417	18.75	-1.202778	NA	7.6667	0.3175	105.0639	7.7884	9.6796	114.4089	15.6375	42.3505	34.8735	62.9871	39.3374	-1.0701	-2.1819	29.1728	-3.8353	4.5522	0.5828	26.1032	44.29	19.81	51.5992	34.30	14.00	4.5367	12.40	5.06
26.960417	18.875	-1.077778	NA	5.403	-19.125	98.2323	-5.6104	1.1488	77.7018	-1.5181	49.0199	5.0204	47.8668	31.1743	1.9342	13.0088	22.5538	-13.8662	-9.2973	-3.6148	16.0097	46.89	20.97	34.8775	29.77	12.16	1.7864	13.82	5.64
27.085417	19	-0.952778	NA	17.1991	-18.0847	125.4444	-29.6992	-23.7408	66.1462	1.0209	37.5305	22.8417	9.6884	22.9424	-8.2319	-1.8695	1.95	-25.6279	-38.9515	-11.2397	14.2238	64.79	28.98	26.6950	23.03	9.40	-13.9951	15.49	6.33
27.210417	19.125	-0.827778	NA	-6.331	-5.7531	101.3977	-24.8139	-31.0797	83.8217	19.9487	34.605	20.8609	9.1508	14.6937	-3.3324	-12.293	-27.469	-13.4745	-36.5951	-14.1988	6.6840	54.11	24.20	30.5135	27.46	11.21	-17.8938	11.98	4.89
27.335417	19.25	-0.702778	NA	-13.707	10.841	85.909	-23.6727	-23.4044	61.1756	19.3189	42.1466	12.6515	28.4754	13.3781	2.0536	-25.2075	-22.3065	-15.8282	-29.4074	-26.0616	7.1932	46.19	20.66	29.5244	19.04	7.77	-19.4596	11.49	4.69
27.460417	19.375	-0.577778	NA	-3.9247	7.6992	87.8591	-16.6078	-30.4147	65.066	27.7488	48.6729	-7.2911	30.8905	9.2944	-5.7463	3.8143	7.1124	-9.7956	-19.458	-11.5515	8.9222	46.36	20.73	29.0636	26.07	10.64	-5.9375	9.95	4.06
27.585417	19.5	-0.452778	NA	-8.5114	-5.5837	82.2382	-26.9185	-21.0606	43.2702	27.7255	38.8499	19.5714	56.0015	12.381	-15.7928	2.4418	10.9212	-53.9958	-14.4938	12.1615	4.0328	44.59	19.94	32.9666	16.14	6.59	-9.7930	24.79	10.12
27.710417	19.625	-0.327778	NA	-6.6627	-6.3956	87.0127	-33.2891	-10.9362	23.6737	50.2467	23.2913	15.9037	61.3366	16.5053	-24.0886	13.9561	11.1231	-15.4817	-14.4938	-0.036	5.9458	46.66	20.87	31.8262	19.17	7.83	-4.8368	15.54	6.35
27.835417	19.75	-0.202778	NA	-5.2002	-6.3956	87.0127	-29.5996	-9.28	23.3479	56.687	23.2913	15.9037	51.0435	17.0616	-25.2866	13.9561	11.1231	-13.3314	-14.4938	-0.036	7.3075	45.65	20.41	31.2225	17.90	7.31	-4.6781	15.58	6.36
27.960417	19.875	-0.077778	NA	-5.2002	-6.3956	87.0127	-29.5996	-9.28	23.3479	56.687	23.2913	15.9037	51.0435	17.0616	-25.2866	13.9561	11.1231	-13.3314	-14.4938	-0.036	7.3075	45.65	20.41	31.2225	17.90	7.31	-4.6781	15.58	6.36
28.038194	19.952778	0	NA	-5.2002	-6.3956	87.0127	-29.5996	-9.28	23.3479	56.687	23.2913	15.9037	51.0435	17.0616	-25.2866	13.9561	11.1231	-13.3314	-14.4938	-0.036	7.3075	45.65	20.41	31.2225	17.90	7.31	-4.6781	15.58	6.36
28.163194	20.077778	0.125	NA	487.6808	176.275	1762.269	97.568	200.2908	1531.1761	3163.7306	393.2553	720.6894	1314.6586	1253.7831	-5.822	165.6587	113.5886	174.0185	59.5567	29.8221	544.8167	696.42	311.45	1396.2155	962.45	392.92	89.4704	73.58	30.04
28.288194	20.202778	0.25	NA	750.7614	356.2133	2066.8937	200.0552	301.5319	3039.0097	4654.5409	763.2206	809.7754	2383.7843	2135.5667	13.6427	317.3619	216.0545	209.8397	133.6074	59.6804	735.0911	773.26	345.81	2297.6496	1463.32	597.40	158.3644	111.85	45.66
28.413194	20.327778	0.375	NA	460.0755	48.0895	1671.6683	1.7559	41.9352	2982.5484	2769.052	408.5098	592.1154	1838.4579	1398.5817	33.1074	218.892	318.5204	94.8437	207.6582	89.5386	444.7049	710.88	317.92	1664.8775	1075.71	439.16	160.4267	106.00	43.27
28.538194	20.452778	0.5	NA	349.6746	2.5072	1407.697	11.3467	13.4743	1775.7442	1809.1941	240.9652	489.2415	1581.2539	1084.4389	52.5721	119.4283	193.1681	54.3343	118.2682	119.3968	356.9400	605.63	270.85	1163.4730	675.02	275.57	109.5280	52.07	21.26
28.663194	20.577778	0.625	NA	288.0221	-5.2793	1213.9187	4.0515	14.1313	1069.6813	1418.7028	141.4717	368.4998	1339.6462	786.287	72.0368	78.3212	149.241	47.6273	105.1728	127.7045	302.9689	523.89	234.29	854.0481	519.47	212.07	96.6839	37.81	15.44
28.788194	20.702778	0.75	NA	239.3527	1.1185	1063.5038	-4.0419	10.9364	680.3875	1028.2115	95.3765	284.2685	1051.962	526.0006	91.5015	64.223	105.1867	31.4588	102.4049	132.6063	262.1739	459.56	205.52	611.0344	388.12	158.45	87.8969	35.40	14.45
28.913194	20.827778	0.875	NA	225.3939	-2.1771	913.0889	-22.3884	-7.1457	477.0457	637.7202	96.1812	237.318	855.5437	443.5284	110.9662	54.8824	77.7814	37.5527	104.3834	137.9417	221.3543	400.03	178.90	457.8895	272.22	111.13	87.2513	37.50	15.31
29.038194	20.952778	1	NA	200.6611	-5.4728	764.2421	-30.9952	-7.426	345.4285	409.1829	98.2839	195.3188	693.1434	377.4487	99.07	45.5419	52.2333	48.2107	105.8419	143.2427	184.2018	337.54	150.95	353.1344	204.57	83.52	82.3568	39.92	16.30
29.163194	21.077778	1.125	NA	161.5247	-8.7684	665.0179	-16.166	-4.4583	299.0459	337.5867	92.2646	146.2029	608.9819	339.0165	69.9359	71.4607	30.3203	25.5515	91.3999	142.2231	159.4300	292.24	130.69	303.8498	181.73	74.19	71.8152	42.91	17.52
29.288194	21.202778	1.25	NA	148.9832	-8.392	552.5477	-8.2958	-13.1595	257.378	289.0197	63.087	123.5344	529.5408	310.7988	78.8026	54.0623	37.7511	16.8863	91.4349	114.6043	134.3367	243.71	108.99	262.2264	163.37	66.70	65.5902	36.12	14.75
29.413194	21.327778	1.375	NA	162.9099	4.3177	475.8406	-5.3396	-6.1288	217.1957	250.1727	100.0352	107.1692	471.9966	285.1614	79.1723	69.1496	32.3552	27.6286	124.8267	159.1326	126.3200	208.13	93.08	238.6218	136.90	55.89	82.0442	51.73	21.12
29.538194	21.452778	1.5	NA	160.3209	7.4426	384.3885	-15.5211	-10.2402	205.9242	204.5788	91.1552	100.9813	433.4325	251.6812	70.3984	73.9728	25.0384	40.3861	132.9732	148.4087	105.2781	172.08	76.95	214.6255	124.57	50.85	81.8629	49.36	20.15
29.663194	21.577778	1.625	NA	163.7685	5.6133	362.4594	-21.5198	4.2237	205.1245	179.7372	96.2371	59.3412	364.9393	243.1339	86.2843	75.2254	31.7017	29.2377	143.2432	151.9718	102.9090	162.60	72.72	191.4189	109.19	44.58	86.2773	52.75	21.54
29.788194	21.702778	1.75	NA	178.6733	15.1446	347.7998	-16.3359	7.9125	202.6752	182.1232	96.7879	73.6424	327.5624	226.05	95.94	76.3851	19.1842	26.7094	177.6079	191.8265	106.6389	155.39	69.49	184.8068	92.21	37.64	97.9422	73.36	29.95
29.913194	21.827778	1.875	NA	185.4688	4.0149	344.2424	-11.1519	-4.1925	192.5299	197.9649	112.1135	73.0679	312.9761	204.5405	93.607	85.1879	43.9146	28.086	171.052	197.5407	103.6763	157.57	70.47	182.1988	83.40	34.05	103.2314	67.94	27.74
30.038194	21.952778	2	NA	157.6518	1.9204	277.4417	-1.6073	-18.0787	151.1886	162.247	71.0388	60.9347	259.8242	181.5982	60.4378	86.7201	42.2729	-12.3333	168.5525	203.2548	83.4656	129.74	58.02	147.8053	73.96	30.19	91.4841	80.77	32.97
30.163194	22.077778	2.125	NA	184.5837	-11.0298	259.1862	-2.5047	-12.8946	177.6425	146.0173	51.0334	85.596	248.2488	189.6764	55.9555	79.2726	38.8353	18.5644	173.007	208.9689	83.4682	129.14	57.75	149.7024	72.04	29.41	95.7673	77.25	31.54
30.288194	22.202778	2.25	NA	123.4647	-27.8902	256.4306	-11.1953	-12.9625	155.747	115.0699	68.6832	89.3343	240.97	170.6823	51.4771	82.6912	51.7494	14.697	180.3826	218.344	65.5695	123.06	55.03	140.0811	62.70	25.60	99.8902	80.90	33.03
30.413194	22.327778	2.375	NA	138.7619	-10.995	256.3729	-19.9793	-8.0161	149.9038	122.308	85.6362	71.6285	225.9838	143.3257	61.0401	80.7477	63.2922	12.4234	206.3885	234.4614	71.2289	122.68	54.86	133.1310	55.07	22.48	109.7255	89.15	36.39
30.538194	22.452778	2.5	NA	142.7314	13.1232	241.7399	6.0347	-0.7353	155.057	139.1538	89.4658	130.2158	205.413	156.083	70.3725	83.7707	74.702	19.9264	247.2064	248.1431	80.5788	107.88	48.25	145.8981	37.96	15.50	124.0202	98.33	40.14
30.663194	22.577778	2.625	NA	144.5814	-7.3019	222.6714	-7.475	6.7452	162.7383	149.5537	94.5931	115.019	190.5471	155.847	38.5963	94.5771	62.125	0.1788	264.9557	244.62	71.8442	105.87	47.35	144.7164	34.55	14.10	117.5088	110.89	45.27
30.788194	22.702778	2.75	NA	146.4314	-0.7073	233.5384	18.9251	-3.2481	179.5215	159.5042	98.012	112.528	189.3513	153.6718	45.3508	68.1417	61.3938	13.5025	270.893	243.7994	78.9879	106.25	47.52	148.7648	36.39	14.86	117.1802	110.53	45.12
30.913194	22.827778	2.875	NA	147.0587	4.6158	239.5977	14.5728	-5.8211	155.5508	132.59	95.9099	151.7283	215.2032	152.3498	52.1053	64.4947	88.3619	-5.2288	284.1546	263.9572	80.0048	108.74	48.63	150.5553	38.78	15.83	124.6408	119.93	48.96
31.038194	22.952778	3	NA	128.0142	-13.598	194.6038	-34.0513	-15.9725	133.0104	98.4895	94.4844	131.4089	173.882	140.2986	27.2111	71.3678	70.321	-20.3917	291.2038	267.7315	51.7992	103.01	46.07	128.5956	29.28	11.95	117.9072	129.82	53.00
31.163194	23.077778	3.125	NA	143.6322	-16.3832	178.9324	-34.1282	-7.8717	145.2136	117.0498	93.9474	134.0026	152.525	122.2413	60.2607	94.3007	38.0105	7.7932	283.2257	250.9123	52.8363	100.23	44.82	127.4966	21.19	8.65	122.4172	116.01	47.36
31.288194	23.202778	3.25	NA	107.0996	-20.5609	185.2602	-11.2946	5.1537	142.3269	131.1901	78.5731	97.4095	140.5855	103.5461	36.4684	88.0933	55.4076	20.2437	285.9701	247.2857	53.1316	89.80	40.16	115.6052	26.19	10.69	122.2448	114.75	46.85
31.413194	23.327778	3.375	NA	108.8013	-18.377	166.9879	-22.1357	-30.5885	139.4428	142.5051	70.0303	102.7788	148.6118	111.9915	23.0572	69.0028	65.6215	-13.5093	323.8856	232.183	40.9376	90.98	40.69	119.2267	30.19	12.33	116.7068	131.81	53.81
31.538194	23.452778	3.5	NA	99.9539	3.7887	184.546	-16.4864	-10.7084	137.1403	117.4678	77.4976	103.9748	175.7812	108.8442	72.1255	80.187	75.8355	12.2472	342.5178	239.608	52.2188	87.77	39.25	120.1176	33.46	13.66	137.0868	126.10	51.48
31.663194	23.577778	3.625	NA	131.5458	18.696	177.8766	-30.8239	-8.4228	146.693	154.5958	91.0156	76.6995	199.2975	96.132	71.3846	88.9389	76.2636	6.4687	345.4843	261.6813	57.7743	91.69	41.00	127.4056	47.23	19.28	141.7036	131.32	53.61
31.788194	23.702778	3.75	NA	135.6204	21.3637	149.8428	-44.8447	-10.8326	133.6552	158.9204	101.9141	103.9676	200.988	92.6915	52.8418	86.0198	71.3724	0.7325	374.0907	267.1726	50.2299	87.77	39.25	132.0228	41.77	17.05	142.0383	145.30	59.32
31.913194	23.827778	3.875	NA	130.3679	18.873	154.0456	-41.6038	-9.5041	133.6859	154.3943	99.9127	98.5086	191.4316	93.1203	51.87	83.1007	75.6762	2.5961	382.1331	264.1495	50.4357	86.87	38.85	128.5089	39.05	15.94	143.2543	146.97	60.00
32.038194	23.952778	4	NA	125.1154	16.3823	158.2484	-38.363	-8.1756	133.7166	149.8682	97.9114	93.0497	181.8751	93.5492	52.8608	80.1816	79.98	4.4597	390.1754	261.1264	50.6415	86.14	38.52	124.9950	36.53	14.91	144.7973	148.50	60.63
32.163194	24.077778	4.125	NA	119.8629	13.8915	162.4512	-35.1221	-6.8471	133.7473	145.342	95.91	87.5907	172.3186	93.978	53.8516	77.2625	84.2838	6.3233	398.2178	258.1033	50.8473	85.59	38.28	121.4811	34.24	13.98	146.3404	150.14	61.30
32.288194	24.202778	4.25	NA	114.6103	11.4008	166.654	-31.8813	-5.5186	133.778	140.8159	93.9087	82.1318	162.7622	94.4069	54.8424	74.3434	88.5877	8.1869	406.2602	255.0802	51.0530	85.23	38.11	117.9672	32.24	13.16	147.8835	151.89	62.01
32.413194	24.327778	4.375	NA	109.3578	8.9101	170.8568	-28.6404	-4.1901	133.8087	136.2898	91.9073	76.6728	153.2057	94.8357	55.8332	71.4243	92.8915	10.0505	414.3025	252.057	51.2588	85.05	38.03	114.4533	30.57	12.48	149.4265	153.73	62.76
32.538194	24.452778	4.5	NA	104.1053	6.4194	175.0596	-25.3996	-2.8616	133.8393	131.7637	89.9059	71.2138	143.6492	95.2646	56.824	68.5052	97.1953	11.9141	422.3449	249.0339	51.4646	85.05	38.04	110.9394	29.31	11.96	150.9696	155.66	63.55
32.663194	24.577778	4.625	NA	98.8528	3.9287	179.2624	-22.1587	-1.5331	133.87	127.2376	87.9046	65.7549	134.0928	95.6935	57.8147	65.5862	101.4991	13.7777	430.3873	246.0108	51.6704	85.24	38.12	107.4256	28.49	11.63	152.5126	157.69	64.38
32.788194	24.702778	4.75	NA	93.6003	1.4379	183.4652	-18.9179	-0.2046	133.9007	122.7114	85.9032	60.2959	124.5363	96.1223	58.8055	62.6671	105.8029	15.6413	438.4296	242.9877	51.8762	85.62	38.29	103.9116	28.16	11.50	154.0557	159.81	65.24
32.913194	24.827778	4.875	NA	88.3478	-1.0528	187.668	-15.677	1.1239	133.9314	118.1853	83.9019	54.837	114.9798	96.5512	59.7963	59.748	110.1068	17.5049	446.472	239.9646	52.0820	86.18	38.54	100.3978	28.34	11.57	155.5988	162.01	66.14
33.038194	24.952778	5	NA	83.0952	-3.5435	191.8708	-12.4362	2.4524	133.9621	113.6592	91.9531	49.378	105.4234	96.98	60.7871	57.4657	114.4106	19.3685	456.7263	238.159	52.2877	86.92	38.87	98.5593	28.26	11.54	157.8195	165.13	67.41
33.163194	25.077778	5.125	NA	77.8427	0.4045	167.8425	-8.1101	-4.2771	137.8181	106.1798	115.7899	44.891	104.5253	97.4089	58.6639	70.5018	120.2442	37.5003	479.4172	250.7425	46.7405	76.47	34.20	101.1022	30.90	12.62	169.5117	170.05	69.42
33.288194	25.202778	5.25	NA	50.1638	3.4991	142.4819	-12.784	-16.1796	102.1142	96.4926	98.1816	47.2244	113.731	71.2204	57.2805	72.8474	124.2615	25.3279	491.0342	245.1223	33.4362	66.45	29.72	88.1607	24.42	9.97	169.3123	175.43	71.62
33.413194	25.327778	5.375	NA	48.4025	-17.8762	184.0538	-32.6231	-19.0932	139.8064	106.3158	104.8684	23.736	107.8996	54.7878	53.925	68.5283	107.7568	42.8777	489.7063	217.4298	32.5728	90.36	40.41	89.5690	42.23	17.24	163.3707	172.05	70.24
33.538194	25.452778	5.5	NA	60.5407	14.5287	169.2411	-39.7378	-6.7546	120.7089	115.5774	87.5965	49.1205	101.8639	61.2433	63.0091	79.7077	186.2053	13.0439	523.595	250.896	39.5636	81.11	36.27	89.3517	29.12	11.89	186.0762	186.83	76.27
33.663194	25.577778	5.625	NA	45.9037	13.115	138.1179	-34.6835	-4.5842	77.4299	83.4526	80.7486	59.3679	112.1249	52.6606	63.1584	58.8229	173.3203	0.2092	522.7999	210.5934	31.5738	66.32	29.66	77.6308	20.93	8.55	171.4840	189.06	77.18
33.788194	25.702778	5.75	NA	57.0559	-0.3533	164.3586	-9.362	-15.7173	76.2291	70.5437	78.3069	64.7134	121.8733	70.177	60.2726	43.2057	152.4035	26.7191	529.0849	227.3406	39.1964	75.70	33.85	80.3072	20.93	8.54	173.1711	190.33	77.70
33.913194	25.827778	5.875	NA	59.1745	-1.0643	170.0411	10.0924	-8.666	97.3501	86.2206	83.3218	34.3702	132.2619	76.4854	61.1174	100.9606	177.7738	45.5672	550.8215	218.3698	45.9155	74.25	33.21	85.0017	31.71	12.94	192.4350	187.89	76.71
34.038194	25.952778	6	NA	57.3406	-8.9661	132.1042	21.6532	-2.7245	112.73	89.4539	67.3654	66.2674	139.9104	87.6204	66.9763	91.1312	199.5543	54.4979	569.9202	221.6449	39.8815	57.76	25.83	93.8912	28.28	11.54	200.6208	193.92	79.17
34.163194	26.077778	6.125	NA	64.6041	7.1649	157.8337	14.3621	-3.3433	125.5542	81.9993	67.7467	61.8874	158.7749	86.8907	70.2656	82.5494	183.0554	38.5717	570.0837	173.1618	48.1243	66.66	29.81	97.1422	37.54	15.33	186.2813	196.74	80.32
34.288194	26.202778	6.25	NA	60.1191	12.4271	148.3854	6.0214	-11.8261	123.9644	54.3305	100.9244	16.4494	145.9734	67.0721	82.7777	103.6588	186.8589	37.8582	557.2711	217.176	43.0254	64.63	28.90	84.7857	47.85	19.54	197.6001	188.36	76.90
34.413194	26.327778	6.375	NA	46.2391	17.8701	132.2933	-4.3667	-9.3453	100.654	57.8266	76.3444	33.0768	132.9972	62.7769	74.8313	97.2657	191.9393	65.1047	564.7477	215.96	36.5381	57.86	25.87	77.2793	35.20	14.37	201.6414	188.55	76.98
34.538194	26.452778	6.5	NA	46.4626	3.1638	166.9087	-12.0027	-1.067	105.0698	65.5549	68.1755	35.3764	137.4513	56.2861	81.5612	108.5234	197.1593	32.1346	575.8913	197.1633	40.6931	73.98	33.09	77.9857	36.90	15.06	198.7388	195.90	79.97
34.663194	26.577778	6.625	NA	78.7911	-4.9861	165.1746	-8.7403	3.2038	132.0952	59.7066	73.7714	34.1115	145.2488	55.5372	87.0003	93.5462	212.1255	52.7792	552.4209	186.7099	46.6886	75.34	33.69	83.4118	44.85	18.31	197.4303	184.53	75.33
34.788194	26.702778	6.75	NA	98.6315	5.2509	153.2394	2.8178	13.5336	126.9967	69.9698	73.0272	34.6655	143.4065	71.4102	82.0736	88.2324	231.6427	61.0454	550.0804	184.2755	54.6946	67.96	30.39	86.5793	40.61	16.58	199.5583	184.13	75.17
34.913194	26.827778	6.875	NA	94.3592	17.7815	160.313	9.5146	10.1289	111.7356	84.865	72.2829	46.9741	152.5444	66.9739	83.5975	122.8949	250.5575	46.2096	557.8088	178.1633	58.4194	67.17	30.04	89.2293	37.69	15.39	206.5386	186.52	76.15
35.038194	26.952778	7	NA	72.606	11.8014	169.9724	1.7768	32.9143	98.9528	86.2657	80.3856	49.2468	164.1826	70.7008	97.3865	109.5918	248.5982	27.9096	565.5372	171.3902	57.8142	68.33	30.56	91.6224	39.26	16.03	203.4023	192.38	78.54
35.163194	27.077778	7.125	NA	75.7637	3.1095	139.7039	-14.8566	-5.655	83.6029	82.7893	84.9449	39.3797	182.6413	74.2035	78.0758	115.2598	248.7745	42.9809	570.0273	188.3558	39.6131	66.47	29.73	91.2603	47.97	19.58	207.2457	192.78	78.70
35.288194	27.202778	7.25	NA	41.6883	-0.8322	129.9701	4.8294	-11.918	65.878	54.9888	81.1118	40.409	125.1234	72.1161	49.0327	81.7953	240.1605	46.5176	569.2655	155.3006	32.7475	57.95	25.92	73.2712	29.05	11.86	190.3454	199.86	81.59
35.413194	27.327778	7.375	NA	27.7021	-14.372	157.8089	-11.8434	17.3678	63.5927	32.1632	75.8602	33.1449	103.6537	69.7587	56.9513	76.3134	257.7416	23.9772	544.2447	136.0595	35.3327	70.85	31.68	63.0289	27.23	11.12	182.5479	195.37	79.76
35.538194	27.452778	7.5	NA	65.5249	-4.8197	146.8531	-6.5959	-31.5117	78.8906	53.081	81.0277	38.0834	96.9715	88.8346	66.5482	97.0666	217.9171	27.1208	519.7948	131.1369	33.8901	72.76	32.54	72.8148	22.54	9.20	176.5974	180.19	73.56
35.663194	27.577778	7.625	NA	48.3608	8.3365	122.5279	-7.669	-35.1884	95.9821	66.2248	80.9449	46.8148	83.0703	53.5699	71.6591	132.0574	216.7793	19.9763	514.9542	122.7522	27.2736	61.24	27.39	71.1011	18.87	7.70	179.6964	176.90	72.22
35.788194	27.702778	7.75	NA	47.6008	-11.9408	120.0808	-1.8797	-15.4579	89.3595	58.0651	50.7194	41.5235	172.398	74.2955	62.6899	94.1324	238.4101	15.4995	519.2828	128.33	27.6806	57.53	25.73	81.0602	47.90	19.55	176.3908	184.02	75.12
35.913194	27.827778	7.875	NA	62.6797	-4.1379	144.8153	-13.6868	0.7922	91.39	66.4813	46.523	42.1715	106.795	45.9851	96.4353	99.2595	228.3812	3.2403	514.1713	123.7154	38.0925	66.80	29.87	66.5576	27.04	11.04	177.5338	179.94	73.46
36.038194	27.952778	8	NA	42.1791	-14.085	161.4495	-48.0204	-27.6029	96.9999	68.9381	27.4439	56.5458	149.8743	63.9974	96.0427	128.1135	257.1338	20.4746	521.4458	115.2616	22.7841	84.43	37.76	77.2999	42.00	17.14	189.7453	179.64	73.34
36.163194	28.077778	8.125	NA	9.5063	-16.7202	142.6403	-25.8168	-12.1451	100.2686	42.6318	30.7974	60.8217	136.2548	49.656	106.7244	117.6422	253.0088	25.4594	534.4226	127.0564	19.4929	70.05	31.33	70.0717	40.22	16.42	194.0523	182.05	74.32
36.288194	28.202778	8.25	NA	48.8783	-17.7995	136.574	-22.302	-21.402	101.305	26.8295	50.4387	77.2832	135.0844	65.8007	97.1653	120.5406	254.9857	16.4644	547.3994	131.4828	24.7898	69.36	31.02	76.1236	38.23	15.61	194.6730	189.11	77.20
36.413194	28.327778	8.375	NA	52.2589	-8.5419	135.3008	3.1586	-7.8442	118.3523	55.0553	24.083	66.4617	107.3091	47.4521	74.0193	130.7996	265.4748	31.272	513.2557	140.6485	34.8664	61.45	27.48	69.7856	36.28	14.81	192.5783	175.92	71.82
36.538194	28.452778	8.5	NA	42.4394	-5.9493	133.3475	-38.6754	-22.7694	124.3357	43.4018	19.1411	56.8329	121.0019	43.7729	73.491	137.3144	267.342	42.176	522.6854	143.6252	21.6786	69.43	31.05	68.0811	44.02	17.97	197.7723	177.00	72.26
36.663194	28.577778	8.625	NA	81.9207	10.5103	117.8999	9.7613	-11.1647	118.7545	49.4446	32.9965	61.349	126.5016	61.2792	93.3704	144.2008	294.6482	39.5001	537.5998	136.1448	41.7855	55.25	24.71	75.0542	38.36	15.66	207.5773	182.71	74.59
36.788194	28.702778	8.75	NA	81.6829	7.4678	108.825	7.6439	-30.7119	114.1073	43.3139	19.1522	66.8735	122.3014	49.3973	123.8511	135.0359	266.5803	40.8334	541.4938	155.0419	34.9815	58.00	25.94	69.1909	41.01	16.74	210.4727	177.63	72.52
36.913194	28.827778	8.875	NA	78.2895	9.7689	122.7801	1.8343	-1.7559	118.1797	41.2671	26.0144	58.4348	160.422	30.8961	91.0085	136.2217	250.5714	18.8144	518.6526	159.9952	42.1834	55.70	24.91	72.5357	54.56	22.27	195.8773	175.71	71.73
37.038194	28.952778	9	NA	57.4649	13.3188	125.0115	-3.9753	-10.4552	114.182	1.602	37.9666	35.4773	81.086	48.4996	83.0689	148.3859	243.6615	22.6461	487.0425	151.3634	36.2729	56.24	25.15	53.1356	39.31	16.05	189.3614	163.57	66.78
37.163194	29.077778	9.125	NA	53.7043	-13.5779	126.1037	-9.6321	-18.2337	109.6895	40.5061	17.5353	18.8886	107.8299	40.0794	64.8417	155.1029	265.2508	30.6393	485.3762	138.5607	27.6729	62.38	27.90	55.7548	42.23	17.24	189.9619	166.03	67.78
37.288194	29.202778	9.25	NA	69.448	24.8245	126.744	-17.0326	-14.1835	100.7804	43.3479	-8.2118	20.304	75.7051	56.6347	88.5964	158.741	238.1989	29.6116	493.3149	133.7491	37.9601	60.81	27.19	48.0934	38.93	15.89	190.3687	163.99	66.95
37.413194	29.327778	9.375	NA	58.0608	23.6045	114.1869	-10.2363	-9.2414	99.1062	31.7274	30.1427	35.5901	86.2469	50.814	75.1329	145.917	235.2981	31.8465	461.418	129.8281	35.2749	52.29	23.38	55.6046	29.91	12.21	179.9068	154.19	62.95
37.538194	29.452778	9.5	NA	40.7504	7.8884	121.0536	-8.3089	4.6723	93.0458	22.8536	38.6169	49.293	84.0624	13.0337	83.3004	146.7295	237.3543	31.1213	462.2534	148.8205	33.2112	52.33	23.40	50.1509	32.39	13.22	184.9299	152.58	62.29
37.663194	29.577778	9.625	NA	27.2313	3.4207	120.3343	-2.3618	-13.1713	73.669	26.5259	43.6386	63.7739	81.4781	54.0457	95.1015	157.794	237.3071	25.4379	461.4273	162.45	27.0906	54.18	24.23	57.1885	20.19	8.24	189.9196	150.86	61.59
37.788194	29.702778	9.75	NA	46.8145	58.8245	107.2125	-8.3256	-28.5999	66.9251	29.6352	12.964	65.1777	98.3782	26.092	106.1217	150.1454	194.224	21.765	450.4605	137.993	35.1852	54.41	24.33	49.8620	32.30	13.18	176.7849	145.91	59.57
37.913194	29.827778	9.875	NA	35.5876	24.5306	113.3092	20.0103	-42.9103	56.791	41.1664	-18.0513	53.2548	81.1063	36.9201	91.9442	132.787	167.7347	29.4361	454.6894	133.6543	30.1055	55.72	24.92	41.8646	33.19	13.55	168.3743	148.05	60.44
38.038194	29.952778	10	NA	33.9348	5.059	120.0169	9.3741	-41.0446	72.2191	41.4192	7.1695	42.2998	43.4041	22.8007	55.844	111.2611	173.6238	25.9659	448.912	126.6765	25.4680	59.39	26.56	38.2187	21.96	8.97	157.0472	152.25	62.16
38.163194	30.077778	10.125	NA	37.7437	17.1507	127.4074	-1.7238	-17.5249	74.5453	66.1915	10.6924	33.1164	41.5426	30.6005	65.7337	87.3797	157.2374	5.6319	439.848	140.6936	32.6106	56.89	25.44	42.7814	23.79	9.71	149.4207	152.32	62.19
38.288194	30.202778	10.25	NA	66.3666	28.0193	148.02	-12.6768	-14.0221	82.7461	32.3379	-17.1731	22.8216	67.7241	26.6334	73.4978	95.447	162.349	-3.92	430.7542	134.8281	43.1414	67.36	30.13	35.8483	35.48	14.48	148.8260	149.48	61.02
38.413194	30.327778	10.375	NA	43.1429	31.2607	144.0539	-1.7634	-6.6963	90.3194	40.5365	16.4295	28.4424	72.4863	38.7163	74.4897	131.8194	176.3492	-7.6559	458.3862	106.0126	41.9996	60.87	27.22	47.8217	27.97	11.42	156.5669	160.22	65.41
38.538194	30.452778	10.5	NA	46.3662	19.9046	135.6244	-49.1184	-29.0298	77.9527	30.3814	-0.403	17.9271	49.3272	31.7061	83.4885	101.838	178.7313	1.2758	455.9819	103.9854	24.7494	72.69	32.51	34.4819	26.93	10.99	154.2168	158.32	64.63
38.663194	30.577778	10.625	NA	51.3435	16.5773	143.9473	-34.5368	-19.3966	69.5274	29.1617	2.6301	28.9353	80.1314	32.8561	109.765	119.1402	142.8762	12.8269	438.3393	116.4484	31.5869	71.08	31.79	40.5403	28.87	11.79	156.5660	145.22	59.29
38.788194	30.702778	10.75	NA	67.1962	14.718	177.9423	-6.9631	-13.0984	62.265	18.4179	9.839	45.676	69.3021	34.0061	109.81	130.6391	131.7031	-13.3739	435.3257	109.4907	47.9590	79.24	35.44	39.9177	23.66	9.66	150.5991	149.71	61.12
38.913194	30.827778	10.875	NA	69.7768	9.7143	170.2589	2.567	-0.4787	71.7698	3.869	10.1324	24.0202	61.9299	29.1093	109.855	110.8052	131.154	-14.7342	433.4537	93.7896	50.3677	72.93	32.61	33.4718	27.59	11.26	144.0539	150.95	61.63
39.038194	30.952778	11	NA	59.0732	-5.3078	135.6414	-30.2	20.2228	72.8893	-8.7622	-14.84	20.6248	63.71	15.3493	95.0548	105.5638	132.5563	5.196	397.447	96.0407	35.8859	64.80	28.98	24.8285	36.42	14.87	138.6431	133.89	54.66
39.163194	31.077778	11.125	NA	42.1113	-2.2255	162.0416	-14.9173	-24.5414	53.688	39.8492	8.4693	19.1998	42.8768	5.7659	80.0402	121.0486	122.5283	13.0129	422.8059	95.8718	32.4937	76.78	34.34	28.3082	19.87	8.11	142.5513	143.02	58.39
39.288194	31.202778	11.25	NA	55.6168	4.7815	158.1953	-16.0469	8.6203	40.1277	21.2846	22.7887	24.6841	54.4306	16.2437	117.6455	119.3717	125.4637	-5.0297	442.4523	92.4834	42.2334	69.92	31.27	29.9266	14.46	5.90	148.7311	151.95	62.03
39.413194	31.327778	11.375	NA	63.616	11.3709	177.3961	-29.3367	-28.1483	44.8493	2.9626	1.2198	16.6415	66.1029	-4.6609	119.8144	89.8894	117.657	3.3703	435.7673	88.0406	38.9796	86.17	38.54	21.1859	28.27	11.54	142.4232	149.82	61.16
39.538194	31.452778	11.5	NA	54.3329	10.2693	185.1609	-13.705	8.8892	49.5366	7.3247	-26.6627	12.4511	77.0263	-19.7053	126.9808	85.209	87.6848	11.904	461.4121	92.6545	48.9895	80.01	35.78	16.6618	40.07	16.36	144.3075	159.85	65.26
39.663194	31.577778	11.625	NA	83.0375	1.5284	191.5432	-25.1382	-4.6559	40.7181	23.8839	2.4479	3.8519	87.9497	-0.0934	101.0625	91.0436	76.0128	-26.5713	453.2272	103.0259	49.2630	89.59	40.07	26.4597	34.01	13.88	132.9668	164.28	67.07
39.788194	31.702778	11.75	NA	76.402	-1.6407	191.2653	-13.9198	-19.7084	50.3881	39.4276	8.808	14.4148	70.8584	25.2583	108.4918	89.0032	73.7965	-15.7681	451.2366	114.9227	46.4797	89.73	40.13	34.8592	23.44	9.57	136.9471	161.05	65.75
39.913194	31.827778	11.875	NA	69.7665	31.7104	195.9788	-29.8483	26.8644	44.7129	41.1938	0.1484	41.6528	61.0631	28.6434	116.013	80.2313	100.3375	-5.7865	455.4191	128.317	58.8944	84.48	37.78	36.2357	20.50	8.37	145.7552	159.00	64.91
40.038194	31.952778	12	NA	62.8211	24.0172	194.2687	-13.0542	3.6072	46.2578	31.273	1.5041	21.4912	51.738	-13.1112	90.6843	64.1344	76.3931	5.7012	457.6422	114.4573	54.3320	83.20	37.21	23.1922	25.31	10.33	134.8354	162.27	66.25
40.163194	32.077778	12.125	NA	49.9971	13.9022	184.5291	-21.9356	-1.7371	45.7829	-3.4732	-9.0256	17.9695	67.3662	-0.8096	128.0942	62.2941	67.6773	21.2408	469.7669	112.3472	44.9511	82.35	36.83	19.6350	30.78	12.57	143.5701	164.29	67.07
40.288194	32.202778	12.25	NA	79.5214	11.7993	170.5511	0.2902	-3.2999	38.4763	22.6474	-31.1908	40.732	62.6561	45.7725	154.081	76.4854	86.8576	7.829	445.8417	119.0748	51.7724	74.43	33.29	29.8489	32.56	13.29	148.3616	153.68	62.74
40.413194	32.327778	12.375	NA	67.6629	5.9972	172.2653	-14.4974	14.4292	29.8509	48.1467	-15.6096	44.9995	54.427	27.1323	153.9723	82.104	67.4806	0.5973	425.5443	114.5208	49.1714	75.20	33.63	31.4911	25.40	10.37	140.7032	148.61	60.67
40.538194	32.452778	12.5	NA	66.1809	41.0412	180.2297	-13.2285	5.0391	37.5243	27.7167	14.0832	25.3063	52.458	20.2084	132.4183	78.4198	67.1305	8.3297	448.8186	109.9667	55.8525	76.08	34.02	29.5495	13.68	5.59	140.8473	156.69	63.97
40.663194	32.577778	12.625	NA	64.6989	2.6371	182.1051	-7.245	13.6004	24.2672	28.112	13.8626	16.5025	57.504	42.8235	119.5842	77.7534	76.3091	-4.9666	453.5758	99.4808	51.1593	78.27	35.00	30.5120	16.72	6.83	136.9561	160.80	65.65
40.788194	32.702778	12.75	NA	64.402	-11.2482	191.8572	-48.9573	-2.0827	50.5884	0.6949	26.6393	26.4437	63.4434	24.8791	135.1916	88.3368	46.2553	-20.253	434.5187	109.7022	38.7942	94.81	42.40	32.1148	22.02	8.99	132.2919	157.77	64.41
40.913194	32.827778	12.875	NA	91.6828	10.6688	213.2653	-0.2324	15.2174	61.2667	23.1034	-4.0018	13.3824	69.3828	39.6558	151.5716	79.6307	25.2672	6.164	427.187	101.9936	66.1204	89.96	40.23	33.7982	28.34	11.57	131.9690	153.88	62.82
41.038194	32.952778	13	NA	76.5785	20.6748	192.034	-37.8045	-47.1528	15.6978	38.2731	-30.4198	-4.7057	52.024	-8.2687	107.9083	61.4621	16.9268	-8.3416	413.0792	76.2592	40.8660	98.07	43.86	10.4335	30.92	12.62	111.2157	153.63	62.72
41.163194	33.077778	13.125	NA	61.1029	15.6059	228.5946	-35.9431	-27.3181	33.6977	-31.1573	4.0524	19.8068	70.0136	-4.6017	131.2093	67.4855	47.5453	-23.5697	409.4609	63.9683	48.4084	107.88	48.25	15.3019	34.74	14.18	116.0166	152.04	62.07
41.288194	33.202778	13.25	NA	59.9055	35.0952	240.9721	-46.9203	-19.1497	26.7051	6.7389	-2.1247	15.447	70.4323	2.699	155.0848	74.8233	54.6629	-23.2463	402.0172	72.0036	53.9806	112.79	50.44	19.9829	26.73	10.91	122.5576	148.23	60.51
41.413194	33.327778	13.375	NA	59.4067	5.3266	249.3134	-11.9577	-39.9635	23.183	34.814	-10.1056	21.0922	54.1741	24.7406	161.3006	77.3011	59.7041	-6.6719	395.9197	72.0211	52.4251	115.88	51.82	24.6497	20.97	8.56	126.5958	142.40	58.13
41.538194	33.452778	13.5	NA	75.2663	1.813	270.3532	-21.3121	-12.6096	20.1774	23.7424	-3.6286	25.3218	37.3481	21.233	165.82	72.0597	66.9094	-17.2689	396.4661	73.0463	62.7022	122.18	54.64	20.6990	13.42	5.48	126.1721	144.55	59.01
41.663194	33.577778	13.625	NA	68.2003	5.7951	282.7294	-10.3646	-55.4669	12.5502	12.6707	11.1421	16.7738	20.7237	31.4569	159.8218	51.8281	47.3868	-0.4219	390.2075	88.5082	58.1787	133.12	59.53	17.5529	7.67	3.13	122.8884	141.39	57.72
41.788194	33.702778	13.75	NA	52.2996	19.3056	300.1198	-27.5299	-46.0135	29.9333	4.2624	-18.5547	14.9162	46.4723	11.4438	153.8235	37.3287	73.7533	-4.0785	385.8012	88.7907	59.6363	139.89	62.56	14.7455	22.21	9.07	122.5698	139.35	56.89
41.913194	33.827778	13.875	NA	70.6856	5.4429	328.6815	-34.2285	-35.0069	44.8198	30.0702	-9.9259	17.1334	36.3422	41.4543	147.8253	32.0832	96.2277	2.0964	386.7108	76.2122	67.1149	152.42	68.17	26.6490	20.41	8.33	123.5259	138.53	56.55
42.038194	33.952778	14	NA	26.4875	11.0423	336.768	-41.3019	-31.5513	26.9667	10.4377	-3.772	15.6032	20.0465	15.5352	109.1241	43.0205	59.8807	7.9684	388.7982	64.4118	60.2889	157.13	70.27	14.1362	10.37	4.23	112.2006	139.42	56.92
42.163194	34.077778	14.125	NA	54.0048	10.5971	345.5156	-8.8243	-19.938	4.8166	-5.9138	-2.1346	14.073	33.1113	15.2723	152.87	72.8725	32.2296	6.5655	371.6976	54.8389	76.2710	153.13	68.48	9.8708	14.18	5.79	115.1790	135.15	55.18
42.288194	34.202778	14.25	NA	97.6041	-5.8646	371.7115	-9.9046	-9.7729	33.9634	17.6675	0.6979	14.5717	60.4928	34.5627	155.7642	71.9824	42.8197	9.0528	339.8152	65.6709	88.7547	164.72	73.67	26.9927	20.79	8.49	114.1842	120.76	49.30
42.413194	34.327778	14.375	NA	74.3172	-1.5879	382.4394	-34.2934	1.782	18.53	4.633	-5.8097	24.7723	32.0147	36.9252	155.8988	41.5356	48.2777	-18.0078	326.9183	83.1767	84.5315	171.20	76.56	18.5109	16.40	6.70	106.2999	122.21	49.89
42.538194	34.452778	14.5	NA	82.8437	20.5156	393.1673	-27.0608	14.5155	20.1659	-5.0713	-3.9446	17.5136	44.3947	48.2138	158.1222	7.2859	55.4005	37.7653	330.0929	79.7561	96.7963	170.26	76.14	20.2120	22.80	9.31	111.4038	118.67	48.45
42.663194	34.577778	14.625	NA	32.3439	25.1421	403.7991	-23.8575	15.9362	13.5007	0.08	5.0849	16.084	38.09	36.0244	138.7721	33.1616	35.0897	23.8386	336.0637	90.6527	90.6728	176.39	78.88	18.1440	15.75	6.43	109.5964	119.37	48.73
42.788194	34.702778	14.75	NA	60.5201	-2.1669	413.969	-20.7405	-3.3681	23.5031	6.6227	-8.9016	29.1323	25.446	22.1106	173.0839	59.364	35.7158	9.9119	328.3395	66.8715	89.6427	183.92	82.25	16.3189	14.58	5.95	112.2144	119.65	48.85
42.913194	34.827778	14.875	NA	72.2925	-6.226	423.5335	-11.5886	-16.3467	16.2596	2.3807	-4.5803	1.4154	20.6903	25.1547	167.9421	63.8687	32.6074	-2.5071	315.3847	53.4118	92.3329	188.69	84.39	10.2201	12.06	4.92	105.1179	117.79	48.09
43.038194	34.952778	15	NA	63.989	3.6232	432.4526	-2.742	1.547	13.8274	10.8557	19.7823	-6.4919	57.34	45.3649	211.6453	46.3557	21.2269	19.7738	316.2279	58.2349	99.7740	187.99	84.07	23.4464	23.62	9.64	112.2441	122.95	50.19
43.163194	35.077778	15.125	NA	56.746	7.1781	446.4647	0.7565	1.5207	18.903	33.6449	-4.445	-22.7366	69.7937	54.1808	181.1003	58.7024	22.5791	-17.422	325.3072	75.3207	102.5332	193.67	86.61	24.8901	34.97	14.28	107.5979	125.77	51.35
43.288194	35.202778	15.25	NA	81.2265	11.6169	422.5474	6.6482	-1.7187	25.5603	32.153	-16.2685	-6.6167	69.5047	78.8583	184.9792	76.6844	34.2425	38.9134	322.2434	93.4095	104.0641	181.09	80.99	30.5318	38.61	15.76	125.0787	110.89	45.27
43.413194	35.327778	15.375	NA	46.4862	15.0033	363.5736	-18.6713	-4.6692	9.6821	32.2059	-11.066	10.7278	62.3407	42.9491	196.6843	106.5594	55.1994	0.1903	309.3139	99.669	80.3445	160.21	71.65	24.4733	26.48	10.81	127.9360	109.99	44.90
43.538194	35.452778	15.5	NA	77.0731	20.3552	363.4985	13.2614	-10.9568	36.5874	14.349	2.2956	29.8868	53.1301	67.1025	213.4217	72.1368	65.7255	11.9082	283.9664	89.6797	92.6463	154.81	69.23	33.8919	23.99	9.79	122.8064	103.35	42.19
43.663194	35.577778	15.625	NA	88.4697	9.277	326.7762	21.5916	-7.2239	24.6225	-4.3771	-5.4791	17.0764	45.6063	79.4995	230.5015	74.7114	57.8016	3.4517	290.1493	88.4746	87.7781	138.46	61.92	26.1581	32.38	13.22	124.1817	110.95	45.30
43.788194	35.702778	15.75	NA	60.6795	1.7383	266.6128	-16.6377	-15.9665	11.8708	22.131	-17.9014	24.7565	38.0826	59.4345	210.0661	52.7772	18.3871	10.0266	309.3171	90.8248	59.2853	120.13	53.72	23.0623	25.91	10.58	115.2331	119.67	48.86
43.913194	35.827778	15.875	NA	92.4252	4.8413	292.1219	-22.2564	-11.3818	10.6281	21.0624	-2.2678	13.4172	29.8252	47.541	207.7149	44.4734	4.983	14.9931	293.548	118.3101	71.1500	131.54	58.83	20.0343	17.22	7.03	114.0037	116.24	47.46
44.038194	35.952778	16	NA	82.3365	6.8773	268.7535	-23.6592	-0.3611	9.3853	0.1793	1.6057	10.6662	23.5185	42.4495	238.1394	76.3894	34.537	-19.0759	261.7281	133.6792	66.7894	119.70	53.53	14.6341	15.97	6.52	120.8995	112.05	45.74
44.163194	36.077778	16.125	NA	77.7644	-5.5266	259.2694	-34.6774	27.1033	11.2726	10.3522	-4.5837	-13.2219	14.4325	22.2046	201.5202	92.597	62.6055	-33.8926	242.8175	110.1914	64.7866	116.46	52.08	6.7427	13.10	5.35	112.6398	99.23	40.51
44.288194	36.202778	16.25	NA	77.999	20.2132	245.4841	-36.3375	3.0761	47.1494	6.8837	-10.7731	19.4031	57.4306	36.4655	212.686	83.3569	51.8448	-13.3888	258.8026	113.9746	62.0870	110.47	49.40	26.0932	25.71	10.50	117.8794	101.63	41.49
44.413194	36.327778	16.375	NA	73.2943	38.9743	246.8848	-22.2213	-37.5411	7.1462	19.653	-16.9625	33.7255	69.4821	37.4656	224.5687	83.5461	40.3818	6.2301	264.1554	113.6075	59.8782	113.82	50.90	25.0850	29.39	12.00	122.0816	102.31	41.77
44.538194	36.452778	16.5	NA	67.045	5.6532	244.2703	-10.0224	-25.5992	19.7387	-9.7445	-23.152	27.9412	31.5223	17.4142	240.2851	77.2568	36.1919	3.1336	268.7373	113.2913	56.2694	110.81	49.56	10.6200	22.01	8.98	123.1493	108.71	44.38
44.663194	36.577778	16.625	NA	60.6935	-12.3872	227.513	-2.2575	1.8459	38.9253	0.9521	-27.6183	19.5349	27.0232	37.8289	225.6858	56.2277	19.9199	-18.3228	263.3954	126.8485	55.0815	100.55	44.97	16.1077	25.55	10.43	112.2924	113.70	46.42
44.788194	36.702778	16.75	NA	64.3333	-8.1739	226.2801	6.5714	8.5665	33.1033	21.6303	-20.8834	-0.9066	24.4737	34.3468	235.6954	42.8067	31.0969	19.4629	256.3176	146.1709	59.5155	97.23	43.48	15.2940	21.80	8.90	121.9251	106.40	43.44
44.913194	36.827778	16.875	NA	69.8919	6.2189	189.0561	-21.8088	9.1739	14.5591	11.9406	1.7236	2.6286	12.3587	22.7466	208.1428	62.4989	49.1503	8.4908	259.2559	125.7097	50.5064	84.37	37.73	10.9929	7.87	3.21	118.8747	97.93	39.98
45.038194	36.952778	17	NA	81.736	10.2797	192.2178	-16.8054	9.7814	30.4558	-36.4016	-6.3268	-3.4437	13.2727	34.7051	230.9294	72.0789	37.2752	-6.0638	266.5215	98.9881	55.4419	84.77	37.91	5.3769	26.50	10.82	116.6215	108.79	44.41
45.163194	37.077778	17.125	NA	94.6322	0.9274	190.4648	-7.985	10.3888	56.532	-24.3215	-9.9752	15.4973	21.5608	7.1686	257.1592	61.7452	17.5605	-37.3665	273.179	99.7179	57.6856	84.80	37.93	11.0770	27.95	11.41	111.9992	127.24	51.95
45.288194	37.202778	17.25	NA	100.2103	1.9908	178.9636	-23.3287	-0.9879	32.5434	-20.7807	6.317	32.8518	19.6571	39.0359	263.9628	51.3406	32.2999	-17.3829	271.8979	108.1671	51.3696	85.77	38.36	18.2707	22.44	9.16	118.3809	122.64	50.07
45.413194	37.327778	17.375	NA	63.8407	10.8406	174.6795	-17.953	-9.9607	-1.1835	-6.0878	2.8294	40.37	12.5412	47.5244	232.6859	52.1331	41.7475	0.5996	265.8716	94.1371	44.2894	79.56	35.58	15.9989	22.61	9.23	114.5291	109.04	44.52
45.538194	37.452778	17.5	NA	91.0572	19.6905	176.811	-6.5946	-7.3728	-6.2928	2.4259	-9.5271	44.3221	48.1929	54.683	266.9963	69.4811	42.1037	-29.3934	276.5711	82.7225	54.7183	79.17	35.40	22.3007	29.76	12.15	118.0802	125.24	51.13
45.663194	37.577778	17.625	NA	77.8004	16.5264	161.0884	-0.0683	-1.8915	16.021	40.7319	-21.8836	30.5612	44.321	14.2804	248.7409	78.6843	54.1144	-22.616	286.2616	103.0925	50.6911	69.70	31.17	20.6720	24.22	9.89	124.7130	118.96	48.57
45.788194	37.702778	17.75	NA	98.5793	-1.4216	194.9829	-33.9696	-16.2627	36.3974	17.2855	-21.64	41.9289	37.5586	16.6952	283.3587	69.5201	61.4194	-15.6056	253.9354	110.6055	48.3817	96.76	43.27	21.3709	23.66	9.66	127.2056	117.28	47.88
45.913194	37.827778	17.875	NA	89.6747	-21.3274	176.7169	-45.9736	-14.2902	30.0366	8.2769	-17.4899	37.7984	28.3909	26.4145	262.975	44.7462	52.3184	-2.8334	250.8432	79.0983	36.9601	93.83	41.96	18.9046	20.32	8.30	114.5246	113.48	46.33
46.038194	37.952778	18	NA	97.7506	-19.6513	158.4509	-12.9349	-29.9045	0.9829	9.6516	-19.223	19.4438	43.7707	31.0126	283.8611	53.3568	38.3041	9.0496	274.1901	56.1016	38.7422	84.56	37.82	14.2731	22.35	9.12	119.1439	125.00	51.03
46.163194	38.077778	18.125	NA	96.016	-9.7487	145.4404	-31.1138	-18.5786	-13.6166	12.0291	-23.7725	3.441	14.7545	26.1948	277.7995	50.4216	35.3782	-0.4161	273.6688	61.4311	36.4031	79.30	35.46	3.1717	18.71	7.64	116.3805	125.19	51.11
46.288194	38.202778	18.25	NA	94.0541	-13.5039	149.8245	-32.4158	-9.4061	-9.5584	10.7022	-30.7322	7.3743	1.5046	18.0496	326.605	44.5138	21.9605	5.6315	238.3751	65.063	37.7106	79.85	35.71	-0.4433	17.50	7.15	117.0248	132.71	54.18
46.413194	38.327778	18.375	NA	79.6369	-23.6467	127.1313	-22.9244	5.434	22.3695	-5.4047	-37.6918	11.3076	14.6905	0.6402	255.5126	46.4989	38.9112	11.4282	238.1481	63.7217	33.1262	67.33	30.11	0.9852	21.39	8.73	109.0368	108.20	44.17
46.538194	38.452778	18.5	NA	105.4869	-33.6797	147.0837	-23.9887	-15.7256	33.951	32.0934	-34.0046	12.7027	9.3348	-3.4897	277.1345	65.8753	47.7854	10.563	237.9211	58.8218	35.8353	84.11	37.61	8.4313	25.19	10.28	116.3502	111.70	45.60
46.663194	38.577778	18.625	NA	89.9227	-27.1055	130.2326	-7.442	8.2344	23.4926	33.2071	-11.1729	4.2425	19.1005	12.7734	283.8124	61.8059	49.7617	-0.238	263.7174	53.9218	38.7684	67.80	30.32	13.6072	15.59	6.36	118.7969	122.17	49.87
46.788194	38.702778	18.75	NA	75.3363	12.8563	143.2574	19.059	3.6487	5.1646	9.9122	-25.051	31.7664	41.1673	23.0646	308.4207	59.5478	53.3843	20.7384	271.457	81.2283	50.8315	58.78	26.29	14.3374	23.47	9.58	132.4627	124.06	50.65
46.913194	38.827778	18.875	NA	62.7683	2.5926	153.4767	-0.3719	8.1342	4.862	16.6724	-7.8452	49.522	44.4907	-2.4685	324.9012	66.5924	63.2207	-24.4663	230.7917	108.1747	45.3200	65.76	29.41	17.5389	24.31	9.93	128.2024	127.23	51.94
47.038194	38.952778	19	NA	80.2337	-26.7735	149.6373	-10.0094	-20.433	6.7075	-10.1912	15.1972	21.6482	28.7672	13.7162	333.3086	71.0328	65.0586	-4.6655	237.0351	68.6542	34.5310	77.62	34.71	12.6409	13.46	5.49	128.4040	128.35	52.40
47.163194	39.077778	19.125	NA	103.4673	-2.2304	143.0385	-17.3785	-29.2865	33.4029	-4.4619	-7.078	-17.4005	-18.6689	47.0914	309.8559	64.179	63.4315	1.5533	254.7965	81.4879	39.5221	78.29	35.01	5.4808	27.84	11.36	129.2174	122.91	50.18
47.288194	39.202778	19.25	NA	94.045	6.196	138.7436	-34.8885	-15.9063	23.1998	6.8667	-15.4695	11.3851	-26.3198	37.1341	284.361	60.0626	52.7832	-13.4783	246.5897	94.3297	37.6380	75.03	33.56	6.1327	23.67	9.66	120.7746	118.00	48.17
47.413194	39.327778	19.375	NA	54.4006	-17.5511	148.6027	-31.0566	-10.4789	-2.5504	-5.0892	-10.3	-1.3232	-8.1795	12.7479	302.7874	67.4591	60.8579	-26.2043	252.8015	88.1254	28.7833	74.64	33.38	-2.4491	8.17	3.34	124.3045	126.16	51.51
47.538194	39.452778	19.5	NA	62.979	-8.3363	176.0204	-34.3625	-8.5257	36.4002	-13.5605	1.4667	27.9416	9.9608	16.3839	324.0728	81.742	69.831	16.1392	252.39	77.0505	37.5550	85.47	38.22	13.0988	18.06	7.37	136.8709	121.72	49.69
47.663194	39.577778	19.625	NA	81.7025	1.958	198.3518	-20.2912	-6.5725	54.2725	33.9701	-4.1543	45.4565	21.8704	31.3726	339.7054	72.7312	48.2605	12.4056	259.2432	73.1389	51.0297	91.46	40.90	30.4646	20.38	8.32	134.2475	132.36	54.04
47.788194	39.702778	19.75	NA	99.6437	-10.2096	148.4193	-2.9071	-1.8657	35.0779	7.312	-8.8328	-13.4491	37.4286	26.6692	372.1359	54.5441	56.5184	38.0601	274.4333	111.7703	46.6161	72.81	32.56	14.0343	22.24	9.08	151.2437	139.04	56.76
47.913194	39.827778	19.875	NA	114.7202	-0.3249	171.6861	-5.6768	3.6533	54.251	5.783	12.8987	23.0163	6.2721	28.9103	363.6682	90.8717	61.9	0.8581	250.0572	127.3957	56.8116	81.46	36.43	21.8552	18.34	7.49	149.1251	133.92	54.67
