days.origin	days.water	days.manure	F07	F08	F09	F10	F11	F12	GW01	GW02	GW03	GW04	GW05	GW06	GWL01	GWL02	GWL03	GWL04	GWo01	GWo02	mean.F	sd.F	se.F	mean.GW	sd.GW	se.GW	mean.GWL	sd.GWL	se.GWL
3.125	-4.960417	-24.913194	NA	-2.3004	2.1017	-0.9863	-1.4753	-2.0088	-3.7743	-0.1388	-2.0607	-3.2973	-1.5708	-1.7683	-0.1557	20.8448	-0.5594	-2.4181	-0.7266	19.5597	-0.9338	1.77	0.79	-2.1017	1.30	0.53	6.0908	10.97	4.48
3.25	-4.835417	-24.788194	NA	-3.5833	-0.8983	-1.2292	-3.3269	-3.4799	-4.415	-3.1388	-4.209	-3.7253	-3.3261	-3.3325	-1.0854	17.8448	-2.8852	-3.1145	-3.1506	16.5597	-2.5035	1.32	0.59	-3.6911	0.52	0.21	4.0281	10.24	4.18
3.375	-4.710417	-24.663194	NA	-3.7216	-2.9345	-1.2755	-3.4553	-3.6125	-4.5829	-4.3402	-4.3699	-3.8678	-3.4541	-3.4614	-1.1272	14.8448	-2.9957	-3.2361	-3.2702	13.5597	-2.9999	1.01	0.45	-4.0127	0.49	0.20	2.9625	8.75	3.57
3.5	-4.585417	-24.538194	NA	-3.861	-3.043	-1.3237	-3.5829	-3.7438	-4.7513	-4.5014	-4.5313	-4.0113	-3.5829	-3.5917	-1.1694	11.8448	-3.107	-3.3576	-3.3896	10.5597	-3.1109	1.05	0.47	-4.1616	0.51	0.21	1.8968	7.27	2.97
3.625	-4.460417	-24.413194	NA	-4.0005	-3.1519	-1.3711	-3.7106	-3.8757	-4.9211	-4.6635	-4.6949	-4.1534	-3.712	-3.7231	-1.2129	8.8448	-3.2186	-3.4793	-3.5109	7.5597	-3.2220	1.08	0.48	-4.3113	0.52	0.21	0.8305	5.79	2.36
3.75	-4.335417	-24.288194	NA	-4.1395	-3.2605	-1.4182	-3.8387	-4.0089	-5.0904	-4.8256	-4.8588	-4.2953	-3.8406	-3.8537	-1.2559	5.8448	-3.3299	-3.6006	-3.6326	4.5597	-3.3332	1.12	0.50	-4.4607	0.54	0.22	-0.2357	4.32	1.76
3.875	-4.210417	-24.163194	NA	-4.2782	-3.3693	-1.4662	-3.9667	-4.1417	-5.2577	-4.9868	-5.0209	-4.4392	-3.9689	-3.9825	-1.2983	2.8448	-3.4406	-3.7207	-3.7543	1.5597	-3.4444	1.16	0.52	-4.6093	0.56	0.23	-1.3016	2.89	1.18
4	-4.085417	-24.038194	NA	-4.4167	-3.479	-1.514	-4.0942	-4.2744	-5.4251	-5.1471	-5.182	-4.5838	-4.0965	-4.1107	-1.3407	-0.1552	-3.5524	-3.841	-3.8762	-1.4403	-3.5557	1.20	0.53	-4.7575	0.58	0.24	-2.3676	1.59	0.65
4.125	-3.960417	-23.913194	NA	-4.5549	-3.5881	-1.5617	-4.2205	-4.4074	-5.5929	-5.3072	-5.3437	-4.7279	-4.2231	-4.2389	-1.3834	-3.1552	-3.6638	-3.9621	-3.9981	-4.4403	-3.6665	1.23	0.55	-4.9056	0.59	0.24	-3.4338	1.09	0.45
4.25	-3.835417	-23.788194	NA	-4.6925	-3.6951	-1.608	-4.3469	-4.54	-5.7605	-5.468	-5.5051	-4.8713	-4.3507	-4.3665	-1.4265	-3.7477	-3.7729	-4.0818	-4.1201	-4.9649	-3.7765	1.27	0.57	-5.0537	0.61	0.25	-3.6856	1.19	0.49
4.375	-3.710417	-23.663194	NA	-4.8288	-3.8024	-1.654	-4.4737	-4.672	-5.9282	-5.6283	-5.6667	-5.0141	-4.4794	-4.4946	-1.4691	-3.8595	-3.8825	-4.2001	-4.2427	-5.1082	-3.8862	1.31	0.58	-5.2019	0.63	0.26	-3.7937	1.23	0.50
4.5	-3.585417	-23.538194	NA	-4.9644	-3.9112	-1.7013	-4.6002	-4.8043	-6.0967	-5.7884	-5.8286	-5.1567	-4.6087	-4.623	-1.5117	-3.9711	-3.9932	-4.3189	-4.3652	-5.2511	-3.9963	1.34	0.60	-5.3503	0.65	0.26	-3.9019	1.26	0.51
4.625	-3.460417	-23.413194	NA	-5.1001	-4.0196	-1.7476	-4.7254	-4.9366	-6.2646	-5.9484	-5.9902	-5.2992	-4.738	-4.7515	-1.5538	-4.0821	-4.1041	-4.4386	-4.4874	-5.3946	-4.1059	1.38	0.62	-5.4986	0.66	0.27	-4.0101	1.29	0.53
4.75	-3.335417	-23.288194	NA	-5.2362	-4.1274	-1.7931	-4.8501	-5.0678	-6.4312	-6.1078	-6.1508	-5.4413	-4.8659	-4.8802	-1.5964	-4.1928	-4.2148	-4.5581	-4.6095	-5.5387	-4.2149	1.42	0.63	-5.6462	0.68	0.28	-4.1184	1.33	0.54
4.875	-3.210417	-23.163194	NA	-5.372	-4.2364	-1.8397	-4.9762	-5.1991	-6.5983	-6.2678	-6.3105	-5.5837	-4.9921	-5.0081	-1.6404	-4.3026	-4.3245	-4.6767	-4.7317	-5.6827	-4.3247	1.46	0.65	-5.7934	0.70	0.29	-4.2264	1.36	0.56
5	-3.085417	-23.038194	NA	-5.5087	-4.3461	-1.8875	-5.1026	-5.3329	-6.7661	-6.4285	-6.471	-5.7267	-5.119	-5.1362	-1.6855	-4.4127	-4.4338	-4.7964	-4.8542	-5.826	-4.4356	1.49	0.67	-5.9413	0.72	0.29	-4.3348	1.40	0.57
5.125	-2.960417	-22.913194	NA	-5.6459	-4.4556	-1.9353	-5.2304	-5.4665	-6.9331	-6.589	-6.6316	-5.8693	-5.2472	-5.2651	-1.7307	-4.5236	-4.5447	-4.9166	-4.9785	-5.9689	-4.5467	1.53	0.68	-6.0892	0.73	0.30	-4.4438	1.43	0.58
5.25	-2.835417	-22.788194	NA	-5.7823	-4.5643	-1.9827	-5.3564	-5.5976	-7.0989	-6.7483	-6.7915	-6.0111	-5.3756	-5.3929	-1.7758	-4.6343	-4.6556	-5.0351	-5.1026	-6.1122	-4.6567	1.57	0.70	-6.2364	0.75	0.31	-4.5526	1.46	0.60
5.375	-2.710417	-22.663194	NA	-5.9192	-4.6723	-2.0292	-5.4809	-5.7284	-7.2654	-6.9085	-6.9505	-6.1526	-5.5047	-5.5204	-1.82	-4.7449	-4.7653	-5.1528	-5.2259	-6.256	-4.7660	1.60	0.72	-6.3837	0.77	0.31	-4.6608	1.50	0.61
5.5	-2.585417	-22.538194	NA	-6.0567	-4.7809	-2.0751	-5.6067	-5.859	-7.4327	-7.0695	-7.1097	-6.2943	-5.6336	-5.6491	-1.8639	-4.8555	-4.8736	-5.2703	-5.3494	-6.3991	-4.8757	1.64	0.73	-6.5315	0.78	0.32	-4.7686	1.53	0.62
5.625	-2.460417	-22.413194	NA	-6.1933	-4.8884	-2.1201	-5.7328	-5.989	-7.5994	-7.2289	-7.2701	-6.4356	-5.7616	-5.778	-1.9076	-4.9645	-4.9812	-5.3876	-5.4714	-6.5409	-4.9847	1.68	0.75	-6.6789	0.80	0.33	-4.8755	1.56	0.64
5.75	-2.335417	-22.288194	NA	-6.3288	-4.9939	-2.1636	-5.8583	-6.1189	-7.7651	-7.3881	-7.4306	-6.5766	-5.8889	-5.9062	-1.9512	-5.0718	-5.09	-5.505	-5.5928	-6.6812	-5.0927	1.71	0.77	-6.8259	0.82	0.33	-4.9820	1.60	0.65
5.875	-2.210417	-22.163194	NA	-6.4627	-5.098	-2.2077	-5.9826	-6.2497	-7.9299	-7.5461	-7.5892	-6.7165	-6.0148	-6.0326	-1.9949	-5.1798	-5.1985	-5.6222	-5.7146	-6.8201	-5.2001	1.75	0.78	-6.9715	0.84	0.34	-5.0884	1.63	0.66
6	-2.085417	-22.038194	NA	-6.5949	-5.2026	-2.2542	-6.1052	-6.38	-8.0948	-7.7014	-7.7449	-6.8557	-6.14	-6.158	-2.0382	-5.2876	-5.3056	-5.7387	-5.8369	-6.9581	-5.3074	1.79	0.80	-7.1158	0.85	0.35	-5.1942	1.66	0.68
6.125	-1.960417	-21.913194	NA	-6.7274	-5.307	-2.3017	-6.2277	-6.5092	-8.2616	-7.8583	-7.9029	-6.9972	-6.2667	-6.2851	-2.0819	-5.3949	-5.4131	-5.8554	-5.9596	-7.096	-5.4146	1.82	0.81	-7.2620	0.87	0.35	-5.3002	1.69	0.69
6.25	-1.835417	-21.788194	NA	-6.8618	-5.4116	-2.3474	-6.3521	-6.6389	-8.429	-8.0175	-8.065	-7.14	-6.3959	-6.4145	-2.1273	-5.5039	-5.522	-5.9722	-6.0822	-7.2363	-5.5224	1.86	0.83	-7.4103	0.89	0.36	-5.4073	1.73	0.70
6.375	-1.710417	-21.663194	NA	-6.9967	-5.5181	-2.3915	-6.4777	-6.7691	-8.595	-8.1755	-8.2281	-7.2821	-6.527	-6.5449	-2.173	-5.6136	-5.6313	-6.089	-6.2043	-7.3778	-5.6306	1.90	0.85	-7.5588	0.90	0.37	-5.5148	1.76	0.72
6.5	-1.585417	-21.538194	NA	-7.1315	-5.6254	-2.4373	-6.603	-6.8992	-8.7613	-8.3327	-8.3895	-7.4247	-6.6568	-6.6744	-2.2176	-5.7216	-5.7403	-6.2071	-6.3263	-7.5173	-5.7393	1.93	0.86	-7.7066	0.92	0.37	-5.6217	1.79	0.73
6.625	-1.460417	-21.413194	NA	-7.2672	-5.7328	-2.4844	-6.7286	-7.0295	-8.9292	-8.4908	-8.5497	-7.5682	-6.7861	-6.8047	-2.2619	-5.8291	-5.8493	-6.3255	-6.4493	-7.6563	-5.8485	1.97	0.88	-7.8548	0.93	0.38	-5.7286	1.82	0.74
6.75	-1.335417	-21.288194	NA	-7.4037	-5.8386	-2.5305	-6.8542	-7.1589	-9.0965	-8.6494	-8.7106	-7.7113	-6.9162	-6.9361	-2.307	-5.9379	-5.9579	-6.4427	-6.5728	-7.7955	-5.9572	2.01	0.90	-8.0033	0.95	0.39	-5.8356	1.86	0.76
6.875	-1.210417	-21.163194	NA	-7.5405	-5.943	-2.5758	-6.9793	-7.2864	-9.2617	-8.8078	-8.8697	-7.8526	-7.0453	-7.0666	-2.3515	-6.0474	-6.0656	-6.5597	-6.6953	-7.9357	-6.0650	2.04	0.91	-8.1506	0.97	0.39	-5.9425	1.89	0.77
7	-1.085417	-21.038194	NA	-7.6764	-6.0481	-2.6211	-7.1043	-7.4146	-9.4268	-8.9666	-9.028	-7.9928	-7.1728	-7.1959	-2.3956	-6.1566	-6.1735	-6.6773	-6.8176	-8.0756	-6.1729	2.08	0.93	-8.2972	0.98	0.40	-6.0494	1.92	0.78
7.125	-0.960417	-20.913194	NA	-7.8105	-6.1551	-2.6655	-7.2277	-7.5434	-9.5922	-9.1254	-9.1873	-8.1335	-7.2988	-7.3239	-2.4396	-6.2657	-6.282	-6.7951	-6.9416	-8.2139	-6.2804	2.12	0.95	-8.4435	1.00	0.41	-6.1563	1.95	0.80
7.25	-0.835417	-20.788194	NA	-7.9433	-6.2612	-2.7099	-7.3511	-7.6714	-9.7578	-9.2826	-9.3473	-8.2735	-7.4248	-7.4504	-2.4831	-6.3743	-6.3907	-6.9117	-7.0654	-8.3524	-6.3874	2.15	0.96	-8.5894	1.02	0.42	-6.2629	1.99	0.81
7.375	-0.710417	-20.663194	NA	-8.0758	-6.3653	-2.7548	-7.4744	-7.8002	-9.924	-9.4391	-9.5067	-8.4136	-7.5516	-7.5774	-2.527	-6.4828	-6.4976	-7.0279	-7.1877	-8.4904	-6.4941	2.19	0.98	-8.7354	1.03	0.42	-6.3689	2.02	0.82
7.5	-0.585417	-20.538194	NA	-8.2087	-6.4699	-2.8006	-7.5974	-7.9297	-10.0904	-9.5972	-9.6656	-8.5544	-7.6796	-7.7058	-2.5721	-6.5908	-6.6039	-7.1453	-7.3107	-8.6276	-6.6013	2.23	1.00	-8.8822	1.05	0.43	-6.4751	2.05	0.84
7.625	-0.460417	-20.413194	NA	-8.3423	-6.5764	-2.8472	-7.7225	-8.0593	-10.257	-9.7575	-9.8256	-8.6956	-7.8089	-7.8354	-2.6175	-6.6994	-6.7121	-7.2632	-7.4351	-8.7654	-6.7095	2.26	1.01	-9.0300	1.07	0.44	-6.5821	2.08	0.85
7.75	-0.335417	-20.288194	NA	-8.4763	-6.6835	-2.8933	-7.8481	-8.1895	-10.4245	-9.9192	-9.9856	-8.837	-7.938	-7.9659	-2.6633	-6.8089	-6.8205	-7.3811	-7.5606	-8.9057	-6.8181	2.30	1.03	-9.1784	1.08	0.44	-6.6900	2.12	0.86
7.875	-0.210417	-20.163194	NA	-8.6109	-6.7904	-2.9391	-7.9729	-8.3208	-10.5932	-10.0641	-10.1478	-8.9788	-8.068	-8.0973	-2.7091	-6.9187	-6.9308	-7.5	-7.6852	-9.0471	-6.9268	2.33	1.04	-9.3249	1.10	0.45	-6.7985	2.15	0.88
8	-0.085417	-20.038194	NA	-8.7459	-6.8976	-2.9754	-8.0978	-8.4528	-10.7339	-10.1631	-10.3123	-9.0975	-8.1989	-8.2294	-2.7466	-7.029	-7.042	-7.5938	-7.8084	-9.1887	-7.0339	2.38	1.06	-9.4558	1.10	0.45	-6.9014	2.18	0.89
8.085417	0	-19.952778	NA	-8.8382	-6.9708	-2.9895	-8.1831	-8.5429	-10.7938	-10.2298	-10.4249	-9.1514	-8.2883	-8.3196	-2.7595	-7.1046	-7.118	-7.6235	-7.8924	-9.2854	-7.1049	2.41	1.08	-9.5346	1.10	0.45	-6.9639	2.21	0.90
8.210417	0.125	-19.827778	NA	-8.9097	-7.0217	-3.0014	-8.2442	-8.6095	-10.8357	-10.266	-10.5321	-9.2001	-8.3712	-8.4084	-2.7603	-7.1574	-7.1717	-7.6228	-7.9524	-9.3554	-7.1573	2.43	1.09	-9.6022	1.09	0.44	-7.0033	2.23	0.91
8.335417	0.25	-19.702778	NA	-8.9389	-7.0515	-3.0139	-8.2768	-8.6365	-10.8746	-10.3023	-10.6192	-9.2446	-8.4305	-8.473	-2.7608	-7.2018	-7.2097	-7.6223	-7.9969	-9.4123	-7.1835	2.44	1.09	-9.6574	1.09	0.44	-7.0340	2.25	0.92
8.460417	0.375	-19.577778	NA	-8.9452	-7.0478	-3.0266	-8.2746	-8.6332	-10.9127	-10.3396	-10.6686	-9.2883	-8.4645	-8.5163	-2.7605	-7.1987	-7.2081	-7.6213	-7.9945	-9.4109	-7.1855	2.43	1.09	-9.6983	1.09	0.44	-7.0323	2.25	0.92
8.585417	0.5	-19.452778	NA	-8.9524	-7.0446	-3.0424	-8.2718	-8.6297	-10.9514	-10.3773	-10.7179	-9.3329	-8.4988	-8.5581	-2.7622	-7.1981	-7.2065	-7.621	-7.9917	-9.41	-7.1882	2.43	1.09	-9.7394	1.09	0.44	-7.0316	2.25	0.92
8.710417	0.625	-19.327778	NA	-8.9596	-7.0432	-3.0604	-8.2689	-8.6257	-10.9881	-10.4142	-10.7677	-9.3778	-8.5322	-8.5986	-2.7653	-7.1983	-7.2042	-7.6221	-7.9893	-9.4095	-7.1916	2.42	1.08	-9.7798	1.09	0.45	-7.0314	2.24	0.92
8.835417	0.75	-19.202778	NA	-8.9657	-7.0432	-3.0762	-8.2667	-8.62	-11.0223	-10.4519	-10.8181	-9.4205	-8.5644	-8.6385	-2.7685	-7.2004	-7.201	-7.6212	-7.9894	-9.4103	-7.1944	2.41	1.08	-9.8193	1.09	0.45	-7.0318	2.24	0.92
8.960417	0.875	-19.077778	NA	-8.9728	-7.0426	-3.09	-8.2648	-8.6143	-11.0558	-10.4898	-10.8685	-9.4618	-8.5983	-8.6801	-2.772	-7.2024	-7.1978	-7.6199	-7.9897	-9.4114	-7.1969	2.41	1.08	-9.8590	1.09	0.45	-7.0322	2.24	0.92
9.085417	1	-18.952778	NA	-8.9802	-7.0408	-3.1046	-8.263	-8.6085	-11.089	-10.525	-10.919	-9.5035	-8.6338	-8.7216	-2.776	-7.2044	-7.1946	-7.6187	-7.9899	-9.4134	-7.1994	2.40	1.07	-9.8986	1.09	0.45	-7.0328	2.24	0.91
9.210417	1.125	-18.827778	NA	-8.9866	-7.0384	-3.1206	-8.2602	-8.601	-11.1231	-10.5591	-10.969	-9.5442	-8.6681	-8.7599	-2.7798	-7.2041	-7.1914	-7.6174	-7.987	-9.4124	-7.2014	2.40	1.07	-9.9372	1.10	0.45	-7.0320	2.24	0.91
9.335417	1.25	-18.702778	NA	-8.993	-7.0351	-3.1376	-8.2564	-8.5917	-11.1574	-10.5923	-11.018	-9.5852	-8.7007	-8.796	-2.783	-7.2025	-7.1881	-7.6161	-7.9829	-9.4083	-7.2028	2.39	1.07	-9.9749	1.10	0.45	-7.0301	2.24	0.91
9.460417	1.375	-18.577778	NA	-8.9993	-7.0314	-3.1544	-8.252	-8.5821	-11.1911	-10.6261	-11.0668	-9.6267	-8.7331	-8.8322	-2.7862	-7.201	-7.1849	-7.6148	-7.9784	-9.4046	-7.2038	2.38	1.06	-10.0127	1.10	0.45	-7.0283	2.23	0.91
9.585417	1.5	-18.452778	NA	-9.0062	-7.0277	-3.1716	-8.2473	-8.5722	-11.2247	-10.661	-11.1164	-9.6682	-8.7659	-8.8691	-2.7896	-7.2003	-7.1817	-7.6135	-7.9737	-9.4023	-7.2050	2.37	1.06	-10.0509	1.10	0.45	-7.0269	2.23	0.91
9.710417	1.625	-18.327778	NA	-9.0146	-7.0239	-3.1904	-8.2428	-8.5614	-11.2587	-10.6967	-11.1664	-9.7092	-8.7999	-8.9065	-2.7931	-7.2	-7.1785	-7.6123	-7.9704	-9.4022	-7.2066	2.36	1.06	-10.0896	1.10	0.45	-7.0261	2.23	0.91
9.835417	1.75	-18.202778	NA	-9.0232	-7.02	-3.209	-8.2392	-8.5497	-11.2923	-10.7332	-11.2157	-9.7484	-8.8355	-8.9441	-2.7969	-7.2	-7.1753	-7.611	-7.9688	-9.4028	-7.2082	2.36	1.05	-10.1282	1.11	0.45	-7.0258	2.23	0.91
9.960417	1.875	-18.077778	NA	-9.0317	-7.0162	-3.227	-8.2357	-8.5367	-11.3255	-10.7697	-11.2644	-9.7858	-8.8702	-8.9806	-2.8015	-7.2004	-7.1721	-7.6097	-7.9678	-9.4032	-7.2095	2.35	1.05	-10.1660	1.11	0.45	-7.0258	2.23	0.91
10.085417	2	-17.952778	NA	-9.0402	-7.0114	-3.2448	-8.2301	-8.5213	-11.3584	-10.8068	-11.3128	-9.8233	-8.9031	-9.0159	-2.806	-7.2007	-7.1689	-7.6084	-7.9663	-9.4029	-7.2096	2.34	1.05	-10.2034	1.11	0.45	-7.0255	2.22	0.91
10.210417	2.125	-17.827778	NA	-9.0488	-7.0062	-3.2619	-8.2229	-8.503	-11.391	-10.8433	-11.3607	-9.8604	-8.9353	-9.0505	-2.8095	-7.1993	-7.1656	-7.6072	-7.9632	-9.4015	-7.2086	2.33	1.04	-10.2402	1.11	0.45	-7.0244	2.22	0.91
10.335417	2.25	-17.702778	NA	-9.0569	-7.002	-3.279	-8.2158	-8.4824	-11.4232	-10.8784	-11.4068	-9.8977	-8.9676	-9.0848	-2.8129	-7.1977	-7.1623	-7.6046	-7.9596	-9.3997	-7.2072	2.32	1.04	-10.2764	1.12	0.46	-7.0228	2.22	0.91
10.460417	2.375	-17.577778	NA	-9.0636	-6.9969	-3.2972	-8.2081	-8.4601	-11.4547	-10.9139	-11.452	-9.9349	-8.9992	-9.1192	-2.817	-7.1957	-7.1592	-7.6026	-7.9561	-9.3966	-7.2052	2.31	1.03	-10.3123	1.12	0.46	-7.0212	2.22	0.91
10.585417	2.5	-17.452778	NA	-9.07	-6.9901	-3.3147	-8.1995	-8.4362	-11.4864	-10.9502	-11.4982	-9.9741	-9.0303	-9.1543	-2.8206	-7.1946	-7.1556	-7.6003	-7.9532	-9.3926	-7.2021	2.30	1.03	-10.3489	1.12	0.46	-7.0195	2.21	0.90
10.710417	2.625	-17.327778	NA	-9.0772	-6.9829	-3.3324	-8.1907	-8.4106	-11.5186	-10.9867	-11.5453	-10.0126	-9.0628	-9.1888	-2.823	-7.1951	-7.1528	-7.5975	-7.9507	-9.3897	-7.1988	2.29	1.02	-10.3858	1.12	0.46	-7.0181	2.21	0.90
10.835417	2.75	-17.202778	NA	-9.0839	-6.9758	-3.3523	-8.1823	-8.3829	-11.5506	-11.0237	-11.5939	-10.05	-9.096	-9.2222	-2.8248	-7.1949	-7.1498	-7.5943	-7.9483	-9.3873	-7.1954	2.28	1.02	-10.4227	1.13	0.46	-7.0166	2.21	0.90
10.960417	2.875	-17.077778	NA	-9.091	-6.9684	-3.3733	-8.1737	-8.352	-11.583	-11.0616	-11.6424	-10.0884	-9.1285	-9.2552	-2.8275	-7.1937	-7.1457	-7.59	-7.9456	-9.3856	-7.1917	2.27	1.01	-10.4598	1.13	0.46	-7.0147	2.21	0.90
11.085417	3	-16.952778	NA	-9.1003	-6.9606	-3.3943	-8.1644	-8.3188	-11.6163	-11.0997	-11.6904	-10.1269	-9.1618	-9.2884	-2.8319	-7.1921	-7.1419	-7.5859	-7.9424	-9.3839	-7.1877	2.25	1.01	-10.4972	1.13	0.46	-7.0130	2.21	0.90
11.210417	3.125	-16.827778	NA	-9.11	-6.9521	-3.4149	-8.1547	-8.2842	-11.6498	-11.1382	-11.7387	-10.166	-9.1962	-9.3219	-2.8369	-7.19	-7.1383	-7.5812	-7.9385	-9.3823	-7.1832	2.24	1.00	-10.5351	1.14	0.46	-7.0112	2.20	0.90
11.335417	3.25	-16.702778	NA	-9.12	-6.9426	-3.434	-8.1442	-8.2467	-11.682	-11.1773	-11.7878	-10.2044	-9.2312	-9.3552	-2.8414	-7.1883	-7.134	-7.5752	-7.9355	-9.3803	-7.1775	2.23	1.00	-10.5730	1.14	0.47	-7.0091	2.20	0.90
11.460417	3.375	-16.577778	NA	-9.1309	-6.9331	-3.4519	-8.1322	-8.2064	-11.7139	-11.216	-11.837	-10.2412	-9.2651	-9.3878	-2.8454	-7.1866	-7.1296	-7.5697	-7.9331	-9.3775	-7.1709	2.22	0.99	-10.6102	1.14	0.47	-7.0070	2.20	0.90
11.585417	3.5	-16.452778	NA	-9.1406	-6.9228	-3.4693	-8.1184	-8.1635	-11.7447	-11.2523	-11.8867	-10.2774	-9.2973	-9.4199	-2.8487	-7.1841	-7.1252	-7.5645	-7.9307	-9.3751	-7.1629	2.21	0.99	-10.6464	1.15	0.47	-7.0047	2.20	0.90
11.710417	3.625	-16.327778	NA	-9.15	-6.9105	-3.4875	-8.1034	-8.1174	-11.7752	-11.2878	-11.9358	-10.3131	-9.3294	-9.4521	-2.8513	-7.1818	-7.1204	-7.5579	-7.9275	-9.3731	-7.1538	2.20	0.98	-10.6822	1.15	0.47	-7.0020	2.19	0.90
11.835417	3.75	-16.202778	NA	-9.1595	-6.8972	-3.5074	-8.0881	-8.0675	-11.8073	-11.3245	-11.9836	-10.3486	-9.3616	-9.4846	-2.8548	-7.1798	-7.1164	-7.5505	-7.9241	-9.3706	-7.1439	2.18	0.98	-10.7184	1.15	0.47	-6.9994	2.19	0.89
11.960417	3.875	-16.077778	NA	-9.1676	-6.8835	-3.5269	-8.0728	-8.0148	-11.8388	-11.3606	-12.0316	-10.3823	-9.3942	-9.5162	-2.8587	-7.1775	-7.1135	-7.5418	-7.9208	-9.3681	-7.1331	2.17	0.97	-10.7539	1.16	0.47	-6.9967	2.19	0.89
12.085417	4	-15.952778	NA	-9.175	-6.8686	-3.5465	-8.0566	-7.9598	-11.8701	-11.3959	-12.0804	-10.4161	-9.4277	-9.5468	-2.8637	-7.1747	-7.1104	-7.5331	-7.9164	-9.3658	-7.1213	2.16	0.97	-10.7895	1.16	0.47	-6.9940	2.19	0.89
12.210417	4.125	-15.827778	NA	-9.1839	-6.8533	-3.5666	-8.0396	-7.9004	-11.9028	-11.4317	-12.1295	-10.4523	-9.4607	-9.578	-2.8685	-7.1717	-7.1059	-7.5259	-7.9122	-9.3642	-7.1088	2.15	0.96	-10.8258	1.17	0.48	-6.9914	2.18	0.89
12.335417	4.25	-15.702778	NA	-9.1937	-6.8389	-3.5868	-8.0217	-7.8352	-11.9372	-11.4692	-12.1792	-10.4897	-9.494	-9.6105	-2.8716	-7.1696	-7.101	-7.5184	-7.9107	-9.3638	-7.0953	2.13	0.95	-10.8633	1.17	0.48	-6.9892	2.18	0.89
12.460417	4.375	-15.577778	NA	-9.2026	-6.8241	-3.6078	-8.0019	-7.7682	-11.9729	-11.5088	-12.2291	-10.5272	-9.5274	-9.6429	-2.8748	-7.168	-7.097	-7.5114	-7.9111	-9.3634	-7.0809	2.12	0.95	-10.9014	1.17	0.48	-6.9876	2.18	0.89
12.585417	4.5	-15.452778	NA	-9.2107	-6.8064	-3.6285	-7.9803	-7.6977	-12.0081	-11.5484	-12.279	-10.5628	-9.5611	-9.6751	-2.8783	-7.166	-7.0938	-7.5048	-7.9101	-9.3618	-7.0647	2.10	0.94	-10.9391	1.18	0.48	-6.9858	2.18	0.89
12.710417	4.625	-15.327778	NA	-9.2177	-6.786	-3.6479	-7.9573	-7.6204	-12.0426	-11.587	-12.3293	-10.5977	-9.5962	-9.7066	-2.8805	-7.1629	-7.0901	-7.4951	-7.9061	-9.3589	-7.0459	2.09	0.94	-10.9766	1.18	0.48	-6.9823	2.17	0.89
12.835417	4.75	-15.202778	NA	-9.225	-6.7656	-3.6685	-7.9336	-7.5355	-12.0765	-11.6242	-12.3798	-10.6332	-9.6322	-9.7381	-2.884	-7.1584	-7.0849	-7.4835	-7.9021	-9.3557	-7.0256	2.08	0.93	-11.0140	1.19	0.48	-6.9781	2.17	0.89
12.960417	4.875	-15.077778	NA	-9.234	-6.744	-3.6893	-7.9089	-7.4434	-12.1095	-11.6608	-12.4303	-10.6677	-9.6683	-9.7702	-2.8891	-7.153	-7.0791	-7.4727	-7.8988	-9.3525	-7.0039	2.06	0.92	-11.0511	1.19	0.49	-6.9742	2.17	0.88
13.085417	5	-14.952778	NA	-9.243	-6.7208	-3.7102	-7.8828	-7.3453	-12.1421	-11.7002	-12.4814	-10.7026	-9.7044	-9.8025	-2.8926	-7.1474	-7.073	-7.4619	-7.8953	-9.3492	-6.9804	2.05	0.92	-11.0889	1.20	0.49	-6.9699	2.16	0.88
13.210417	5.125	-14.827778	NA	-9.2511	-6.6976	-3.7309	-7.856	-7.2418	-12.1769	-11.7407	-12.5316	-10.7379	-9.7409	-9.8353	-2.8957	-7.1426	-7.0662	-7.4496	-7.892	-9.3468	-6.9555	2.04	0.91	-11.1272	1.20	0.49	-6.9655	2.16	0.88
13.335417	5.25	-14.702778	NA	-9.2599	-6.6737	-3.7509	-7.8282	-7.1307	-12.2127	-11.7807	-12.5809	-10.7723	-9.7774	-9.8678	-2.9011	-7.1385	-7.0595	-7.436	-7.8892	-9.3447	-6.9287	2.03	0.91	-11.1653	1.20	0.49	-6.9615	2.16	0.88
13.460417	5.375	-14.577778	NA	-9.2696	-6.6482	-3.7713	-7.7976	-7.0086	-12.2494	-11.8213	-12.6308	-10.808	-9.8139	-9.8998	-2.9068	-7.1342	-7.0533	-7.4206	-7.8866	-9.3424	-6.8991	2.02	0.90	-11.2039	1.21	0.49	-6.9573	2.15	0.88
13.585417	5.5	-14.452778	NA	-9.2782	-6.6216	-3.7948	-7.7634	-6.8744	-12.289	-11.863	-12.6805	-10.8473	-9.8498	-9.9317	-2.9121	-7.129	-7.0457	-7.4072	-7.8826	-9.3388	-6.8665	2.01	0.90	-11.2435	1.21	0.50	-6.9526	2.15	0.88
13.710417	5.625	-14.327778	NA	-9.2853	-6.5946	-3.8159	-7.7275	-6.7376	-12.3246	-11.9038	-12.7317	-10.8831	-9.8857	-9.9639	-2.9153	-7.1234	-7.0369	-7.3927	-7.878	-9.3349	-6.8322	2.00	0.89	-11.2821	1.22	0.50	-6.9469	2.15	0.88
13.835417	5.75	-14.202778	NA	-9.2924	-6.5657	-3.8346	-7.6911	-6.5914	-12.3595	-11.944	-12.7863	-10.9159	-9.9234	-9.9964	-2.918	-7.1209	-7.0306	-7.3763	-7.8763	-9.3344	-6.7950	1.99	0.89	-11.3209	1.22	0.50	-6.9428	2.15	0.88
13.960417	5.875	-14.077778	NA	-9.2997	-6.5345	-3.8562	-7.6537	-6.4359	-12.3987	-11.9865	-12.8406	-10.9522	-9.9618	-10.0299	-2.9234	-7.1186	-7.0257	-7.3609	-7.8749	-9.335	-6.7560	1.99	0.89	-11.3616	1.23	0.50	-6.9398	2.14	0.87
14.085417	6	-13.952778	NA	-9.3082	-6.5026	-3.8779	-7.6138	-6.2678	-12.4384	-12.0306	-12.8935	-10.9884	-10.0009	-10.0636	-2.9282	-7.1128	-7.02	-7.3438	-7.8719	-9.3337	-6.7141	1.99	0.89	-11.4026	1.23	0.50	-6.9351	2.14	0.87
14.210417	6.125	-13.827778	NA	-9.3169	-6.4708	-3.8997	-7.573	-6.0966	-12.4783	-12.0749	-12.9463	-11.025	-10.0405	-10.0973	-2.933	-7.107	-7.0143	-7.3265	-7.8689	-9.3324	-6.6714	1.99	0.89	-11.4437	1.24	0.51	-6.9303	2.14	0.87
14.335417	6.25	-13.702778	NA	-9.327	-6.4347	-3.9217	-7.5288	-5.912	-12.5192	-12.1187	-12.9994	-11.0628	-10.0802	-10.1314	-2.937	-7.1	-7.0077	-7.3088	-7.8659	-9.3313	-6.6248	2.00	0.89	-11.4853	1.24	0.51	-6.9251	2.13	0.87
14.460417	6.375	-13.577778	NA	-9.3366	-6.3943	-3.9434	-7.4801	-5.7129	-12.5595	-12.1624	-13.0529	-11.1005	-10.1185	-10.1657	-2.9416	-7.0921	-7.0014	-7.2895	-7.8633	-9.33	-6.5735	2.01	0.90	-11.5266	1.25	0.51	-6.9196	2.13	0.87
14.585417	6.5	-13.452778	NA	-9.3464	-6.3524	-3.9651	-7.4273	-5.5008	-12.5987	-12.2074	-13.1075	-11.1378	-10.1566	-10.1992	-2.9462	-7.0856	-6.996	-7.2683	-7.8611	-9.3278	-6.5184	2.03	0.91	-11.5679	1.26	0.51	-6.9142	2.13	0.87
14.710417	6.625	-13.327778	NA	-9.3563	-6.3092	-3.9864	-7.3716	-5.2794	-12.6397	-12.2536	-13.1636	-11.1759	-10.1958	-10.2319	-2.9489	-7.0795	-6.9897	-7.2467	-7.859	-9.3258	-6.4606	2.05	0.92	-11.6101	1.26	0.52	-6.9083	2.12	0.87
14.835417	6.75	-13.202778	NA	-9.3662	-6.265	-4.0071	-7.3136	-5.0469	-12.6829	-12.3009	-13.2202	-11.2137	-10.2354	-10.2648	-2.9528	-7.0732	-6.9823	-7.2237	-7.8572	-9.3256	-6.3998	2.07	0.93	-11.6530	1.27	0.52	-6.9025	2.12	0.87
14.960417	6.875	-13.077778	NA	-9.3756	-6.2181	-4.0281	-7.2528	-4.8027	-12.7259	-12.3474	-13.2754	-11.2515	-10.2744	-10.2978	-2.9589	-7.0669	-6.9746	-7.2002	-7.855	-9.3245	-6.3355	2.11	0.94	-11.6954	1.28	0.52	-6.8967	2.12	0.86
15.085417	7	-12.952778	NA	-9.3866	-6.1679	-4.0496	-7.1869	-4.5466	-12.7682	-12.3932	-13.3297	-11.2893	-10.3125	-10.3313	-2.9643	-7.0599	-6.9671	-7.1738	-7.8516	-9.3214	-6.2675	2.15	0.96	-11.7374	1.28	0.52	-6.8897	2.11	0.86
15.210417	7.125	-12.827778	NA	-9.3982	-6.1149	-4.0713	-7.1168	-4.2768	-12.8092	-12.4409	-13.3853	-11.3279	-10.3518	-10.3654	-2.9688	-7.0527	-6.9603	-7.1466	-7.8486	-9.3183	-6.1956	2.20	0.98	-11.7801	1.29	0.53	-6.8826	2.11	0.86
15.335417	7.25	-12.702778	NA	-9.408	-6.0582	-4.0937	-7.0446	-3.9943	-12.8502	-12.4897	-13.4416	-11.3676	-10.3933	-10.3998	-2.974	-7.0458	-6.9541	-7.1175	-7.8459	-9.3162	-6.1198	2.25	1.01	-11.8237	1.30	0.53	-6.8756	2.11	0.86
15.460417	7.375	-12.577778	NA	-9.4159	-5.9992	-4.1161	-6.9697	-3.7013	-12.8919	-12.5383	-13.4989	-11.4071	-10.4358	-10.4333	-2.9789	-7.0381	-6.9465	-7.0866	-7.8427	-9.3144	-6.0404	2.31	1.04	-11.8675	1.30	0.53	-6.8679	2.10	0.86
15.585417	7.5	-12.452778	NA	-9.4226	-5.9383	-4.1382	-6.8904	-3.3971	-12.9349	-12.5862	-13.5572	-11.4473	-10.4788	-10.4682	-2.9827	-7.0224	-6.9378	-7.0551	-7.8393	-9.3124	-5.9573	2.38	1.07	-11.9121	1.31	0.53	-6.8583	2.10	0.86
15.710417	7.625	-12.327778	NA	-9.4308	-5.875	-4.1609	-6.8073	-3.0781	-12.9795	-12.6353	-13.6152	-11.4887	-10.5221	-10.5051	-2.9873	-6.9969	-6.9292	-7.0228	-7.8355	-9.3098	-5.8704	2.46	1.10	-11.9577	1.31	0.54	-6.8469	2.10	0.86
15.835417	7.75	-12.202778	NA	-9.4391	-5.8085	-4.1844	-6.7204	-2.7415	-13.0251	-12.6851	-13.6731	-11.5304	-10.5646	-10.541	-2.9934	-6.9761	-6.9204	-6.9907	-7.832	-9.3073	-5.7788	2.55	1.14	-12.0032	1.32	0.54	-6.8366	2.09	0.85
15.960417	7.875	-12.077778	NA	-9.4473	-5.7377	-4.2089	-6.6287	-2.3844	-13.071	-12.7353	-13.7327	-11.5717	-10.6078	-10.5775	-2.9985	-6.9627	-6.9114	-6.9566	-7.8291	-9.3045	-5.6814	2.65	1.19	-12.0493	1.33	0.54	-6.8271	2.09	0.85
16.085417	8	-11.952778	NA	-9.4555	-5.6654	-4.2327	-6.5357	-2.0249	-13.1164	-12.7856	-13.793	-11.6116	-10.6512	-10.614	-3.0016	-6.9494	-6.9027	-6.9183	-7.8267	-9.3013	-5.5828	2.76	1.23	-12.0953	1.34	0.55	-6.8167	2.09	0.85
16.210417	8.125	-11.827778	NA	-9.4657	-5.5912	-4.2552	-6.4386	-1.6466	-13.1623	-12.8383	-13.8545	-11.6529	-10.6963	-10.6515	-3.0045	-6.9358	-6.8926	-6.8778	-7.8242	-9.2978	-5.4795	2.87	1.28	-12.1426	1.34	0.55	-6.8055	2.08	0.85
16.335417	8.25	-11.702778	NA	-9.4767	-5.5142	-4.2774	-6.3339	-1.254	-13.2094	-12.8911	-13.916	-11.6952	-10.7403	-10.6877	-3.0096	-6.9221	-6.8809	-6.8372	-7.822	-9.2943	-5.3712	3.00	1.34	-12.1899	1.35	0.55	-6.7943	2.08	0.85
16.460417	8.375	-11.577778	NA	-9.4867	-5.4338	-4.2994	-6.2226	-0.8509	-13.2565	-12.9421	-13.9767	-11.7368	-10.7836	-10.7236	-3.015	-6.909	-6.8701	-6.7948	-7.8196	-9.2911	-5.2587	3.13	1.40	-12.2365	1.36	0.55	-6.7833	2.08	0.85
16.585417	8.5	-11.452778	NA	-9.4966	-5.352	-4.321	-6.1071	-0.4339	-13.3037	-12.993	-14.0375	-11.7785	-10.8277	-10.7591	-3.0201	-6.8962	-6.8605	-6.7486	-7.8164	-9.2882	-5.1421	3.27	1.46	-12.2832	1.37	0.56	-6.7717	2.07	0.85
16.710417	8.625	-11.327778	NA	-9.5055	-5.2683	-4.3428	-5.9878	-4e-04	-13.351	-13.0457	-14.0981	-11.8214	-10.8715	-10.7953	-3.0257	-6.8827	-6.8511	-6.6999	-7.8136	-9.2853	-5.0210	3.42	1.53	-12.3305	1.37	0.56	-6.7597	2.07	0.85
16.835417	8.75	-11.202778	NA	-9.5144	-5.1818	-4.3649	-5.8647	0.4572	-13.3986	-13.0993	-14.1593	-11.8645	-10.9157	-10.8335	-3.0315	-6.8694	-6.8417	-6.6493	-7.8109	-9.2823	-4.8937	3.58	1.60	-12.3785	1.38	0.56	-6.7475	2.07	0.84
16.960417	8.875	-11.077778	NA	-9.5237	-5.0927	-4.387	-5.7408	0.9169	-13.4468	-13.153	-14.2218	-11.9064	-10.9611	-10.8725	-3.0372	-6.8571	-6.8317	-6.5951	-7.8081	-9.2798	-4.7655	3.75	1.68	-12.4269	1.39	0.57	-6.7348	2.07	0.84
17.085417	9	-10.952778	NA	-9.5321	-4.9986	-4.4083	-5.6117	1.3834	-13.495	-13.2061	-14.2837	-11.9483	-11.0064	-10.9105	-3.0408	-6.8448	-6.8215	-6.5372	-7.8057	-9.2777	-4.6335	3.92	1.75	-12.4750	1.39	0.57	-6.7213	2.06	0.84
17.210417	9.125	-10.827778	NA	-9.5401	-4.8983	-4.4292	-5.476	1.8398	-13.5432	-13.2589	-14.3453	-11.9917	-11.0513	-10.9475	-3.0431	-6.8316	-6.8112	-6.4768	-7.8035	-9.2753	-4.5008	4.08	1.83	-12.5230	1.40	0.57	-6.7069	2.06	0.84
17.335417	9.25	-10.702778	NA	-9.5489	-4.7931	-4.4511	-5.333	2.3009	-13.5929	-13.3141	-14.4083	-12.0365	-11.0963	-10.9847	-3.047	-6.8185	-6.8003	-6.4146	-7.8009	-9.2725	-4.3650	4.26	1.90	-12.5721	1.41	0.58	-6.6923	2.06	0.84
17.460417	9.375	-10.577778	NA	-9.5581	-4.6846	-4.4739	-5.1845	2.772	-13.6438	-13.3698	-14.4718	-12.0824	-11.1412	-11.0222	-3.0514	-6.8057	-6.7888	-6.3503	-7.7981	-9.2694	-4.2258	4.43	1.98	-12.6219	1.42	0.58	-6.6773	2.06	0.84
17.585417	9.5	-10.452778	NA	-9.5662	-4.573	-4.497	-5.029	3.2717	-13.6949	-13.4254	-14.5354	-12.1286	-11.1871	-11.0597	-3.055	-6.7929	-6.7773	-6.2824	-7.7954	-9.2667	-4.0787	4.62	2.07	-12.6718	1.43	0.58	-6.6616	2.06	0.84
17.710417	9.625	-10.327778	NA	-9.5742	-4.4567	-4.5212	-4.872	3.7907	-13.7466	-13.4817	-14.5999	-12.1746	-11.2342	-11.0983	-3.0582	-6.7796	-6.7647	-6.211	-7.7931	-9.2643	-3.9267	4.82	2.16	-12.7226	1.44	0.59	-6.6452	2.06	0.84
17.835417	9.75	-10.202778	NA	-9.5841	-4.3353	-4.5468	-4.7073	4.3089	-13.7985	-13.5387	-14.6647	-12.2209	-11.2815	-11.1389	-3.0626	-6.7661	-6.7517	-6.1354	-7.7907	-9.2623	-3.7729	5.02	2.25	-12.7739	1.44	0.59	-6.6281	2.06	0.84
17.960417	9.875	-10.077778	NA	-9.5947	-4.2107	-4.5699	-4.5386	4.8344	-13.8504	-13.5958	-14.7295	-12.2661	-11.3285	-11.1791	-3.067	-6.7528	-6.7389	-6.0599	-7.7879	-9.2604	-3.6159	5.23	2.34	-12.8249	1.45	0.59	-6.6112	2.06	0.84
18.085417	10	-9.952778	NA	-9.6055	-4.0812	-4.5919	-4.3652	5.3756	-13.9042	-13.6521	-14.7939	-12.3113	-11.3752	-11.2183	-3.0722	-6.7388	-6.7263	-5.981	-7.7846	-9.2588	-3.4536	5.44	2.43	-12.8758	1.46	0.60	-6.5936	2.07	0.84
18.210417	10.125	-9.827778	NA	-9.6158	-3.9466	-4.6141	-4.1889	5.9332	-13.9585	-13.7079	-14.8588	-12.3582	-11.4225	-11.2577	-3.0772	-6.7244	-6.712	-5.9009	-7.7813	-9.2554	-3.2864	5.66	2.53	-12.9273	1.47	0.60	-6.5752	2.07	0.84
18.335417	10.25	-9.702778	NA	-9.6255	-3.8077	-4.6354	-4.0047	6.5051	-14.0109	-13.7644	-14.925	-12.4046	-11.4705	-11.2978	-3.0808	-6.7107	-6.6977	-5.8177	-7.7775	-9.2518	-3.1136	5.88	2.63	-12.9789	1.48	0.60	-6.5560	2.07	0.85
18.460417	10.375	-9.577778	NA	-9.6354	-3.6643	-4.659	-3.8093	7.0934	-14.0645	-13.8215	-14.9909	-12.4512	-11.5194	-11.3378	-3.0844	-6.697	-6.6839	-5.7314	-7.774	-9.2489	-2.9349	6.12	2.74	-13.0309	1.48	0.61	-6.5366	2.07	0.85
18.585417	10.5	-9.452778	NA	-9.645	-3.515	-4.6832	-3.612	7.7026	-14.12	-13.8801	-15.0568	-12.4992	-11.5693	-11.3776	-3.0903	-6.6821	-6.6685	-5.6446	-7.7708	-9.2459	-2.7505	6.36	2.84	-13.0838	1.49	0.61	-6.5170	2.08	0.85
18.710417	10.625	-9.327778	NA	-9.6545	-3.3581	-4.7072	-3.4141	8.3324	-14.1757	-13.9392	-15.1238	-12.5475	-11.6189	-11.4181	-3.0969	-6.6677	-6.6524	-5.5555	-7.767	-9.2424	-2.5603	6.61	2.96	-13.1372	1.50	0.61	-6.4970	2.08	0.85
18.835417	10.75	-9.202778	NA	-9.664	-3.1949	-4.7298	-3.2151	8.9816	-14.2308	-13.997	-15.1916	-12.5958	-11.6678	-11.4587	-3.1028	-6.6534	-6.6363	-5.4659	-7.7619	-9.238	-2.3644	6.87	3.07	-13.1903	1.51	0.62	-6.4764	2.09	0.85
18.960417	10.875	-9.077778	NA	-9.6736	-3.0276	-4.7518	-3.0078	9.6527	-14.2856	-14.0546	-15.2592	-12.6434	-11.7164	-11.499	-3.1081	-6.6381	-6.6195	-5.3741	-7.7562	-9.2334	-2.1616	7.14	3.20	-13.2430	1.52	0.62	-6.4549	2.09	0.85
19.085417	11	-8.952778	NA	-9.6833	-2.855	-4.7759	-2.7937	10.3451	-14.3403	-14.1126	-15.3262	-12.6925	-11.766	-11.54	-3.1137	-6.6227	-6.6018	-5.281	-7.7516	-9.2297	-1.9526	7.42	3.32	-13.2963	1.53	0.62	-6.4334	2.10	0.86
19.210417	11.125	-8.827778	NA	-9.6925	-2.6755	-4.7998	-2.5693	11.0594	-14.3953	-14.171	-15.3927	-12.7427	-11.8164	-11.5816	-3.1199	-6.6063	-6.5828	-5.1867	-7.7469	-9.2269	-1.7355	7.71	3.45	-13.3499	1.54	0.63	-6.4116	2.10	0.86
19.335417	11.25	-8.702778	NA	-9.701	-2.487	-4.8223	-2.334	11.7996	-14.4506	-14.2305	-15.46	-12.7916	-11.8663	-11.623	-3.1255	-6.5882	-6.5625	-5.0906	-7.7412	-9.2235	-1.5089	8.01	3.58	-13.4037	1.54	0.63	-6.3886	2.11	0.86
19.460417	11.375	-8.577778	NA	-9.7101	-2.2869	-4.8461	-2.0957	12.5631	-14.5078	-14.2912	-15.5287	-12.8409	-11.9167	-11.665	-3.1313	-6.5667	-6.5419	-4.9919	-7.7357	-9.2202	-1.2751	8.32	3.72	-13.4584	1.55	0.63	-6.3646	2.12	0.86
19.585417	11.5	-8.452778	NA	-9.7204	-2.0809	-4.8702	-1.8583	13.3469	-14.5674	-14.3532	-15.5979	-12.8921	-11.9683	-11.7077	-3.1372	-6.5443	-6.52	-4.8881	-7.7312	-9.2171	-1.0366	8.64	3.86	-13.5144	1.56	0.64	-6.3396	2.13	0.87
19.710417	11.625	-8.327778	NA	-9.7313	-1.8687	-4.8942	-1.6183	14.1712	-14.6269	-14.4162	-15.6673	-12.9446	-12.02	-11.7504	-3.1425	-6.5176	-6.4962	-4.7797	-7.7265	-9.2136	-0.7883	8.98	4.02	-13.5709	1.57	0.64	-6.3127	2.14	0.87
19.835417	11.75	-8.202778	NA	-9.742	-1.644	-4.9182	-1.3737	15.0369	-14.6865	-14.4788	-15.7375	-12.9965	-12.0708	-11.7934	-3.1488	-6.4882	-6.472	-4.6699	-7.7212	-9.2097	-0.5282	9.33	4.17	-13.6273	1.58	0.65	-6.2850	2.15	0.88
19.960417	11.875	-8.077778	NA	-9.7523	-1.4102	-4.9415	-1.123	15.9204	-14.7464	-14.5407	-15.8082	-13.0472	-12.1211	-11.8363	-3.1558	-6.4647	-6.445	-4.5581	-7.7158	-9.2067	-0.2613	9.69	4.34	-13.6833	1.59	0.65	-6.2577	2.16	0.88
20.085417	12	-7.952778	NA	-9.7625	-1.1679	-4.9651	-0.8667	16.8348	-14.8049	-14.6028	-15.8792	-13.0969	-12.1723	-11.8794	-3.1616	-6.4439	-6.4164	-4.4409	-7.7098	-9.203	0.0145	10.07	4.50	-13.7393	1.60	0.65	-6.2293	2.18	0.89
20.210417	12.125	-7.827778	NA	-9.7724	-0.9174	-4.9904	-0.6002	17.785	-14.8631	-14.6652	-15.9499	-13.147	-12.2248	-11.9232	-3.167	-6.4237	-6.3887	-4.3215	-7.7044	-9.1981	0.3009	10.46	4.68	-13.7955	1.61	0.66	-6.2006	2.19	0.90
20.335417	12.25	-7.702778	NA	-9.7821	-0.6594	-5.0159	-0.3162	18.7506	-14.9214	-14.7285	-16.0198	-13.1975	-12.2777	-11.967	-3.1733	-6.4032	-6.3597	-4.2009	-7.6994	-9.1931	0.5954	10.85	4.85	-13.8520	1.62	0.66	-6.1716	2.21	0.90
20.460417	12.375	-7.577778	NA	-9.7915	-0.3916	-5.0404	-0.0192	19.7288	-14.9813	-14.7926	-16.0907	-13.2506	-12.3309	-12.011	-3.1799	-6.3823	-6.329	-4.0739	-7.6936	-9.1873	0.8972	11.25	5.03	-13.9095	1.63	0.66	-6.1410	2.23	0.91
20.585417	12.5	-7.452778	NA	-9.8003	-0.1142	-5.0657	0.2847	20.7329	-15.0424	-14.8572	-16.1635	-13.3053	-12.3853	-12.0563	-3.1864	-6.3613	-6.2986	-3.9428	-7.6887	-9.1824	1.2075	11.67	5.22	-13.9683	1.63	0.67	-6.1100	2.25	0.92
20.710417	12.625	-7.327778	NA	-9.8092	0.1766	-5.0927	0.5963	21.7725	-15.1038	-14.9218	-16.237	-13.3585	-12.4404	-12.1024	-3.1921	-6.3394	-6.2676	-3.8117	-7.6839	-9.1785	1.5287	12.09	5.41	-14.0273	1.64	0.67	-6.0789	2.27	0.93
20.835417	12.75	-7.202778	NA	-9.819	0.4798	-5.119	0.9165	22.8572	-15.1647	-14.9858	-16.3091	-13.4111	-12.4949	-12.1484	-3.198	-6.3175	-6.2345	-3.6796	-7.6768	-9.1736	1.8631	12.54	5.61	-14.0857	1.65	0.67	-6.0467	2.29	0.94
20.960417	12.875	-7.077778	NA	-9.8293	0.8598	-5.1437	1.307	24.2858	-15.2254	-15.05	-16.38	-13.4643	-12.549	-12.1937	-3.2045	-6.295	-6.1933	-3.5319	-7.6686	-9.1683	2.2959	13.12	5.87	-14.1437	1.66	0.68	-6.0103	2.32	0.95
21.085417	13	-6.952778	NA	-9.8382	1.3734	-5.1659	1.7888	25.9767	-15.2865	-15.1147	-16.4503	-13.5177	-12.6028	-12.2385	-3.2105	-6.2655	-6.1339	-3.3047	-7.6592	-9.1619	2.8270	13.81	6.18	-14.2018	1.67	0.68	-5.9559	2.36	0.96
21.210417	13.125	-6.827778	NA	-9.846	1.8871	-5.1879	2.2707	27.6676	-15.3477	-15.1793	-16.5206	-13.571	-12.6565	-12.2833	-3.2162	-6.236	-6.0744	-3.0605	-7.6499	-9.1554	3.3583	14.51	6.49	-14.2597	1.68	0.69	-5.8987	2.41	0.98
21.335417	13.25	-6.702778	NA	-9.8538	2.4007	-5.21	2.7526	29.3586	-15.4089	-15.244	-16.5909	-13.6244	-12.7103	-12.3281	-3.222	-6.2064	-6.0149	-2.8162	-7.6405	-9.149	3.8896	15.20	6.80	-14.3178	1.69	0.69	-5.8415	2.46	1.01
21.460417	13.375	-6.577778	NA	-9.8616	2.9143	-5.232	3.2344	31.0495	-15.4701	-15.3087	-16.6612	-13.6778	-12.7641	-12.3729	-3.2277	-6.1769	-5.9554	-2.5719	-7.6312	-9.1426	4.4209	15.89	7.11	-14.3758	1.70	0.69	-5.7843	2.52	1.03
21.585417	13.5	-6.452778	NA	-9.8694	3.4279	-5.2541	3.7163	32.7404	-15.5313	-15.3734	-16.7315	-13.7312	-12.8178	-12.4176	-3.2335	-6.1474	-5.896	-2.3277	-7.6219	-9.1362	4.9522	16.58	7.42	-14.4338	1.71	0.70	-5.7271	2.58	1.05
21.710417	13.625	-6.327778	NA	-9.8772	3.9416	-5.2761	4.1982	34.4313	-15.5925	-15.4381	-16.8018	-13.7845	-12.8716	-12.4624	-3.2392	-6.1178	-5.8365	-2.0834	-7.6125	-9.1297	5.4836	17.28	7.73	-14.4918	1.71	0.70	-5.6699	2.64	1.08
21.835417	13.75	-6.202778	NA	-9.885	4.4552	-5.2981	4.68	36.1222	-15.6537	-15.5028	-16.8721	-13.8379	-12.9254	-12.5072	-3.245	-6.0883	-5.777	-1.8391	-7.6032	-9.1233	6.0149	17.97	8.04	-14.5498	1.72	0.70	-5.6127	2.70	1.10
21.960417	13.875	-6.077778	NA	-9.8929	4.9688	-5.3202	5.1619	37.8132	-15.7149	-15.5674	-16.9423	-13.8913	-12.9791	-12.552	-3.2507	-6.0588	-5.7175	-1.5949	-7.5938	-9.1169	6.5462	18.66	8.35	-14.6078	1.73	0.71	-5.5554	2.76	1.13
22.085417	14	-5.952778	NA	-9.9007	5.4824	-5.3422	5.6438	39.5041	-15.7761	-15.6321	-17.0126	-13.9446	-13.0329	-12.5968	-3.2564	-6.0292	-5.6581	-1.3506	-7.5845	-9.1104	7.0775	19.36	8.66	-14.6658	1.74	0.71	-5.4982	2.83	1.15
22.210417	14.125	-5.827778	NA	-9.9085	5.9961	-5.3643	6.1256	41.195	-15.8373	-15.6968	-17.0829	-13.998	-13.0867	-12.6416	-3.2622	-5.9997	-5.5986	-1.1063	-7.5752	-9.104	7.6088	20.05	8.97	-14.7239	1.75	0.71	-5.4410	2.89	1.18
22.335417	14.25	-5.702778	NA	-9.9163	6.5097	-5.3863	6.6075	42.8859	-15.8985	-15.7615	-17.1532	-14.0514	-13.1405	-12.6864	-3.2679	-5.9702	-5.5391	-0.8621	-7.5658	-9.0976	8.1401	20.74	9.28	-14.7819	1.76	0.72	-5.3838	2.96	1.21
22.460417	14.375	-5.577778	NA	-9.9241	7.0233	-5.4083	7.0894	44.5768	-15.9597	-15.8262	-17.2235	-14.1047	-13.1942	-12.7312	-3.2737	-5.9406	-5.4796	-0.6178	-7.5565	-9.0912	8.6714	21.44	9.59	-14.8399	1.77	0.72	-5.3266	3.03	1.24
22.585417	14.5	-5.452778	NA	-9.9319	7.5369	-5.4304	7.5712	46.2678	-16.0209	-15.8908	-17.2938	-14.1581	-13.248	-12.776	-3.2794	-5.9111	-5.4202	-0.3735	-7.5471	-9.0847	9.2027	22.13	9.90	-14.8979	1.78	0.72	-5.2693	3.10	1.27
22.710417	14.625	-5.327778	NA	-9.9397	8.0506	-5.4524	8.0531	47.9587	-16.0821	-15.9555	-17.3641	-14.2115	-13.3018	-12.8208	-3.2852	-5.8816	-5.3607	-0.1293	-7.5378	-9.0783	9.7341	22.83	10.21	-14.9560	1.78	0.73	-5.2122	3.17	1.30
22.835417	14.75	-5.202778	NA	-9.9475	8.5642	-5.4745	8.535	49.6496	-16.1433	-16.0202	-17.4344	-14.2648	-13.3555	-12.8656	-3.2909	-5.852	-5.3012	0.115	-7.5285	-9.0719	10.2654	23.52	10.52	-15.0140	1.79	0.73	-5.1549	3.25	1.33
22.960417	14.875	-5.077778	NA	-9.9553	9.0778	-5.4965	9.0168	51.3405	-16.2045	-16.0849	-17.5047	-14.3182	-13.4093	-12.9104	-3.2966	-5.8225	-5.2417	0.3593	-7.5191	-9.0655	10.7967	24.22	10.83	-15.0720	1.80	0.74	-5.0977	3.32	1.36
23.085417	15	-4.952778	NA	-9.9632	9.5914	-5.5185	9.4987	53.0314	-16.2657	-16.1496	-17.575	-14.3716	-13.4631	-12.9551	-3.3024	-5.793	-5.1823	0.6035	-7.5098	-9.059	11.3280	24.91	11.14	-15.1300	1.81	0.74	-5.0405	3.40	1.39
23.210417	15.125	-4.827778	NA	-9.971	10.1051	-5.5406	9.9805	54.7224	-16.3269	-16.2143	-17.6453	-14.4249	-13.5168	-12.9999	-3.3081	-5.7634	-5.1228	0.8478	-7.5004	-9.0526	11.8593	25.61	11.45	-15.1880	1.82	0.74	-4.9832	3.47	1.42
23.335417	15.25	-4.702778	NA	-9.9788	10.6187	-5.5626	10.4624	56.4133	-16.3881	-16.2789	-17.7156	-14.4783	-13.5706	-13.0447	-3.3139	-5.7339	-5.0633	1.0921	-7.4911	-9.0462	12.3906	26.30	11.76	-15.2460	1.83	0.75	-4.9261	3.55	1.45
23.460417	15.375	-4.577778	NA	-9.9866	11.1323	-5.5847	10.9443	58.1042	-16.4493	-16.3436	-17.7859	-14.5317	-13.6244	-13.0895	-3.3196	-5.7044	-5.0038	1.3363	-7.4817	-9.0398	12.9219	27.00	12.07	-15.3041	1.84	0.75	-4.8688	3.63	1.48
23.585417	15.5	-4.452778	NA	-9.9944	11.6459	-5.6067	11.4261	59.7951	-16.5105	-16.4083	-17.8562	-14.5851	-13.6781	-13.1343	-3.3254	-5.6748	-4.9444	1.5806	-7.4724	-9.0333	13.4532	27.69	12.39	-15.3621	1.85	0.75	-4.8116	3.71	1.51
23.710417	15.625	-4.327778	NA	-10.0013	12.2429	-5.6287	11.9881	61.8698	-16.5699	-16.4712	-17.9264	-14.6365	-13.731	-13.1783	-3.3303	-5.6445	-4.8771	1.8975	-7.4623	-9.0266	14.0942	28.55	12.77	-15.4189	1.85	0.76	-4.7405	3.81	1.56
23.835417	15.75	-4.202778	NA	-10.0089	12.9588	-5.6475	12.6586	64.2321	-16.6293	-16.5335	-17.9963	-14.688	-13.7833	-13.2219	-3.3338	-5.6054	-4.7904	2.231	-7.4505	-9.0186	14.8386	29.52	13.20	-15.4754	1.86	0.76	-4.6613	3.92	1.60
23.960417	15.875	-4.077778	NA	-10.0161	13.6908	-5.6672	13.3713	66.6717	-16.6899	-16.5969	-18.0664	-14.7406	-13.8357	-13.2651	-3.3367	-5.5419	-4.6963	2.5695	-7.4385	-9.0105	15.6101	30.52	13.65	-15.5324	1.87	0.76	-4.5757	4.03	1.65
24.085417	16	-3.952778	NA	-10.0229	14.4409	-5.6869	14.103	69.1404	-16.7505	-16.6607	-18.1373	-14.7933	-13.8879	-13.308	-3.3395	-5.4789	-4.5991	2.9085	-7.4258	-9.0022	16.3949	31.53	14.10	-15.5896	1.88	0.77	-4.4895	4.15	1.69
24.210417	16.125	-3.827778	NA	-10.0283	15.2087	-5.7076	14.8374	71.609	-16.8113	-16.7239	-18.2072	-14.8455	-13.9388	-13.3505	-3.3433	-5.4244	-4.5018	3.2458	-7.4124	-8.9937	17.1838	32.54	14.55	-15.6462	1.89	0.77	-4.4050	4.26	1.74
24.335417	16.25	-3.702778	NA	-10.0331	16.0065	-5.7281	15.5878	74.1478	-16.8724	-16.7872	-18.2763	-14.8971	-13.9895	-13.3933	-3.348	-5.3953	-4.4041	3.5828	-7.3978	-8.9854	17.9962	33.58	15.02	-15.7026	1.90	0.78	-4.3246	4.38	1.79
24.460417	16.375	-3.577778	NA	-10.0364	16.8256	-5.7486	16.3578	76.751	-16.9331	-16.8513	-18.3472	-14.949	-14.0423	-13.4365	-3.3528	-5.3659	-4.3044	3.9249	-7.3835	-8.979	18.8299	34.65	15.50	-15.7599	1.91	0.78	-4.2435	4.50	1.84
24.585417	16.5	-3.452778	NA	-10.0397	17.664	-5.7691	17.1477	79.5946	-16.9939	-16.9154	-18.4198	-15.0002	-14.0961	-13.4803	-3.3571	-5.3357	-4.2005	4.2862	-7.3697	-8.9734	19.7195	35.82	16.02	-15.8176	1.92	0.78	-4.1584	4.62	1.89
24.710417	16.625	-3.327778	NA	-10.0431	18.5237	-5.7908	17.9757	82.5427	-17.0571	-16.9811	-18.4914	-15.0529	-14.1494	-13.5252	-3.3616	-5.3057	-4.0901	4.6583	-7.3554	-8.9671	20.6416	37.03	16.56	-15.8762	1.93	0.79	-4.0703	4.75	1.94
24.835417	16.75	-3.202778	NA	-10.0488	19.408	-5.8131	18.8307	85.6434	-17.121	-17.0473	-18.562	-15.1075	-14.2027	-13.571	-3.3663	-5.2768	-3.972	5.0292	-7.3418	-8.9598	21.6040	38.30	17.13	-15.9352	1.94	0.79	-3.9812	4.89	1.99
24.960417	16.875	-3.077778	NA	-10.0549	20.3164	-5.835	19.6838	88.7396	-17.1844	-17.1131	-18.6332	-15.1628	-14.2563	-13.6178	-3.3706	-5.2497	-3.8468	5.4158	-7.3292	-8.9518	22.5700	39.57	17.70	-15.9946	1.95	0.80	-3.8887	5.02	2.05
25.085417	17	-2.952778	NA	-10.0609	21.2464	-5.858	20.5442	91.7924	-17.2489	-17.1803	-18.7058	-15.2187	-14.3101	-13.6656	-3.3739	-5.221	-3.7206	5.8174	-7.3117	-8.9448	23.5328	40.82	18.26	-16.0549	1.96	0.80	-3.7924	5.17	2.11
25.210417	17.125	-2.827778	NA	-10.0668	22.1998	-5.8805	21.4417	94.8536	-17.315	-17.2489	-18.7794	-15.2739	-14.3643	-13.7116	-3.3774	-5.1789	-3.594	6.2346	-7.2845	-8.9378	24.5096	42.08	18.82	-16.1155	1.97	0.80	-3.6897	5.32	2.17
25.335417	17.25	-2.702778	NA	-10.0721	23.1818	-5.9028	22.3663	97.9603	-17.38	-17.3178	-18.8543	-15.3286	-14.419	-13.7564	-3.3816	-5.1323	-3.4646	6.6766	-7.2606	-8.9287	25.5067	43.35	19.39	-16.1760	1.98	0.81	-3.5819	5.47	2.23
25.460417	17.375	-2.577778	NA	-10.0774	24.1943	-5.9253	23.297	101.1199	-17.4449	-17.3871	-18.93	-15.3839	-14.4752	-13.8029	-3.3863	-5.0925	-3.3347	7.1199	-7.2446	-8.9197	26.5217	44.65	19.97	-16.2373	1.99	0.81	-3.4763	5.63	2.30
25.585417	17.5	-2.452778	NA	-10.0827	25.2357	-5.9481	24.2404	104.3311	-17.5112	-17.4568	-19.0062	-15.4409	-14.5334	-13.8514	-3.3917	-5.0577	-3.198	7.5838	-7.2277	-8.9127	27.5553	45.96	20.55	-16.3000	2.00	0.82	-3.3673	5.80	2.37
25.710417	17.625	-2.327778	NA	-10.0874	26.3059	-5.972	25.2159	107.5709	-17.578	-17.5266	-19.0835	-15.4984	-14.5924	-13.9002	-3.3959	-5.0285	-3.0502	8.0611	-7.2103	-8.906	28.6067	47.29	21.15	-16.3632	2.01	0.82	-3.2550	5.98	2.44
25.835417	17.75	-2.202778	NA	-10.0932	27.4057	-5.9955	26.2264	110.8078	-17.6448	-17.5971	-19.1624	-15.5563	-14.6505	-13.9496	-3.3996	-5.001	-2.9033	8.5485	-7.1937	-8.8991	29.6702	48.61	21.74	-16.4268	2.02	0.82	-3.1414	6.16	2.52
25.960417	17.875	-2.077778	NA	-10.0994	28.5408	-6.019	27.234	114.0625	-17.7123	-17.6685	-19.2415	-15.6144	-14.7087	-13.9997	-3.4039	-4.9731	-2.7577	9.0396	-7.1779	-8.8928	30.7438	49.95	22.34	-16.4909	2.03	0.83	-3.0276	6.34	2.59
26.085417	18	-1.952778	NA	-10.1031	29.6978	-6.0422	28.2299	117.3913	-17.7812	-17.7403	-19.3197	-15.6727	-14.7675	-14.0496	-3.4086	-4.9434	-2.6014	9.5356	-7.1622	-8.8853	31.8347	51.31	22.95	-16.5552	2.04	0.83	-2.9109	6.53	2.67
26.210417	18.125	-1.827778	NA	-10.1064	30.8748	-6.0655	29.2334	120.7985	-17.8497	-17.813	-19.3982	-15.7324	-14.8269	-14.0991	-3.4138	-4.9146	-2.4263	10.0387	-7.1464	-8.8767	32.9470	52.71	23.57	-16.6199	2.05	0.84	-2.7898	6.72	2.74
26.335417	18.25	-1.702778	NA	-10.1126	32.0869	-6.0891	30.2461	124.257	-17.9187	-17.886	-19.4771	-15.7933	-14.8866	-14.1483	-3.4191	-4.8883	-2.2363	10.5481	-7.1301	-8.868	34.0777	54.12	24.20	-16.6850	2.06	0.84	-2.6656	6.91	2.82
26.460417	18.375	-1.577778	NA	-10.1199	33.3276	-6.1115	31.2678	127.729	-17.9897	-17.9594	-19.5564	-15.8544	-14.9462	-14.1978	-3.4235	-4.8629	-2.0409	11.0708	-7.1133	-8.8593	35.2186	55.55	24.84	-16.7507	2.07	0.85	-2.5382	7.11	2.90
26.585417	18.5	-1.452778	NA	-10.127	34.597	-6.1362	32.2963	131.2339	-18.061	-18.0342	-19.6361	-15.9163	-15.0058	-14.2477	-3.4283	-4.8361	-1.8461	11.6086	-7.0967	-8.8511	36.3728	56.98	25.48	-16.8168	2.08	0.85	-2.4083	7.31	2.98
26.710417	18.625	-1.327778	NA	-10.134	35.8949	-6.1615	33.3366	134.7749	-18.1316	-18.1096	-19.7167	-15.9785	-15.0668	-14.2982	-3.4346	-4.8082	-1.6593	12.1653	-7.0801	-8.8426	37.5422	58.43	26.13	-16.8836	2.09	0.85	-2.2766	7.52	3.07
26.835417	18.75	-1.202778	NA	-10.1423	37.2209	-6.1853	34.4087	138.3567	-18.2021	-18.1849	-19.7981	-16.0389	-15.1286	-14.3497	-3.4399	-4.7805	-1.4405	12.7337	-7.0637	-8.8343	38.7317	59.90	26.79	-16.9504	2.10	0.86	-2.1375	7.74	3.16
26.960417	18.875	-1.077778	NA	-10.1517	38.5799	-6.2092	35.5143	142.0913	-18.2731	-18.2609	-19.8793	-16.0998	-15.1897	-14.4015	-3.4448	-4.7537	-1.1506	13.3017	-7.0468	-8.8275	39.9649	61.43	27.47	-17.0174	2.11	0.86	-1.9870	7.96	3.25
27.085417	19	-0.952778	NA	-10.1605	39.9705	-6.2327	36.6264	146.1125	-18.3447	-18.3373	-19.9606	-16.1624	-15.2505	-14.4528	-3.4506	-4.7282	-0.8813	13.8885	-7.0284	-8.8195	41.2632	63.08	28.21	-17.0847	2.12	0.87	-1.8366	8.18	3.34
27.210417	19.125	-0.827778	NA	-10.1694	41.3779	-6.2569	37.7458	150.1977	-18.4166	-18.4138	-20.0428	-16.2256	-15.3112	-14.5041	-3.4573	-4.7028	-0.6588	14.5016	-7.0092	-8.81	42.5790	64.76	28.96	-17.1523	2.14	0.87	-1.6894	8.42	3.44
27.335417	19.25	-0.702778	NA	-10.1784	42.8031	-6.2819	38.8926	154.1525	-18.4899	-18.4903	-20.1257	-16.2889	-15.3723	-14.5565	-3.4631	-4.6777	-0.4236	15.1412	-6.99	-8.8006	43.8776	66.38	29.69	-17.2206	2.15	0.88	-1.5356	8.67	3.54
27.460417	19.375	-0.577778	NA	-10.1869	44.2583	-6.306	40.0628	158.0805	-18.5634	-18.5678	-20.2085	-16.353	-15.4348	-14.6093	-3.4681	-4.6529	-0.1777	15.7988	-6.9698	-8.7912	45.1817	67.99	30.41	-17.2895	2.16	0.88	-1.3768	8.92	3.64
27.585417	19.5	-0.452778	NA	-10.1953	45.7457	-6.3297	41.2443	162.0428	-18.6362	-18.6456	-20.2905	-16.4174	-15.4979	-14.6625	-3.4729	-4.6269	0.077	16.4625	-6.9485	-8.7808	46.5016	69.61	31.13	-17.3584	2.17	0.89	-1.2149	9.18	3.75
27.710417	19.625	-0.327778	NA	-10.2037	47.2549	-6.3536	42.4415	166.0232	-18.7097	-18.7221	-20.3715	-16.4816	-15.5604	-14.7158	-3.4785	-4.5961	0.3312	17.1522	-6.9274	-8.77	47.8325	71.24	31.86	-17.4269	2.18	0.89	-1.0481	9.44	3.86
27.835417	19.75	-0.202778	NA	-10.2124	48.7702	-6.3775	43.6614	169.9986	-18.7843	-18.7979	-20.4521	-16.5464	-15.6228	-14.7684	-3.4844	-4.5616	0.5804	17.86	-6.9063	-8.7587	49.1681	72.87	32.59	-17.4953	2.19	0.89	-0.8784	9.72	3.97
27.960417	19.875	-0.077778	NA	-10.2211	50.2856	-6.4015	44.8916	173.97	-18.8589	-18.8736	-20.5327	-16.6112	-15.6855	-14.8207	-3.4903	-4.5271	0.8297	18.5686	-6.8852	-8.7475	50.5049	74.50	33.32	-17.5638	2.20	0.90	-0.7086	9.99	4.08
28.038194	19.952778	0	NA	-10.2265	51.2285	-6.4163	45.657	176.4411	-18.9054	-18.9207	-20.5828	-16.6516	-15.7244	-14.8532	-3.494	-4.5057	0.9848	19.0096	-6.872	-8.7405	51.3368	75.51	33.77	-17.6063	2.20	0.90	-0.6030	10.16	4.15
28.163194	20.077778	0.125	NA	-10.1161	53.0177	-6.0173	46.9035	179.6577	-18.8865	-18.8619	-20.5672	-16.6457	-15.6996	-14.6972	-3.4071	-4.2748	1.5014	20.0499	-6.6061	-8.4326	52.6891	76.72	34.31	-17.5597	2.24	0.91	-0.1949	10.48	4.28
28.288194	20.202778	0.25	NA	-10.0057	54.8082	-5.5759	48.1443	182.6968	-18.8564	-18.792	-20.5515	-16.6307	-15.6731	-14.5343	-3.3201	-4.044	2.018	21.1516	-6.3402	-8.1246	54.0135	77.85	34.82	-17.5063	2.27	0.93	0.2234	10.81	4.41
28.413194	20.327778	0.375	NA	-9.8614	56.8397	-5.1069	49.3036	185.0183	-18.857	-18.734	-20.4731	-16.6481	-15.6417	-14.3738	-3.2331	-3.6888	2.7332	22.2023	-5.8849	-7.603	55.2387	78.68	35.19	-17.4546	2.29	0.93	0.7543	11.08	4.52
28.538194	20.452778	0.5	NA	-9.6115	58.8837	-4.8785	50.349	187.2162	-18.8961	-18.7639	-20.4053	-16.7043	-15.6834	-14.3916	-3.1462	-3.3033	3.429	23.1024	-5.4115	-7.0487	56.3918	79.48	35.54	-17.4741	2.26	0.92	1.2703	11.27	4.60
28.663194	20.577778	0.625	NA	-9.2987	61.0401	-4.8307	51.4387	189.437	-18.9166	-18.8048	-20.2835	-16.7605	-15.7312	-14.4399	-3.0592	-2.9149	4.1614	24.0033	-4.877	-6.4769	57.5573	80.32	35.92	-17.4894	2.21	0.90	1.8061	11.47	4.68
28.788194	20.702778	0.75	NA	-8.9156	63.4095	-4.7995	52.5403	191.7819	-18.9269	-18.8473	-20.1131	-16.7988	-15.7687	-14.4757	-2.9723	-2.5811	4.9129	24.9512	-4.3333	-5.9974	58.8033	81.20	36.31	-17.4884	2.16	0.88	2.3300	11.70	4.78
28.913194	20.827778	0.875	NA	-8.5058	65.7789	-4.7689	53.7945	194.2835	-18.9432	-18.8899	-19.9975	-16.8277	-15.8004	-14.5003	-2.8853	-2.2638	5.587	25.9273	-3.805	-5.5414	60.1164	82.15	36.74	-17.4932	2.13	0.87	2.8365	11.95	4.88
29.038194	20.952778	1	NA	-8.1173	68.1818	-4.7542	55.0808	196.8456	-18.9837	-18.9389	-19.8982	-16.8583	-15.8347	-14.5272	-2.7534	-1.9464	6.2447	26.9051	-3.2889	-5.0864	61.4473	83.13	37.18	-17.5068	2.10	0.86	3.3458	12.20	4.98
29.163194	21.077778	1.125	NA	-7.7969	70.7213	-4.7583	56.4758	199.5386	-19.0394	-18.9972	-19.8737	-16.9014	-15.8769	-14.5631	-2.6066	-1.6913	6.8285	27.8577	-2.9072	-4.8132	62.8361	84.18	37.65	-17.5419	2.09	0.85	3.7780	12.48	5.09
29.288194	21.202778	1.25	NA	-7.5601	73.2957	-4.7728	57.9594	202.3624	-19.0988	-19.0593	-19.8715	-16.9529	-15.9242	-14.6097	-2.4918	-1.4571	7.3609	28.7811	-2.623	-4.6069	64.2569	85.32	38.16	-17.5861	2.08	0.85	4.1605	12.77	5.21
29.413194	21.327778	1.375	NA	-7.3837	75.9094	-4.7914	59.5471	205.3446	-19.159	-19.1236	-19.8812	-17.0057	-15.9726	-14.6616	-2.4038	-1.2389	7.8403	29.6856	-2.3938	-4.4401	65.7252	86.53	38.70	-17.6339	2.08	0.85	4.5082	13.07	5.33
29.538194	21.452778	1.5	NA	-7.2465	78.5656	-4.8117	61.2227	208.4637	-19.2216	-19.19	-19.8979	-17.0586	-16.0231	-14.7152	-2.3349	-1.0433	8.2822	30.5786	-2.2002	-4.2992	67.2388	87.82	39.27	-17.6844	2.07	0.85	4.8305	13.37	5.46
29.663194	21.577778	1.625	NA	-7.1358	81.2665	-4.8336	62.928	211.7037	-19.2866	-19.2577	-19.9197	-17.1131	-16.0767	-14.768	-2.2784	-0.8672	8.691	31.4656	-2.0325	-4.1778	68.7858	89.16	39.87	-17.7370	2.07	0.85	5.1334	13.68	5.58
29.788194	21.702778	1.75	NA	-7.0456	84.0138	-4.8576	64.7304	215.0718	-19.3535	-19.3275	-19.9441	-17.1698	-16.1318	-14.8195	-2.2315	-0.7018	9.0838	32.3496	-1.8844	-4.0716	70.3826	90.57	40.50	-17.7910	2.07	0.84	5.4240	13.99	5.71
29.913194	21.827778	1.875	NA	-6.9657	86.8041	-4.8829	66.5792	218.5314	-19.4206	-19.3988	-19.9666	-17.2282	-16.1885	-14.8716	-2.1887	-0.5487	9.4701	33.2331	-1.7542	-3.9792	72.0132	92.01	41.15	-17.8457	2.07	0.84	5.7054	14.30	5.84
30.038194	21.952778	2	NA	-6.8997	89.6294	-4.9077	68.428	222.0981	-19.4868	-19.471	-19.9879	-17.2875	-16.2464	-14.9249	-2.1534	-0.4016	9.8513	34.1176	-1.6321	-3.8914	73.6696	93.51	41.82	-17.9007	2.06	0.84	5.9817	14.62	5.97
30.163194	22.077778	2.125	NA	-6.8425	92.5042	-4.932	70.3054	225.7143	-19.5535	-19.5442	-20.008	-17.3477	-16.3043	-14.9782	-2.1215	-0.2667	10.2293	35.0102	-1.5214	-3.8118	75.3499	95.04	42.50	-17.9560	2.06	0.84	6.2530	14.95	6.10
30.288194	22.202778	2.25	NA	-6.7922	95.435	-4.9564	72.21	229.3387	-19.6218	-19.6186	-20.0291	-17.41	-16.3628	-15.0318	-2.0928	-0.1412	10.6111	35.9129	-1.417	-3.7363	77.0470	96.58	43.19	-18.0124	2.06	0.84	6.5228	15.28	6.24
30.413194	22.327778	2.375	NA	-6.7455	98.4272	-4.9817	74.1599	233.0256	-19.6916	-19.6951	-20.0558	-17.4736	-16.4232	-15.0881	-2.0665	-0.0228	10.9986	36.8253	-1.3191	-3.6645	78.7771	98.14	43.89	-18.0712	2.06	0.84	6.7918	15.62	6.38
30.538194	22.452778	2.5	NA	-6.6994	101.4911	-5.0081	76.1683	236.8411	-19.7612	-19.771	-20.0891	-17.5375	-16.4848	-15.1462	-2.0401	0.0888	11.3888	37.7484	-1.2274	-3.5976	80.5586	99.77	44.62	-18.1316	2.06	0.84	7.0601	15.96	6.52
30.663194	22.577778	2.625	NA	-6.6547	104.6286	-5.0338	78.2239	240.7627	-19.83	-19.8466	-20.1283	-17.6009	-16.547	-15.2039	-2.0133	0.1963	11.807	38.6869	-1.1398	-3.5344	82.3853	101.45	45.37	-18.1928	2.06	0.84	7.3338	16.32	6.66
30.788194	22.702778	2.75	NA	-6.6094	107.8264	-5.0598	80.3245	244.7491	-19.8999	-19.9233	-20.174	-17.6641	-16.6098	-15.2613	-1.9881	0.3014	12.2593	39.6474	-1.0558	-3.4737	84.2462	103.15	46.13	-18.2554	2.06	0.84	7.6151	16.68	6.81
30.913194	22.827778	2.875	NA	-6.5623	111.1068	-5.0877	82.4762	248.8088	-19.972	-20.0011	-20.2253	-17.7283	-16.673	-15.3193	-1.9629	0.4032	12.7204	40.6377	-0.9738	-3.4146	86.1484	104.90	46.91	-18.3198	2.06	0.84	7.9017	17.06	6.96
31.038194	22.952778	3	NA	-6.5133	114.4552	-5.1154	84.6436	252.9416	-20.0461	-20.0799	-20.2822	-17.7929	-16.7367	-15.3779	-1.9391	0.5048	13.1815	41.6566	-0.8931	-3.3568	88.0823	106.68	47.71	-18.3860	2.07	0.84	8.1923	17.45	7.12
31.163194	23.077778	3.125	NA	-6.464	117.8458	-5.1419	86.8408	257.153	-20.1205	-20.1577	-20.3452	-17.8556	-16.8013	-15.4368	-1.9148	0.6057	13.6389	42.6905	-0.8157	-3.3021	90.0467	108.49	48.52	-18.4528	2.07	0.85	8.4838	17.85	7.29
31.288194	23.202778	3.25	NA	-6.4182	121.2879	-5.1702	89.0726	261.3847	-20.1954	-20.2352	-20.4116	-17.9179	-16.8662	-15.4954	-1.8903	0.7064	14.0891	43.7386	-0.7427	-3.2496	92.0314	110.32	49.34	-18.5203	2.08	0.85	8.7752	18.25	7.45
31.413194	23.327778	3.375	NA	-6.3764	124.8072	-5.1986	91.332	265.6852	-20.2703	-20.3136	-20.4805	-17.9818	-16.931	-15.5544	-1.8676	0.8071	14.5299	44.8024	-0.6755	-3.1987	94.0499	112.19	50.17	-18.5886	2.08	0.85	9.0663	18.65	7.62
31.538194	23.452778	3.5	NA	-6.3385	128.4358	-5.2263	93.6213	270.042	-20.3456	-20.3929	-20.5515	-18.0466	-16.9951	-15.6147	-1.8473	0.9039	14.9721	45.8817	-0.6141	-3.1501	96.1069	114.09	51.02	-18.6577	2.09	0.85	9.3577	19.07	7.79
31.663194	23.577778	3.625	NA	-6.3036	132.1659	-5.2546	95.9426	274.4798	-20.4193	-20.4716	-20.6232	-18.1117	-17.0594	-15.6753	-1.8286	0.9947	15.4342	46.9705	-0.5571	-3.1036	98.2060	116.04	51.89	-18.7267	2.10	0.86	9.6517	19.49	7.96
31.788194	23.702778	3.75	NA	-6.2742	136.1887	-5.2829	98.4125	279.4047	-20.4914	-20.5508	-20.6978	-18.1771	-17.1241	-15.7357	-1.8098	1.0804	15.9674	48.0598	-0.5061	-3.0599	100.4898	118.19	52.86	-18.7962	2.10	0.86	9.9553	19.92	8.13
31.913194	23.827778	3.875	NA	-6.2459	140.4324	-5.3113	100.9706	284.493	-20.566	-20.6302	-20.7753	-18.2433	-17.189	-15.7959	-1.795	1.1575	16.5785	49.2212	-0.4613	-3.0214	102.8678	120.43	53.86	-18.8666	2.11	0.86	10.2799	20.38	8.32
32.038194	23.952778	4	NA	-6.2177	144.6761	-5.3397	103.5287	289.5814	-20.6407	-20.7096	-20.8527	-18.3095	-17.2538	-15.8561	-1.7807	1.2346	17.1896	50.3827	-0.4165	-2.9829	105.2458	122.67	54.86	-18.9371	2.12	0.86	10.6045	20.85	8.51
32.163194	24.077778	4.125	NA	-6.1895	148.9198	-5.3682	106.0868	294.6697	-20.7153	-20.789	-20.9302	-18.3757	-17.3187	-15.9163	-1.7665	1.3117	17.8007	51.5442	-0.3716	-2.9443	107.6237	124.91	55.86	-19.0075	2.13	0.87	10.9290	21.31	8.70
32.288194	24.202778	4.25	NA	-6.1612	153.1635	-5.3966	108.6449	299.7581	-20.79	-20.8684	-21.0077	-18.442	-17.3836	-15.9765	-1.7522	1.3888	18.4119	52.7057	-0.3268	-2.9058	110.0017	127.16	56.87	-19.0780	2.13	0.87	11.2536	21.77	8.89
32.413194	24.327778	4.375	NA	-6.133	157.4072	-5.425	111.203	304.8464	-20.8646	-20.9478	-21.0851	-18.5082	-17.4485	-16.0367	-1.7379	1.4659	19.023	53.8671	-0.282	-2.8673	112.3797	129.42	57.88	-19.1485	2.14	0.87	11.5781	22.24	9.08
32.538194	24.452778	4.5	NA	-6.1048	161.651	-5.4535	113.761	309.9348	-20.9393	-21.0272	-21.1626	-18.5767	-17.5134	-16.0969	-1.7236	1.543	19.6341	55.0286	-0.2372	-2.8288	114.7577	131.67	58.89	-19.2193	2.15	0.88	11.9027	22.70	9.27
32.663194	24.577778	4.625	NA	-6.0765	165.8947	-5.4819	116.3191	315.0232	-21.0139	-21.1066	-21.2401	-18.6456	-17.5782	-16.1571	-1.7093	1.6201	20.2452	56.1901	-0.1923	-2.7902	117.1357	133.93	59.90	-19.2903	2.16	0.88	12.2273	23.17	9.46
32.788194	24.702778	4.75	NA	-6.0483	170.1384	-5.5103	118.8772	320.1115	-21.0885	-21.186	-21.3175	-18.7145	-17.6431	-16.2173	-1.695	1.6972	20.8563	57.3516	-0.1475	-2.7517	119.5137	136.20	60.91	-19.3612	2.16	0.88	12.5518	23.63	9.65
32.913194	24.827778	4.875	NA	-6.02	174.3821	-5.5388	121.4353	325.1999	-21.1632	-21.2654	-21.395	-18.7834	-17.708	-16.2775	-1.6807	1.7744	21.4674	58.513	-0.1027	-2.7132	121.8917	138.46	61.92	-19.4321	2.17	0.89	12.8764	24.10	9.84
33.038194	24.952778	5	NA	-5.9918	178.6258	-5.5672	123.9934	330.2882	-21.2378	-21.3448	-21.4735	-18.8523	-17.7729	-16.3377	-1.6664	1.8508	22.1023	59.6745	-0.0592	-2.6753	124.2697	140.73	62.94	-19.5032	2.18	0.89	13.2044	24.56	10.03
33.163194	25.077778	5.125	NA	-5.9676	183.0118	-5.5952	126.6301	335.3766	-21.315	-21.4245	-21.5552	-18.9218	-17.8384	-16.3986	-1.656	1.9125	22.8513	60.8809	-0.0244	-2.6468	126.6911	143.02	63.96	-19.5756	2.19	0.89	13.5529	25.06	10.23
33.288194	25.202778	5.25	NA	-5.9484	187.8004	-5.6231	129.4345	340.7124	-21.3922	-21.5038	-21.6372	-18.9914	-17.9052	-16.4606	-1.6485	1.9984	23.6047	62.1007	0.0092	-2.622	129.2752	145.44	65.04	-19.6484	2.19	0.90	13.9071	25.56	10.44
33.413194	25.327778	5.375	NA	-5.9316	192.6719	-5.6509	132.3264	346.3403	-21.4692	-21.5831	-21.72	-19.0621	-17.9716	-16.5226	-1.6415	2.0844	24.3824	63.3247	0.041	-2.5989	131.9512	147.98	66.18	-19.7214	2.20	0.90	14.2653	26.07	10.64
33.538194	25.452778	5.5	NA	-5.9164	197.6548	-5.6797	135.3749	351.9857	-21.5479	-21.6627	-21.8034	-19.134	-18.0379	-16.5855	-1.635	2.1441	25.1686	64.5868	0.0707	-2.5766	134.6839	150.55	67.33	-19.7952	2.21	0.90	14.6264	26.59	10.86
33.663194	25.577778	5.625	NA	-5.902	202.8254	-5.7087	138.4858	357.6124	-21.6282	-21.743	-21.8871	-19.2066	-18.1055	-16.6511	-1.6304	2.206	25.9207	65.8831	0.1002	-2.5551	137.4626	153.13	68.48	-19.8702	2.22	0.91	14.9874	27.12	11.07
33.788194	25.702778	5.75	NA	-5.8878	208.1563	-5.7378	141.5682	363.2073	-21.7084	-21.8245	-21.9715	-19.2793	-18.174	-16.718	-1.6276	2.2727	26.6693	67.1677	0.1283	-2.5343	140.2612	155.72	69.64	-19.9459	2.22	0.91	15.3460	27.66	11.29
33.913194	25.827778	5.875	NA	-5.8744	213.5743	-5.7681	144.6593	368.7902	-21.7881	-21.9071	-22.0563	-19.3515	-18.2427	-16.7844	-1.6253	2.3466	27.4049	68.4411	0.1538	-2.513	143.0763	158.32	70.80	-20.0217	2.23	0.91	15.7014	28.18	11.50
34.038194	25.952778	6	NA	-5.8627	219.0956	-5.799	147.7619	374.5011	-21.8682	-21.9901	-22.1415	-19.4233	-18.3113	-16.8503	-1.6242	2.4189	28.1569	69.7162	0.1771	-2.4928	145.9394	160.98	71.99	-20.0975	2.24	0.91	16.0587	28.71	11.72
34.163194	26.077778	6.125	NA	-5.8526	224.7315	-5.8303	150.8945	380.3552	-21.9487	-22.0731	-22.2274	-19.495	-18.3799	-16.9163	-1.6251	2.4913	28.9077	71.0128	0.1993	-2.4743	148.8597	163.72	73.22	-20.1734	2.25	0.92	16.4186	29.24	11.94
34.288194	26.202778	6.25	NA	-5.8435	230.4581	-5.8617	154.0786	386.267	-22.0288	-22.1567	-22.3141	-19.5666	-18.4488	-16.9822	-1.627	2.5652	29.6788	72.3166	0.2214	-2.455	151.8197	166.49	74.46	-20.2495	2.26	0.92	16.7833	29.79	12.16
34.413194	26.327778	6.375	NA	-5.8347	236.2606	-5.8923	157.2964	392.2827	-22.1093	-22.2413	-22.4008	-19.6382	-18.5187	-17.0477	-1.63	2.6341	30.484	73.638	0.2418	-2.4354	154.8225	169.31	75.72	-20.3260	2.26	0.92	17.1554	30.34	12.38
34.538194	26.452778	6.5	NA	-5.8263	242.1343	-5.9223	160.5365	398.3955	-22.1907	-22.326	-22.4868	-19.7112	-18.5893	-17.1136	-1.6337	2.7042	31.3335	74.9658	0.2608	-2.4143	157.8635	172.18	77.00	-20.4029	2.27	0.93	17.5360	30.89	12.61
34.663194	26.577778	6.625	NA	-5.8187	248.091	-5.9533	163.8223	404.5675	-22.2721	-22.4107	-22.5731	-19.785	-18.6601	-17.1805	-1.6367	2.7733	32.2432	76.2966	0.2782	-2.3939	160.9418	175.09	78.30	-20.4802	2.28	0.93	17.9268	31.46	12.84
34.788194	26.702778	6.75	NA	-5.812	254.1805	-5.9852	167.1733	410.8839	-22.3541	-22.4954	-22.6597	-19.8598	-18.731	-17.2483	-1.6398	2.8574	33.3163	77.6565	0.2949	-2.3752	164.0881	178.06	79.63	-20.5581	2.29	0.93	18.3517	32.05	13.08
34.913194	26.827778	6.875	NA	-5.8059	260.4139	-6.0169	170.5866	417.3827	-22.4366	-22.5797	-22.7464	-19.9346	-18.8013	-17.3165	-1.6433	2.9433	34.3894	79.0316	0.3121	-2.3557	167.3121	181.13	81.00	-20.6359	2.30	0.94	18.7796	32.65	13.33
35.038194	26.952778	7	NA	-5.8006	266.75	-6.0477	174.0437	424.15	-22.5195	-22.6635	-22.8338	-20.0086	-18.8716	-17.3841	-1.6471	3.0177	35.5999	80.4124	0.3284	-2.3372	170.6191	184.30	82.42	-20.7135	2.30	0.94	19.2290	33.26	13.58
35.163194	27.077778	7.125	NA	-5.7948	273.1837	-6.0767	177.4954	430.9173	-22.6019	-22.7467	-22.9211	-20.0815	-18.9418	-17.4518	-1.6512	3.0852	36.7672	81.8023	0.3443	-2.3194	173.9450	187.49	83.85	-20.7908	2.31	0.94	19.6714	33.88	13.83
35.288194	27.202778	7.25	NA	-5.7841	279.8024	-6.103	181.0198	437.6873	-22.6812	-22.8266	-22.9986	-20.1519	-19.0081	-17.516	-1.6554	3.1537	37.8458	83.2605	0.3622	-2.2993	177.3245	190.71	85.29	-20.8637	2.32	0.95	20.1112	34.51	14.09
35.413194	27.327778	7.375	NA	-5.77	286.6999	-6.1267	184.6373	444.5098	-22.7547	-22.901	-23.0743	-20.2167	-19.0669	-17.5734	-1.6587	3.2269	39.0185	84.8149	0.3825	-2.2758	180.7901	193.99	86.75	-20.9312	2.33	0.95	20.5847	35.19	14.37
35.538194	27.452778	7.5	NA	-5.7552	293.9162	-6.1477	188.3266	451.5693	-22.8229	-22.9703	-23.141	-20.2763	-19.1197	-17.6265	-1.6603	3.3122	40.2246	86.4527	0.4029	-2.251	184.3818	197.39	88.28	-20.9928	2.33	0.95	21.0802	35.90	14.66
35.663194	27.577778	7.625	NA	-5.7397	301.1737	-6.1662	192.1193	458.6288	-22.888	-23.0368	-23.2051	-20.3326	-19.1681	-17.6783	-1.6608	3.403	41.5069	88.1529	0.4221	-2.2264	188.0032	200.81	89.81	-21.0515	2.34	0.96	21.5996	36.64	14.96
35.788194	27.702778	7.75	NA	-5.7242	308.5435	-6.1831	195.9185	465.6883	-22.9508	-23.1013	-23.2673	-20.3866	-19.2164	-17.7301	-1.661	3.4873	42.7993	89.8964	0.4402	-2.2006	191.6486	204.25	91.34	-21.1088	2.35	0.96	22.1269	37.40	15.27
35.913194	27.827778	7.875	NA	-5.7093	315.9669	-6.1999	199.7937	472.7589	-23.0123	-23.1645	-23.3287	-20.4396	-19.263	-17.7818	-1.6614	3.5739	44.0881	91.6694	0.4565	-2.1745	195.3221	207.71	92.89	-21.1650	2.35	0.96	22.6587	38.18	15.59
36.038194	27.952778	8	NA	-5.6966	323.4109	-6.2172	203.7023	479.9732	-23.0743	-23.2284	-23.3905	-20.4932	-19.3088	-17.8312	-1.6624	3.6703	45.4958	93.4684	0.473	-2.1493	199.0345	211.22	94.46	-21.2211	2.36	0.96	23.2160	38.97	15.91
36.163194	28.077778	8.125	NA	-5.6842	330.9019	-6.2343	207.6608	487.1876	-23.1366	-23.2937	-23.4527	-20.5463	-19.3545	-17.8794	-1.664	3.7896	47.0439	95.2836	0.5045	-2.1249	202.7664	214.75	96.04	-21.2772	2.37	0.97	23.8055	39.78	16.24
36.288194	28.202778	8.25	NA	-5.6684	338.3995	-6.251	211.6225	494.4019	-23.1986	-23.3582	-23.5145	-20.598	-19.4011	-17.9272	-1.6652	3.9167	48.6229	97.1115	0.5521	-2.1006	206.5009	218.28	97.62	-21.3329	2.38	0.97	24.4062	40.60	16.58
36.413194	28.327778	8.375	NA	-5.6531	346.0444	-6.2682	215.6215	501.5966	-23.2612	-23.422	-23.5757	-20.6507	-19.4471	-17.9744	-1.6657	4.0203	50.2217	98.9443	0.5963	-2.0759	210.2682	221.84	99.21	-21.3885	2.38	0.97	25.0068	41.43	16.92
36.538194	28.452778	8.5	NA	-5.6408	353.7109	-6.2866	219.8943	508.5402	-23.3246	-23.4861	-23.6365	-20.7049	-19.4942	-18.0223	-1.6667	4.1136	51.8245	100.766	0.6302	-2.0522	214.0436	225.32	100.77	-21.4448	2.39	0.98	25.6026	42.26	17.25
36.663194	28.577778	8.625	NA	-5.6297	361.3774	-6.3063	224.1847	515.4706	-23.389	-23.5507	-23.6974	-20.7589	-19.5423	-18.0712	-1.669	4.2081	53.4267	102.5808	0.6548	-2.0304	217.8193	228.81	102.32	-21.5016	2.40	0.98	26.1952	43.09	17.59
36.788194	28.702778	8.75	NA	-5.618	369.0439	-6.3267	228.4752	522.2315	-23.4538	-23.6162	-23.7607	-20.813	-19.5905	-18.1209	-1.6714	4.3008	55.0769	104.4095	0.6733	-2.0083	221.5612	232.24	103.86	-21.5592	2.41	0.98	26.7968	43.94	17.94
36.913194	28.827778	8.875	NA	-5.608	376.9408	-6.347	232.7656	528.9924	-23.5181	-23.6823	-23.8251	-20.8674	-19.6389	-18.1709	-1.6731	4.3919	56.7884	106.2718	0.687	-1.9835	225.3488	235.72	105.42	-21.6171	2.41	0.98	27.4138	44.80	18.29
37.038194	28.952778	9	NA	-5.6003	384.8714	-6.3669	237.0561	535.7493	-23.5824	-23.748	-23.8896	-20.9222	-19.6877	-18.2207	-1.6745	4.4826	58.5139	108.185	0.6995	-1.9575	229.1419	239.21	106.98	-21.6751	2.42	0.99	28.0415	45.69	18.65
37.163194	29.077778	9.125	NA	-5.5936	392.8806	-6.3864	241.3853	542.4544	-23.647	-23.8135	-23.9527	-20.9768	-19.7361	-18.2706	-1.6752	4.5728	60.2875	110.1372	0.7099	-1.9296	232.9481	242.71	108.54	-21.7328	2.43	0.99	28.6838	46.60	19.02
37.288194	29.202778	9.25	NA	-5.5866	400.969	-6.4066	245.4551	549.1281	-23.7112	-23.8799	-24.0161	-21.0317	-19.7847	-18.3222	-1.6764	4.6651	62.0753	112.1261	0.7191	-1.902	236.7118	246.21	110.11	-21.7910	2.43	0.99	29.3345	47.52	19.40
37.413194	29.327778	9.375	NA	-5.5798	409.6655	-6.4264	249.4472	555.3983	-23.7746	-23.9462	-24.0801	-21.0869	-19.834	-18.3741	-1.6783	4.7624	63.8657	114.16	0.7274	-1.8759	240.5010	249.69	111.67	-21.8493	2.44	1.00	29.9935	48.46	19.78
37.538194	29.452778	9.5	NA	-5.5746	418.4497	-6.4445	253.4334	561.6685	-23.8385	-24.012	-24.1446	-21.1416	-19.8833	-18.4247	-1.6788	4.8585	65.685	116.2254	0.7339	-1.8504	244.3065	253.20	113.24	-21.9075	2.45	1.00	30.6623	49.42	20.18
37.663194	29.577778	9.625	NA	-5.5682	427.6991	-6.4628	257.4008	567.9046	-23.9038	-24.0778	-24.2092	-21.1959	-19.9326	-18.4746	-1.6792	4.9471	67.6051	118.3647	0.7385	-1.8237	248.1947	256.79	114.84	-21.9657	2.46	1.00	31.3587	50.42	20.58
37.788194	29.702778	9.75	NA	-5.5629	437.0166	-6.4821	261.4777	573.702	-23.9702	-24.1458	-24.2733	-21.2516	-19.9819	-18.5252	-1.6796	5.0305	69.4908	120.568	0.7426	-1.7947	252.0303	260.27	116.40	-22.0247	2.46	1.01	32.0596	51.44	21.00
37.913194	29.827778	9.875	NA	-5.5596	446.3342	-6.5013	265.5618	579.5127	-24.0367	-24.215	-24.3373	-21.3094	-20.0326	-18.5777	-1.6787	5.1138	71.3583	122.7691	0.7465	-1.7658	255.8696	263.77	117.96	-22.0848	2.47	1.01	32.7572	52.46	21.42
38.038194	29.952778	10	NA	-5.5561	455.6517	-6.5209	269.5567	585.4934	-24.1036	-24.2839	-24.403	-21.3676	-20.0852	-18.6314	-1.678	5.1963	73.1477	124.9543	0.7505	-1.7388	259.7250	267.33	119.56	-22.1458	2.48	1.01	33.4387	53.46	21.82
38.163194	30.077778	10.125	NA	-5.554	464.9693	-6.5414	273.5459	591.4975	-24.1717	-24.3538	-24.4698	-21.425	-20.1365	-18.6867	-1.6797	5.2764	74.9141	127.127	0.7553	-1.7125	263.5835	270.92	121.16	-22.2073	2.49	1.01	34.1134	54.45	22.23
38.288194	30.202778	10.25	NA	-5.5526	474.2859	-6.5626	277.3857	597.8012	-24.2405	-24.4239	-24.5363	-21.4827	-20.1874	-18.741	-1.6831	5.3541	76.6772	129.4066	0.7586	-1.6835	267.4715	274.60	122.81	-22.2686	2.49	1.02	34.8050	55.48	22.65
38.413194	30.327778	10.375	NA	-5.5517	484.2278	-6.5834	281.3593	604.0824	-24.3095	-24.4934	-24.6025	-21.541	-20.2398	-18.7943	-1.6854	5.4319	78.4449	131.9971	0.7599	-1.6532	271.5069	278.41	124.51	-22.3301	2.50	1.02	35.5492	56.62	23.12
38.538194	30.452778	10.5	NA	-5.5517	494.2613	-6.6019	285.3401	610.0184	-24.3777	-24.5631	-24.6687	-21.5992	-20.2925	-18.849	-1.6876	5.5102	80.2468	135.7784	0.7614	-1.625	275.4932	282.15	126.18	-22.3917	2.51	1.02	36.4974	58.17	23.75
38.663194	30.577778	10.625	NA	-5.5522	504.2947	-6.6207	289.4666	615.2332	-24.4455	-24.6342	-24.7367	-21.6581	-20.3456	-18.9027	-1.6896	5.5843	82.0855	142.2901	0.7632	-1.597	279.3643	285.69	127.76	-22.4538	2.51	1.03	37.9061	60.66	24.77
38.788194	30.702778	10.75	NA	-5.5525	514.5409	-6.6414	293.6026	620.448	-24.5138	-24.7061	-24.8056	-21.718	-20.3983	-18.9569	-1.6923	5.6571	84.0496	149.4878	0.7652	-1.567	283.2795	289.29	129.37	-22.5164	2.52	1.03	39.4501	63.42	25.89
38.913194	30.827778	10.875	NA	-5.5532	524.8182	-6.6622	297.6847	625.6628	-24.582	-24.7775	-24.8745	-21.7784	-20.4512	-19.0117	-1.6946	5.7305	86.0556	155.078	0.7671	-1.5362	287.1901	292.91	130.99	-22.5792	2.53	1.03	40.7334	65.63	26.79
39.038194	30.952778	11	NA	-5.554	535.0955	-6.6824	301.6442	630.8777	-24.6498	-24.8485	-24.9429	-21.8387	-20.5043	-19.0673	-1.6973	5.8184	88.1069	159.2799	0.7679	-1.5048	291.0762	296.55	132.62	-22.6419	2.54	1.04	41.7952	67.37	27.50
39.163194	31.077778	11.125	NA	-5.5533	545.1056	-6.7025	305.1889	636.0925	-24.7172	-24.92	-25.0112	-21.8987	-20.558	-19.1225	-1.6998	5.9725	90.1779	162.7761	0.7682	-1.4721	294.8262	300.15	134.23	-22.7046	2.54	1.04	42.7538	68.85	28.11
39.288194	31.202778	11.25	NA	-5.5509	555.2208	-6.7231	308.5107	641.2839	-24.7852	-24.9917	-25.0807	-21.9592	-20.6116	-19.179	-1.7017	6.184	93.7945	166.3044	0.7687	-1.4386	298.5483	303.77	135.85	-22.7679	2.55	1.04	43.9852	70.56	28.80
39.413194	31.327778	11.375	NA	-5.5484	565.5842	-6.7444	311.9033	646.4746	-24.8537	-25.0638	-25.1516	-22.0207	-20.6656	-19.2368	-1.7044	6.3344	98.1752	169.8811	0.7692	-1.4062	302.3339	307.47	137.50	-22.8320	2.56	1.04	45.3415	72.40	29.56
39.538194	31.452778	11.5	NA	-5.5464	576.1418	-6.7665	315.3148	651.5717	-24.9225	-25.1375	-25.2229	-22.0821	-20.7201	-19.2956	-1.7071	6.4309	102.5634	173.7158	0.7694	-1.375	306.1431	311.19	139.17	-22.8968	2.57	1.05	46.7329	74.35	30.35
39.663194	31.577778	11.625	NA	-5.5461	587.1773	-6.7889	318.9026	655.9986	-24.9923	-25.2125	-25.2941	-22.1439	-20.775	-19.3546	-1.7112	6.5267	106.9515	178.4781	0.7708	-1.3439	309.9487	314.86	140.81	-22.9621	2.57	1.05	48.2787	76.62	31.28
39.788194	31.702778	11.75	NA	-5.5444	598.3419	-6.811	322.2872	660.4066	-25.0623	-25.2873	-25.3653	-22.2064	-20.8297	-19.4124	-1.7149	6.6194	111.3396	184.3665	0.7727	-1.3126	313.7361	318.57	142.47	-23.0272	2.58	1.05	50.0118	79.28	32.37
39.913194	31.827778	11.875	NA	-5.5417	609.4959	-6.8333	325.6262	665.9577	-25.1329	-25.3606	-25.437	-22.269	-20.8847	-19.4692	-1.7177	6.7103	114.27	190.6414	0.7726	-1.2804	317.7410	322.61	144.27	-23.0922	2.59	1.06	51.5660	81.85	33.42
40.038194	31.952778	12	NA	-5.5393	620.5313	-6.8557	328.8118	671.5415	-25.2042	-25.4355	-25.5087	-22.3314	-20.9417	-19.5243	-1.7222	6.8006	116.4699	196.857	0.7714	-1.2476	321.6979	326.64	146.08	-23.1576	2.60	1.06	52.9882	84.29	34.41
40.163194	32.077778	12.125	NA	-5.5372	631.5327	-6.8779	331.9447	677.1253	-25.2757	-25.5124	-25.5802	-22.3947	-20.9999	-19.5798	-1.7268	6.8932	118.6603	203.0352	0.7712	-1.2147	325.6375	330.68	147.88	-23.2238	2.60	1.06	54.4031	86.72	35.40
40.288194	32.202778	12.25	NA	-5.5298	642.5341	-6.901	335.0159	684.573	-25.3468	-25.5896	-25.6523	-22.4586	-21.0589	-19.6377	-1.7299	6.9904	120.8988	209.0938	0.7708	-1.1803	329.9384	335.23	149.92	-23.2906	2.61	1.07	55.8073	89.11	36.38
40.413194	32.327778	12.375	NA	-5.5224	653.5355	-6.9254	338.4294	692.0741	-25.4181	-25.6677	-25.7253	-22.5231	-21.1181	-19.697	-1.7328	7.0817	123.1607	215.1651	0.7702	-1.1449	334.3182	339.80	151.96	-23.3582	2.62	1.07	57.2167	91.52	37.36
40.538194	32.452778	12.5	NA	-5.5202	664.8795	-6.9502	341.6239	699.5751	-25.4902	-25.7459	-25.8	-22.5885	-21.1762	-19.7573	-1.7371	7.1661	125.4505	221.4839	0.771	-1.1095	338.7216	344.45	154.04	-23.4263	2.63	1.07	58.6708	94.02	38.38
40.663194	32.577778	12.625	NA	-5.5188	676.8835	-6.9758	344.6519	707.0761	-25.5635	-25.8254	-25.8748	-22.654	-21.2353	-19.8187	-1.7414	7.2706	127.7538	228.023	0.7727	-1.0735	343.2234	349.28	156.20	-23.4953	2.63	1.08	60.1675	96.59	39.43
40.788194	32.702778	12.75	NA	-5.5184	689.2667	-7.0017	347.5707	714.9598	-25.6383	-25.9067	-25.9487	-22.7199	-21.2958	-19.8815	-1.746	7.3927	130.0305	234.5437	0.7736	-1.0362	347.8554	354.30	158.45	-23.5651	2.64	1.08	61.6597	99.16	40.48
40.913194	32.827778	12.875	NA	-5.5195	701.7131	-7.0272	350.4726	723.3849	-25.713	-25.987	-26.0221	-22.7864	-21.3552	-19.9434	-1.7516	7.4962	132.3042	241.1266	0.774	-0.9909	352.6048	359.50	160.77	-23.6345	2.65	1.08	63.1598	101.76	41.54
41.038194	32.952778	13	NA	-5.5223	714.1596	-7.0532	352.7275	731.8253	-25.7865	-26.0656	-26.0962	-22.853	-21.4148	-20.0004	-1.756	7.5864	134.6685	248.2807	0.7745	-0.9394	357.2274	364.70	163.10	-23.7028	2.66	1.09	64.7691	104.57	42.69
41.163194	33.077778	13.125	NA	-5.5247	726.606	-7.0788	355.2588	740.2656	-25.8599	-26.1444	-26.1722	-22.9203	-21.4754	-20.0573	-1.7589	7.6808	137.0603	256.4849	0.7748	-0.892	361.9054	369.92	165.43	-23.7716	2.67	1.09	66.5583	107.75	43.99
41.288194	33.202778	13.25	NA	-5.5259	739.1455	-7.1042	358.4366	748.7059	-25.934	-26.2239	-26.2492	-22.9884	-21.5356	-20.1192	-1.7629	7.777	139.4451	266.3005	0.7742	-0.8475	366.7316	375.16	167.78	-23.8417	2.67	1.09	68.6144	111.52	45.53
41.413194	33.327778	13.375	NA	-5.5214	751.7124	-7.1304	361.7239	757.1462	-26.009	-26.3027	-26.327	-23.056	-21.5959	-20.1807	-1.7673	7.8719	141.7645	276.4858	0.7723	-0.8035	371.5861	380.42	170.13	-23.9119	2.68	1.09	70.7206	115.41	47.12
41.538194	33.452778	13.5	NA	-5.5138	764.5792	-7.1561	365.2463	765.5865	-26.0838	-26.3819	-26.4043	-23.1235	-21.6563	-20.2414	-1.7715	7.9719	144.0109	287.8374	0.7702	-0.7569	376.5484	385.76	172.52	-23.9819	2.69	1.10	73.0103	119.73	48.88
41.663194	33.577778	13.625	NA	-5.5106	777.3354	-7.1816	368.8138	774.0268	-26.1591	-26.4626	-26.4728	-23.1929	-21.7169	-20.3044	-1.7756	8.0779	146.1856	299.2635	0.768	-0.7032	381.4968	391.08	174.90	-24.0514	2.70	1.10	75.3027	124.08	50.65
41.788194	33.702778	13.75	NA	-5.5089	790.033	-7.2078	372.3134	782.4671	-26.2365	-26.5445	-26.539	-23.2637	-21.7781	-20.34	-1.7806	8.1767	148.335	310.6021	0.7645	-0.6444	386.4194	396.39	177.27	-24.1170	2.71	1.11	77.5756	128.41	52.42
41.913194	33.827778	13.875	NA	-5.501	802.6375	-7.2345	374.962	790.9074	-26.3143	-26.6274	-26.6145	-23.335	-21.8404	-20.3724	-1.787	8.2689	150.4759	320.5185	0.7619	-0.5846	391.1543	401.69	179.64	-24.1840	2.73	1.11	79.6089	132.23	53.98
42.038194	33.952778	14	NA	-5.4903	815.2653	-7.2617	377.4497	799.3477	-26.3913	-26.7099	-26.6931	-23.4063	-21.9033	-20.4273	-1.7924	8.3607	152.6125	330.3461	0.7614	-0.5251	395.8621	407.01	182.02	-24.2552	2.74	1.12	81.6272	136.03	55.53
42.163194	34.077778	14.125	NA	-5.4835	827.9312	-7.2891	379.3555	807.788	-26.4678	-26.7913	-26.7716	-23.4763	-21.9663	-20.4908	-1.7966	8.4518	154.749	338.2331	0.7622	-0.4542	400.4604	412.35	184.41	-24.3273	2.74	1.12	83.3242	139.12	56.79
42.288194	34.202778	14.25	NA	-5.4777	840.5505	-7.3171	380.9183	817.37	-26.5441	-26.8733	-26.8495	-23.5454	-22.0295	-20.5544	-1.8003	8.5431	156.8888	352.3735	0.7627	-0.3635	405.2088	417.98	186.93	-24.3994	2.75	1.12	86.0674	144.51	59.00
42.413194	34.327778	14.375	NA	-5.4707	853.0297	-7.3444	382.6152	827.2888	-26.6203	-26.9559	-26.9279	-23.6153	-22.0934	-20.6181	-1.8048	8.6584	159.0123	366.514	0.7632	-0.2869	410.0237	423.66	189.47	-24.4718	2.76	1.13	88.8094	149.92	61.20
42.538194	34.452778	14.5	NA	-5.4533	865.7231	-7.3703	384.2906	837.2076	-26.6961	-27.0379	-27.0078	-23.6875	-22.1577	-20.6826	-1.8097	8.8346	161.1131	380.6545	0.763	-0.2308	414.8795	429.40	192.03	-24.5449	2.77	1.13	91.5541	155.33	63.42
42.663194	34.577778	14.625	NA	-5.4228	879.0505	-7.3971	385.7747	847.1264	-26.7734	-27.1199	-27.0875	-23.7603	-22.2226	-20.7487	-1.8147	9.0222	163.1681	394.7949	0.7623	-0.1715	419.8263	435.31	194.68	-24.6187	2.77	1.13	94.2935	160.76	65.63
42.788194	34.702778	14.75	NA	-5.4	892.6882	-7.425	387.1833	857.0462	-26.8519	-27.2027	-27.1657	-23.8327	-22.2877	-20.815	-1.8188	9.1693	165.1851	408.9354	0.762	-0.1115	424.8185	441.32	197.37	-24.6926	2.78	1.13	97.0203	166.21	67.85
42.913194	34.827778	14.875	NA	-5.3896	906.3258	-7.4528	388.5918	866.9664	-26.9291	-27.2859	-27.2439	-23.9041	-22.352	-20.876	-1.8216	9.3001	167.2122	423.2886	0.7617	-0.0551	429.8083	447.34	200.06	-24.7652	2.79	1.14	99.7810	171.75	70.12
43.038194	34.952778	15	NA	-5.3818	919.9635	-7.4815	390.3114	876.8865	-27.0061	-27.3689	-27.3231	-23.9757	-22.4164	-20.9353	-1.8261	9.4312	169.1856	442.7751	0.7614	-0.0012	434.8596	453.37	202.75	-24.8376	2.80	1.14	103.3877	179.24	73.17
43.163194	35.077778	15.125	NA	-5.3746	933.6011	-7.5114	392.2067	886.8067	-27.0844	-27.4529	-27.4032	-24.0485	-22.4812	-20.9991	-1.8306	9.5568	171.0884	459.1697	0.7613	0.0538	439.9457	459.40	205.45	-24.9115	2.81	1.15	106.4666	185.58	75.76
43.288194	35.202778	15.25	NA	-5.3673	947.0803	-7.54	394.102	896.2613	-27.1627	-27.5381	-27.4841	-24.1224	-22.5467	-21.0655	-1.8351	9.6798	172.9539	475.5642	0.7612	0.1092	444.9073	465.28	208.08	-24.9866	2.81	1.15	109.5389	191.93	78.35
43.413194	35.327778	15.375	NA	-5.3617	960.6575	-7.5681	396.3255	907.2318	-27.2415	-27.6228	-27.5623	-24.1961	-22.614	-21.1335	-1.8403	9.82	174.8062	491.9588	0.7603	0.1643	450.2570	471.55	210.88	-25.0617	2.82	1.15	112.6115	198.29	80.95
43.538194	35.452778	15.5	NA	-5.3534	974.3964	-7.5987	398.4152	918.6901	-27.3218	-27.7084	-27.6377	-24.2706	-22.682	-21.2029	-1.8457	9.976	176.6214	508.3534	0.7593	0.221	455.7099	477.99	213.76	-25.1372	2.82	1.15	115.6809	204.66	83.55
43.663194	35.577778	15.625	NA	-5.34	988.1352	-7.6292	400.3335	930.1483	-27.4028	-27.7941	-27.7164	-24.346	-22.7505	-21.2726	-1.8515	10.1283	178.3855	524.748	0.7588	0.2785	461.1296	484.44	216.65	-25.2137	2.83	1.16	118.7413	211.04	86.16
43.788194	35.702778	15.75	NA	-5.3237	1001.972	-7.6593	402.5845	941.6065	-27.4842	-27.8799	-27.7991	-24.4219	-22.8197	-21.3414	-1.8571	10.2641	180.1232	541.1426	0.7576	0.3389	466.6360	490.91	219.54	-25.2910	2.84	1.16	121.7949	217.43	88.77
43.913194	35.827778	15.875	NA	-5.3041	1015.882	-7.691	404.7021	954.0862	-27.5661	-27.9673	-27.8828	-24.4985	-22.8891	-21.4105	-1.8617	10.3908	181.9126	557.4163	0.7552	0.4036	472.3350	497.66	222.56	-25.3691	2.85	1.16	124.8361	223.79	91.36
44.038194	35.952778	16	NA	-5.27	1029.792	-7.7219	406.4332	966.2156	-27.6472	-28.053	-27.9661	-24.5734	-22.9582	-21.4808	-1.8674	10.5328	183.8247	570.6432	0.7522	0.4653	477.8898	504.34	225.55	-25.4464	2.85	1.16	127.3918	228.98	93.48
44.163194	36.077778	16.125	NA	-5.2076	1043.7019	-7.7527	408.1494	978.1529	-27.7268	-28.1386	-28.0491	-24.6468	-23.0265	-21.5504	-1.8743	10.7153	185.7156	582.3755	0.75	0.524	483.4088	510.97	228.51	-25.5230	2.86	1.17	129.7010	233.60	95.37
44.288194	36.202778	16.25	NA	-5.147	1057.2871	-7.7842	410.1858	990.0901	-27.8058	-28.2252	-28.1313	-24.7205	-23.0936	-21.6196	-1.8802	10.9037	187.5163	594.0716	0.7501	0.585	488.9264	517.50	231.43	-25.5993	2.87	1.17	131.9911	238.19	97.24
44.413194	36.327778	16.375	NA	-5.1061	1070.8646	-7.8162	412.4806	1002.0274	-27.8871	-28.312	-28.2136	-24.7967	-23.1607	-21.6889	-1.8867	11.0755	189.3027	604.8734	0.7522	0.6488	494.4901	524.03	234.35	-25.6765	2.87	1.17	134.1276	242.44	98.98
44.538194	36.452778	16.5	NA	-5.0658	1084.6178	-7.8479	414.828	1013.9646	-27.9695	-28.4002	-28.2973	-24.875	-23.2281	-21.7577	-1.8942	11.2628	191.2853	615.6753	0.7547	0.7175	500.0993	530.61	237.30	-25.7546	2.88	1.18	136.3002	246.70	100.72
44.663194	36.577778	16.625	NA	-5.024	1098.7893	-7.8793	417.5343	1027.2734	-28.0521	-28.489	-28.3818	-24.9532	-23.2965	-21.8277	-1.9012	11.4549	193.5181	626.4772	0.7562	0.7891	506.1387	537.63	240.43	-25.8334	2.89	1.18	138.5157	250.97	102.46
44.788194	36.702778	16.75	NA	-4.9856	1113.2735	-7.9111	420.446	1040.9868	-28.1355	-28.5785	-28.4669	-25.0313	-23.3654	-21.898	-1.9074	11.6396	195.7148	637.2791	0.7561	0.8603	512.3619	544.82	243.65	-25.9126	2.90	1.18	140.7237	255.25	104.20
44.913194	36.827778	16.875	NA	-4.9545	1127.8057	-7.9437	423.1701	1055.1739	-28.2204	-28.668	-28.5527	-25.1097	-23.4349	-21.9688	-1.9139	11.8128	197.8	648.081	0.7548	0.929	518.6503	552.16	246.93	-25.9924	2.90	1.19	142.9106	259.51	105.95
45.038194	36.952778	17	NA	-4.9245	1142.2101	-7.9768	425.7882	1069.5007	-28.3057	-28.7566	-28.6387	-25.1879	-23.5054	-22.0408	-1.9203	12.0009	199.7876	658.8829	0.7534	0.9963	524.9195	559.50	250.22	-26.0725	2.91	1.19	145.0835	263.78	107.69
45.163194	37.077778	17.125	NA	-4.9002	1156.4923	-8.0102	428.2295	1081.4661	-28.3914	-28.8465	-28.7249	-25.2671	-23.5758	-22.1123	-1.9268	12.2347	201.6293	669.6848	0.7513	1.0633	530.6555	566.25	253.23	-26.1530	2.92	1.19	147.2394	268.03	109.42
45.288194	37.202778	17.25	NA	-4.8586	1170.7745	-8.043	431.1284	1092.7349	-28.4774	-28.9379	-28.8119	-25.3477	-23.647	-22.1845	-1.9342	12.4691	203.3963	680.4867	0.7473	1.1276	536.3472	572.80	256.16	-26.2344	2.93	1.20	149.3821	272.29	111.16
45.413194	37.327778	17.375	NA	-4.7913	1185.0567	-8.0758	434.3423	1104.0037	-28.5628	-29.0292	-28.9001	-25.4283	-23.7191	-22.257	-1.9414	12.6785	205.0783	691.2363	0.7426	1.1899	542.1071	579.34	259.09	-26.3161	2.94	1.20	151.4974	276.52	112.89
45.538194	37.452778	17.5	NA	-4.7213	1199.3388	-8.1097	438.6064	1115.2725	-28.6486	-29.121	-28.9896	-25.5094	-23.7909	-22.3291	-1.9475	12.8756	206.6966	700.6958	0.7392	1.2525	548.0773	585.83	261.99	-26.3981	2.94	1.20	153.3854	280.25	114.41
45.663194	37.577778	17.625	NA	-4.657	1213.798	-8.1436	443.0219	1126.5414	-28.7358	-29.2137	-29.0796	-25.5912	-23.8624	-22.4029	-1.9535	13.0618	208.37	710.1056	0.7365	1.3169	554.1121	592.36	264.91	-26.4809	2.95	1.21	155.2729	283.97	115.93
45.788194	37.702778	17.75	NA	-4.5632	1228.3895	-8.1785	447.1876	1137.8102	-28.8243	-29.3063	-29.1693	-25.6736	-23.9345	-22.4782	-1.9609	13.2343	210.1014	718.2879	0.7332	1.3806	560.1291	598.94	267.85	-26.5644	2.96	1.21	156.9627	287.21	117.25
45.913194	37.827778	17.875	NA	-4.4502	1242.981	-8.213	450.7631	1149.079	-28.9122	-29.3993	-29.2601	-25.7562	-24.0073	-22.5538	-1.9695	13.4084	211.8377	726.4702	0.7298	1.4426	566.0320	605.54	270.80	-26.6482	2.97	1.21	158.6532	290.45	118.57
46.038194	37.952778	18	NA	-4.353	1257.5725	-8.2474	454.0049	1160.3478	-29	-29.4935	-29.3522	-25.8379	-24.0814	-22.629	-1.9767	13.5807	213.5573	734.6287	0.7275	1.5074	571.8650	612.16	273.77	-26.7323	2.98	1.22	160.3375	293.68	119.89
46.163194	38.077778	18.125	NA	-4.0652	1272.164	-8.282	456.8417	1171.6166	-29.0882	-29.5876	-29.4446	-25.9189	-24.1564	-22.7037	-1.9834	13.73	215.2488	742.1701	0.7265	1.5782	577.6550	618.76	276.72	-26.8166	2.98	1.22	161.9117	296.67	121.11
46.288194	38.202778	18.25	NA	-3.7241	1286.7555	-8.3165	458.9776	1182.8854	-29.1765	-29.682	-29.5373	-26.0007	-24.2321	-22.778	-1.9917	13.8717	216.9368	748.9847	0.7257	1.6486	583.3156	625.38	279.68	-26.9011	2.99	1.22	163.3626	299.37	122.22
46.413194	38.327778	18.375	NA	-3.5701	1301.5008	-8.3507	460.918	1194.1542	-29.2651	-29.7767	-29.6303	-26.0837	-24.308	-22.8525	-2.0001	14.0339	218.6673	755.7683	0.7238	1.7171	588.9304	632.11	282.69	-26.9860	3.00	1.23	164.8184	302.06	123.32
46.538194	38.452778	18.5	NA	-3.4697	1316.3612	-8.3865	463.2168	1205.423	-29.3555	-29.8714	-29.7233	-26.1687	-24.3797	-22.9052	-2.0042	14.2244	220.4455	761.7662	0.7211	1.7863	594.6290	638.86	285.71	-27.0673	3.02	1.23	166.1566	304.45	124.29
46.663194	38.577778	18.625	NA	-3.385	1331.1961	-8.4234	465.6356	1216.6919	-29.4472	-29.966	-29.8164	-26.2546	-24.4501	-22.9516	-2.0074	14.3945	222.1885	767.2901	0.7179	1.8598	600.3430	645.61	288.73	-27.1476	3.03	1.24	167.4072	306.65	125.19
46.788194	38.702778	18.75	NA	-3.3083	1345.4092	-8.4589	468.0205	1227.9607	-29.5394	-30.0619	-29.9108	-26.3403	-24.5243	-23.0226	-2.0144	14.5322	223.8339	772.1972	0.7132	1.9412	605.9246	652.19	291.67	-27.2332	3.04	1.24	168.5339	308.61	125.99
46.913194	38.827778	18.875	NA	-3.2225	1359.1717	-8.4935	470.4054	1238.461	-29.6312	-30.1586	-30.0058	-26.4254	-24.5992	-23.1025	-2.0213	14.6875	225.4448	776.561	0.7085	2.0211	611.2644	658.46	294.47	-27.3205	3.05	1.25	169.5669	310.35	126.70
47.038194	38.952778	19	NA	-3.1371	1372.9342	-8.5288	472.5545	1248.7348	-29.7225	-30.255	-30.1001	-26.5098	-24.6744	-23.1819	-2.0283	14.8851	227.208	780.9125	0.7042	2.0963	616.5115	664.69	297.26	-27.4073	3.06	1.25	170.6296	312.09	127.41
47.163194	39.077778	19.125	NA	-3.0465	1386.1771	-8.5653	474.5702	1259.0085	-29.8133	-30.3513	-30.1937	-26.5942	-24.7509	-23.2599	-2.0353	15.1175	229.0792	784.9532	0.6994	2.1755	621.6288	670.78	299.98	-27.4939	3.07	1.25	171.6649	313.70	128.07
47.288194	39.202778	19.25	NA	-2.9574	1399.1825	-8.6035	476.6219	1269.2822	-29.9032	-30.4475	-30.2873	-26.6798	-24.828	-23.3377	-2.0423	15.3528	230.8034	788.8473	0.6948	2.261	626.7051	676.80	302.68	-27.5806	3.08	1.26	172.6528	315.26	128.70
47.413194	39.327778	19.375	NA	-2.8902	1412.3006	-8.6432	478.6939	1279.5559	-29.9942	-30.5446	-30.3815	-26.7668	-24.9037	-23.4038	-2.0512	15.5697	232.345	792.412	0.6895	2.362	631.8034	682.86	305.39	-27.6658	3.09	1.26	173.5545	316.68	129.28
47.538194	39.452778	19.5	NA	-2.8312	1425.3172	-8.6815	481.0292	1289.8296	-30.085	-30.642	-30.4765	-26.8533	-24.9791	-23.4661	-2.0596	15.762	233.756	795.9652	0.6823	2.4904	636.9327	688.88	308.08	-27.7503	3.10	1.27	174.4327	318.09	129.86
47.663194	39.577778	19.625	NA	-2.7777	1438.2578	-8.7181	483.5134	1300.1033	-30.1752	-30.7394	-30.5727	-26.9385	-25.0559	-23.5408	-2.0675	15.9382	235.1141	799.2315	0.6753	2.6111	642.0757	694.88	310.76	-27.8371	3.11	1.27	175.2505	319.39	130.39
47.788194	39.702778	19.75	NA	-2.7253	1450.9053	-8.755	486.239	1310.377	-30.2665	-30.8372	-30.663	-27.0244	-25.1331	-23.6211	-2.0762	16.1259	236.6004	802.3869	0.6697	2.7039	647.2082	700.77	313.40	-27.9242	3.12	1.27	176.0684	320.65	130.90
47.913194	39.827778	19.875	NA	-2.6665	1463.3336	-8.793	489.188	1320.6507	-30.3586	-30.9352	-30.7473	-27.1114	-25.2108	-23.7022	-2.0854	16.3341	238.2247	805.5447	0.6643	2.7939	652.3426	706.59	316.00	-28.0109	3.12	1.27	176.9127	321.91	131.42
