days.origin	days.water	days.manure	F07	F08	F09	F10	F11	F12	GW01	GW02	GW03	GW04	GW05	GW06	GWL01	GWL02	GWL03	GWL04	GWo01	GWo02	mean.F	sd.F	se.F	mean.GW	sd.GW	se.GW	mean.GWL	sd.GWL	se.GWL
3.125	-4.960417	-24.913194	NA	2.4691	6.4934	1.5872	3.1457	2.6849	1.8786	5.3733	3.5007	1.6558	3.0127	2.7935	2.1745	26.4406	3.8159	1.9468	3.8525	26.4052	3.2761	1.89	0.84	3.0358	1.34	0.55	10.7726	12.15	4.96
3.25	-4.835417	-24.788194	NA	1.2983	3.4934	1.4386	1.3663	1.3117	1.424	2.3733	1.417	1.4035	1.3341	1.3189	1.3093	23.4406	1.5292	1.3896	1.4635	23.4052	1.7817	0.96	0.43	1.5451	0.41	0.17	8.7562	11.36	4.64
3.375	-4.710417	-24.663194	NA	1.3473	1.512	1.4922	1.4175	1.3621	1.4764	1.304	1.4714	1.4558	1.3823	1.3687	1.3581	20.4406	1.5857	1.4431	1.519	20.4052	1.4262	0.07	0.03	1.4098	0.07	0.03	7.7919	9.78	3.99
3.5	-4.585417	-24.538194	NA	1.3969	1.5679	1.5455	1.4688	1.4127	1.5284	1.3524	1.526	1.5084	1.4297	1.4178	1.4068	17.4406	1.6405	1.4964	1.5758	17.4052	1.4784	0.08	0.03	1.4605	0.07	0.03	6.8276	8.21	3.35
3.625	-4.460417	-24.413194	NA	1.4464	1.6239	1.6003	1.5201	1.4626	1.5803	1.4004	1.581	1.5627	1.4781	1.4667	1.4553	14.4406	1.6959	1.5491	1.6342	14.4052	1.5307	0.08	0.04	1.5115	0.07	0.03	5.8634	6.63	2.71
3.75	-4.335417	-24.288194	NA	1.4954	1.6798	1.6548	1.5716	1.5116	1.6321	1.449	1.6357	1.6174	1.5276	1.5152	1.5058	11.4406	1.7512	1.6019	1.6919	11.4052	1.5826	0.08	0.04	1.5628	0.08	0.03	4.8994	5.05	2.06
3.875	-4.210417	-24.163194	NA	1.5463	1.7375	1.71	1.6256	1.5631	1.6877	1.5006	1.6922	1.6745	1.5803	1.5661	1.5574	8.4406	1.8081	1.6577	1.7498	8.4052	1.6365	0.09	0.04	1.6169	0.08	0.03	3.9365	3.48	1.42
4	-4.085417	-24.038194	NA	1.5999	1.7973	1.7665	1.6822	1.6177	1.7447	1.5537	1.7518	1.7318	1.6363	1.6198	1.6097	5.4406	1.868	1.7151	1.8103	5.4052	1.6927	0.09	0.04	1.6730	0.08	0.03	2.9748	1.90	0.77
4.125	-3.960417	-23.913194	NA	1.6556	1.8591	1.8237	1.7401	1.6736	1.8009	1.6068	1.8125	1.7882	1.6929	1.6744	1.6626	2.4406	1.9302	1.7723	1.873	2.4052	1.7504	0.09	0.04	1.7293	0.08	0.03	2.0140	0.33	0.13
4.25	-3.835417	-23.788194	NA	1.7093	1.9195	1.8801	1.7973	1.7266	1.8555	1.6581	1.8731	1.844	1.7466	1.728	1.7146	1.9883	1.9909	1.8282	1.9358	2.0576	1.8066	0.09	0.04	1.7842	0.09	0.04	1.9192	0.13	0.05
4.375	-3.710417	-23.663194	NA	1.7613	1.9785	1.9351	1.8542	1.7782	1.9096	1.7083	1.9339	1.8994	1.7989	1.7808	1.7652	2.0455	2.0518	1.8829	1.9967	2.1189	1.8615	0.10	0.04	1.8385	0.09	0.04	1.9768	0.13	0.05
4.5	-3.585417	-23.538194	NA	1.8135	2.0389	1.9902	1.9113	1.8311	1.964	1.7587	1.995	1.9546	1.8522	1.8339	1.8161	2.1036	2.1144	1.9379	2.0579	2.1807	1.9170	0.10	0.04	1.8931	0.09	0.04	2.0351	0.13	0.05
4.625	-3.460417	-23.413194	NA	1.8669	2.102	2.0467	1.9703	1.8862	2.0196	1.8103	2.0563	2.0116	1.9076	1.8877	1.8686	2.163	2.1775	1.9947	2.1214	2.244	1.9744	0.10	0.05	1.9488	0.10	0.04	2.0949	0.14	0.06
4.75	-3.335417	-23.288194	NA	1.9221	2.1684	2.1049	2.0315	1.9424	2.0769	1.8631	2.1178	2.07	1.9645	1.9436	1.9217	2.2238	2.2419	2.0519	2.1858	2.3081	2.0339	0.10	0.05	2.0060	0.10	0.04	2.1555	0.14	0.06
4.875	-3.210417	-23.163194	NA	1.9797	2.2374	2.1648	2.0953	2.0002	2.1352	1.9176	2.1838	2.1293	2.0246	2.0025	1.9761	2.2869	2.3103	2.1096	2.2531	2.3742	2.0955	0.11	0.05	2.0655	0.10	0.04	2.2184	0.15	0.06
5	-3.085417	-23.038194	NA	2.0383	2.3076	2.2255	2.1618	2.0602	2.1939	1.9722	2.2537	2.1898	2.088	2.0629	2.0316	2.3523	2.3829	2.1691	2.3237	2.4419	2.1587	0.11	0.05	2.1267	0.10	0.04	2.2836	0.15	0.06
5.125	-2.960417	-22.913194	NA	2.0965	2.3775	2.2857	2.2284	2.1207	2.2524	2.0266	2.3236	2.2507	2.1512	2.1227	2.0869	2.4171	2.455	2.2287	2.3938	2.5102	2.2218	0.12	0.05	2.1879	0.11	0.04	2.3486	0.16	0.07
5.25	-2.835417	-22.788194	NA	2.1537	2.4465	2.3451	2.2944	2.1808	2.31	2.0816	2.3927	2.3112	2.2136	2.182	2.1418	2.4812	2.524	2.2879	2.4637	2.5788	2.2841	0.12	0.05	2.2485	0.11	0.05	2.4129	0.17	0.07
5.375	-2.710417	-22.663194	NA	2.2114	2.5166	2.4059	2.3633	2.2408	2.3677	2.1375	2.4631	2.3717	2.2776	2.2423	2.1976	2.5453	2.5939	2.3486	2.5354	2.6485	2.3476	0.12	0.06	2.3100	0.11	0.05	2.4782	0.17	0.07
5.5	-2.585417	-22.538194	NA	2.2719	2.5895	2.4688	2.4362	2.3026	2.4275	2.1938	2.5356	2.433	2.3434	2.3047	2.2557	2.6109	2.6694	2.4104	2.6085	2.7195	2.4138	0.13	0.06	2.3730	0.12	0.05	2.5457	0.18	0.07
5.625	-2.460417	-22.413194	NA	2.3347	2.665	2.5325	2.5102	2.3672	2.4896	2.2508	2.6084	2.4963	2.4093	2.368	2.3145	2.6799	2.7454	2.4729	2.6838	2.7916	2.4819	0.13	0.06	2.4371	0.12	0.05	2.6147	0.18	0.07
5.75	-2.335417	-22.288194	NA	2.4	2.7432	2.5969	2.5868	2.4337	2.5532	2.3096	2.6823	2.562	2.4761	2.4326	2.3728	2.7504	2.8202	2.5361	2.7606	2.8661	2.5521	0.14	0.06	2.5026	0.13	0.05	2.6844	0.19	0.08
5.875	-2.210417	-22.163194	NA	2.4678	2.8234	2.6627	2.6664	2.5026	2.6182	2.3701	2.7581	2.6289	2.5455	2.5007	2.4323	2.8215	2.8975	2.6	2.8381	2.9429	2.6246	0.14	0.06	2.5703	0.13	0.05	2.7554	0.20	0.08
6	-2.085417	-22.038194	NA	2.5383	2.9044	2.73	2.7478	2.5744	2.6838	2.4324	2.8368	2.6957	2.6183	2.5722	2.4942	2.8935	2.9772	2.6659	2.917	3.0199	2.6990	0.15	0.07	2.6399	0.14	0.06	2.8279	0.20	0.08
6.125	-1.960417	-21.913194	NA	2.6102	2.9869	2.7984	2.8293	2.6472	2.7491	2.4938	2.9176	2.7626	2.6919	2.6433	2.5563	2.9662	3.058	2.7327	2.9967	3.0962	2.7744	0.15	0.07	2.7097	0.14	0.06	2.9010	0.21	0.09
6.25	-1.835417	-21.788194	NA	2.682	3.0685	2.8671	2.9096	2.7199	2.8147	2.5544	2.9962	2.8299	2.7636	2.7131	2.617	3.0381	3.1388	2.7989	3.0759	3.1723	2.8494	0.16	0.07	2.7786	0.15	0.06	2.9735	0.22	0.09
6.375	-1.710417	-21.663194	NA	2.7549	3.1502	2.9357	2.9911	2.7938	2.8806	2.6172	3.0745	2.8983	2.8363	2.7847	2.6781	3.1102	3.2198	2.8653	3.1567	3.2495	2.9251	0.16	0.07	2.8486	0.15	0.06	3.0466	0.23	0.09
6.5	-1.585417	-21.538194	NA	2.8296	3.2346	3.0053	3.0756	2.87	2.9466	2.6823	3.1561	2.9683	2.9127	2.8589	2.7411	3.1851	3.3023	2.933	3.2399	3.3293	3.0030	0.16	0.07	2.9208	0.15	0.06	3.1218	0.23	0.10
6.625	-1.460417	-21.413194	NA	2.9063	3.3204	3.0764	3.1626	2.9483	3.0142	2.7492	3.2387	3.0387	2.9911	2.9346	2.8051	3.2609	3.3856	3.002	3.3237	3.4105	3.0828	0.17	0.07	2.9944	0.16	0.06	3.1980	0.24	0.10
6.75	-1.335417	-21.288194	NA	2.9855	3.4084	3.1479	3.2519	3.0286	3.0839	2.8168	3.3222	3.1093	3.0711	3.0119	2.8695	3.3362	3.4695	3.0722	3.4079	3.4925	3.1645	0.17	0.08	3.0692	0.16	0.07	3.2746	0.25	0.10
6.875	-1.210417	-21.163194	NA	3.0683	3.4971	3.2205	3.3438	3.1112	3.1547	2.8848	3.4088	3.1811	3.1539	3.0921	2.9341	3.4131	3.5563	3.143	3.4931	3.576	3.2482	0.18	0.08	3.1459	0.17	0.07	3.3526	0.26	0.11
7	-1.085417	-21.038194	NA	3.1553	3.587	3.2948	3.4363	3.1974	3.2262	2.9545	3.4969	3.2536	3.2397	3.1755	2.9995	3.4926	3.6444	3.2145	3.581	3.6606	3.3342	0.18	0.08	3.2244	0.17	0.07	3.4321	0.27	0.11
7.125	-0.960417	-20.913194	NA	3.2449	3.6804	3.3704	3.5323	3.2868	3.2982	3.0258	3.5864	3.3275	3.3287	3.2604	3.0656	3.5729	3.7326	3.2867	3.6708	3.7465	3.4230	0.18	0.08	3.3045	0.18	0.07	3.5125	0.28	0.11
7.25	-0.835417	-20.788194	NA	3.335	3.7739	3.4456	3.6283	3.3766	3.3709	3.0992	3.6748	3.403	3.4165	3.3446	3.132	3.6519	3.8222	3.3594	3.7604	3.8325	3.5119	0.18	0.08	3.3848	0.18	0.08	3.5931	0.29	0.12
7.375	-0.710417	-20.663194	NA	3.4256	3.8675	3.5207	3.7252	3.4663	3.4433	3.1748	3.7643	3.4792	3.504	3.4299	3.199	3.7319	3.916	3.4329	3.8514	3.9186	3.6011	0.19	0.08	3.4659	0.19	0.08	3.6750	0.30	0.12
7.5	-0.585417	-20.538194	NA	3.518	3.9636	3.5976	3.8254	3.5576	3.5163	3.2505	3.8565	3.5564	3.5947	3.5165	3.2668	3.814	4.0111	3.5069	3.944	4.0065	3.6924	0.19	0.09	3.5485	0.19	0.08	3.7582	0.31	0.12
7.625	-0.460417	-20.413194	NA	3.6121	4.062	3.6749	3.9278	3.6504	3.5909	3.3265	3.949	3.6342	3.6875	3.6049	3.3354	3.8977	4.1064	3.5818	4.0384	4.0964	3.7854	0.20	0.09	3.6322	0.20	0.08	3.8427	0.32	0.13
7.75	-0.335417	-20.288194	NA	3.7086	4.1615	3.754	4.0307	3.7453	3.6663	3.4029	4.0441	3.7131	3.7819	3.6952	3.4045	3.9843	4.2017	3.658	4.1337	4.1887	3.8800	0.20	0.09	3.7172	0.21	0.08	3.9285	0.33	0.13
7.875	-0.210417	-20.163194	NA	3.808	4.2615	3.8361	4.1358	3.8436	3.7428	3.4801	4.1408	3.7936	3.8762	3.7864	3.4748	4.072	4.2985	3.7361	4.2314	4.2837	3.9770	0.21	0.09	3.8033	0.21	0.09	4.0161	0.34	0.14
8	-0.085417	-20.038194	NA	3.9088	4.3621	3.9197	4.2437	3.9434	3.8201	3.5587	4.2375	3.8748	3.9704	3.8786	3.547	4.1598	4.3949	3.8155	4.3316	4.38	4.0755	0.21	0.09	3.8900	0.22	0.09	4.1048	0.35	0.14
8.085417	0	-19.952778	NA	3.9777	4.4308	3.9766	4.3175	4.0116	3.8723	3.6124	4.3035	3.9306	4.0347	3.9416	3.5967	4.2198	4.4608	3.8689	4.4003	4.446	4.1428	0.22	0.10	3.9492	0.22	0.09	4.1654	0.36	0.15
8.210417	0.125	-19.827778	NA	4.1015	4.5554	4.0601	4.4567	4.133	3.9523	3.7138	4.4188	4.0128	4.1622	4.0546	3.675	4.3229	4.5752	3.949	4.5163	4.5563	4.2613	0.23	0.10	4.0524	0.23	0.10	4.2658	0.37	0.15
8.335417	0.25	-19.702778	NA	4.2421	4.6906	4.1543	4.612	4.2658	4.0427	3.8283	4.5426	4.1027	4.3062	4.179	3.7618	4.4285	4.6946	4.0387	4.6363	4.6689	4.3930	0.24	0.11	4.1669	0.24	0.10	4.3715	0.39	0.16
8.460417	0.375	-19.577778	NA	4.3878	4.8444	4.2613	4.7887	4.4038	4.1422	3.9448	4.6843	4.2024	4.4664	4.3109	3.8559	4.5476	4.8262	4.1384	4.7682	4.7909	4.5372	0.26	0.12	4.2918	0.26	0.11	4.4879	0.40	0.16
8.585417	0.5	-19.452778	NA	4.5286	5.0007	4.3708	4.9684	4.5383	4.245	4.0594	4.8294	4.3081	4.625	4.4403	3.9523	4.6666	4.9583	4.2427	4.8992	4.9114	4.6814	0.28	0.13	4.4179	0.28	0.11	4.6051	0.42	0.17
8.710417	0.625	-19.327778	NA	4.668	5.1592	4.4794	5.1509	4.671	4.3517	4.1701	4.9717	4.4138	4.7799	4.5686	4.0497	4.7853	5.0952	4.3474	5.0298	5.0316	4.8257	0.31	0.14	4.5426	0.29	0.12	4.7232	0.43	0.18
8.835417	0.75	-19.202778	NA	4.8061	5.3196	4.5981	5.335	4.804	4.464	4.2799	5.1116	4.5254	4.9325	4.6963	4.1525	4.9045	5.2409	4.4515	5.162	5.1529	4.9726	0.33	0.15	4.6683	0.31	0.13	4.8441	0.44	0.18
8.960417	0.875	-19.077778	NA	4.9404	5.4791	4.7182	5.5185	4.9359	4.5725	4.3899	5.2516	4.6388	5.0902	4.8209	4.2585	5.0232	5.3866	4.5556	5.2939	5.2743	5.1184	0.36	0.16	4.7940	0.33	0.13	4.9653	0.46	0.19
9.085417	1	-18.952778	NA	5.0685	5.6364	4.8282	5.7006	5.0626	4.6734	4.4984	5.3921	4.7442	5.2503	4.9396	4.3596	5.1391	5.5323	4.6597	5.4237	5.3951	5.2593	0.39	0.17	4.9163	0.35	0.14	5.0849	0.47	0.19
9.210417	1.125	-18.827778	NA	5.1941	5.7919	4.9373	5.8816	5.1858	4.7754	4.607	5.5317	4.8499	5.4085	5.0547	4.4584	5.252	5.678	4.7638	5.5496	5.5129	5.3981	0.41	0.19	5.0379	0.37	0.15	5.2024	0.49	0.20
9.335417	1.25	-18.702778	NA	5.3194	5.9477	5.043	6.0628	5.3087	4.8758	4.7147	5.6694	4.9522	5.5653	5.1687	4.557	5.3643	5.8236	4.8679	5.6746	5.6303	5.5363	0.44	0.20	5.1577	0.39	0.16	5.3196	0.50	0.21
9.460417	1.375	-18.577778	NA	5.4453	6.1048	5.1466	6.246	5.4319	4.9726	4.8207	5.8091	5.0514	5.7216	5.2838	4.6557	5.4747	5.9693	4.972	5.8009	5.7482	5.6749	0.47	0.21	5.2765	0.41	0.17	5.4368	0.52	0.21
9.585417	1.5	-18.452778	NA	5.574	6.2636	5.2506	6.4335	5.5561	5.0709	4.9262	5.953	5.1517	5.8819	5.4004	4.7534	5.584	6.115	5.0761	5.9289	5.8669	5.8156	0.51	0.23	5.3974	0.43	0.18	5.5541	0.53	0.22
9.710417	1.625	-18.327778	NA	5.7064	6.427	5.3529	6.628	5.6821	5.1693	5.0337	6.099	5.2522	6.0505	5.5183	4.8507	5.6966	6.2607	5.1802	6.0593	5.9876	5.9593	0.54	0.24	5.5205	0.46	0.19	5.6725	0.55	0.22
9.835417	1.75	-18.202778	NA	5.8426	6.5952	5.4559	6.8305	5.8102	5.2662	5.1434	6.248	5.3528	6.2287	5.6375	4.9472	5.8126	6.4064	5.2843	6.1927	6.1108	6.1069	0.58	0.26	5.6461	0.49	0.20	5.7923	0.57	0.23
9.960417	1.875	-18.077778	NA	5.9871	6.7687	5.5601	7.042	5.9451	5.3649	5.255	6.399	5.4546	6.4179	5.7613	5.0441	5.9299	6.5521	5.3884	6.3285	6.2355	6.2606	0.62	0.28	5.7755	0.52	0.21	5.9131	0.59	0.24
10.085417	2	-17.952778	NA	6.1405	6.9493	5.6652	7.2645	6.0875	5.4669	5.3719	6.5534	5.5578	6.6164	5.8913	5.1427	6.0504	6.6978	5.4925	6.4687	6.3633	6.4214	0.66	0.30	5.9096	0.55	0.23	6.0359	0.60	0.25
10.210417	2.125	-17.827778	NA	6.2979	7.1353	5.771	7.4971	6.2332	5.5695	5.4929	6.7122	5.6623	6.8255	6.0237	5.242	6.1724	6.8448	5.5966	6.6129	6.4946	6.5869	0.71	0.32	6.0477	0.59	0.24	6.1605	0.62	0.25
10.335417	2.25	-17.702778	NA	6.4599	7.3265	5.8769	7.7413	6.3825	5.6709	5.6188	6.8743	5.766	7.0586	6.1578	5.341	6.2938	6.9943	5.7008	6.7584	6.6269	6.7574	0.76	0.34	6.1911	0.63	0.26	6.2859	0.64	0.26
10.460417	2.375	-17.577778	NA	6.6273	7.523	5.984	7.9959	6.535	5.772	5.7503	7.0385	5.8696	7.3098	6.2951	5.4381	6.4177	7.1422	5.8048	6.9049	6.7606	6.9330	0.81	0.36	6.3392	0.68	0.28	6.4114	0.67	0.27
10.585417	2.5	-17.452778	NA	6.7981	7.7213	6.092	8.2528	6.6887	5.8735	5.8833	7.2034	5.9725	7.5585	6.4348	5.5353	6.5445	7.2929	5.9098	7.0529	6.8958	7.1106	0.86	0.39	6.4877	0.73	0.30	6.5385	0.69	0.28
10.710417	2.625	-17.327778	NA	6.9716	7.9191	6.2018	8.5056	6.844	5.9781	6.0188	7.3686	6.0799	7.7998	6.5748	5.6352	6.6725	7.4433	6.0172	7.2017	7.0324	7.2884	0.92	0.41	6.6367	0.78	0.32	6.6670	0.71	0.29
10.835417	2.75	-17.202778	NA	7.1476	8.1143	6.3126	8.7535	6.9995	6.0837	6.1581	7.5356	6.1899	8.0362	6.7149	5.7365	6.8007	7.593	6.1261	7.3501	7.1695	7.4655	0.97	0.43	6.7864	0.82	0.34	6.7960	0.73	0.30
10.960417	2.875	-17.077778	NA	7.328	8.3069	6.4446	8.998	7.1567	6.2037	6.3004	7.7046	6.3139	8.2699	6.8584	5.8428	6.928	7.7453	6.2437	7.498	7.306	7.6468	1.01	0.45	6.9418	0.86	0.35	6.9273	0.75	0.30
11.085417	3	-16.952778	NA	7.5121	8.4997	6.5733	9.2377	7.3187	6.3243	6.4397	7.8732	6.4341	8.5009	7.006	5.9506	7.0551	7.8976	6.3625	7.6455	7.4426	7.8283	1.05	0.47	7.0964	0.90	0.37	7.0590	0.76	0.31
11.210417	3.125	-16.827778	NA	7.6922	8.6902	6.6834	9.4709	7.4794	6.4291	6.5714	8.0373	6.5374	8.7219	7.1506	6.0534	7.1819	8.0485	6.4704	7.7913	7.5785	8.0032	1.09	0.49	7.2413	0.94	0.38	7.1873	0.78	0.32
11.335417	3.25	-16.702778	NA	7.8701	8.8769	6.7926	9.6967	7.6367	6.535	6.7027	8.1964	6.6427	8.9321	7.2929	6.1558	7.3086	8.1961	6.5779	7.935	7.7125	8.1746	1.13	0.51	7.3836	0.98	0.40	7.3143	0.80	0.33
11.460417	3.375	-16.577778	NA	8.0468	9.0595	6.9019	9.9165	7.7929	6.6404	6.8389	8.354	6.7512	9.1359	7.4364	6.258	7.4347	8.3384	6.6874	8.0776	7.8446	8.3435	1.17	0.52	7.5261	1.01	0.41	7.4401	0.82	0.33
11.585417	3.5	-16.452778	NA	8.216	9.2394	7.0101	10.1325	7.9486	6.7441	6.9715	8.511	6.8581	9.3334	7.5809	6.3615	7.5607	8.4785	6.7977	8.2201	7.9761	8.5093	1.21	0.54	7.6665	1.05	0.43	7.5658	0.83	0.34
11.710417	3.625	-16.327778	NA	8.3798	9.4177	7.118	10.3453	8.1043	6.8487	7.0959	8.6687	6.9641	9.5251	7.726	6.4654	7.6856	8.6244	6.9068	8.3624	8.108	8.6730	1.24	0.56	7.8048	1.08	0.44	7.6921	0.85	0.35
11.835417	3.75	-16.202778	NA	8.5472	9.594	7.2263	10.5563	8.2624	6.9553	7.2206	8.8272	7.071	9.7142	7.8714	6.5692	7.8095	8.7736	7.0155	8.5043	8.2403	8.8372	1.28	0.57	7.9433	1.11	0.45	7.8187	0.87	0.35
11.960417	3.875	-16.077778	NA	8.7204	9.7682	7.334	10.7636	8.4221	7.0616	7.3537	8.9834	7.1778	9.8997	8.0168	6.6708	7.9343	8.9162	7.1247	8.6458	8.3722	9.0017	1.31	0.59	8.0822	1.14	0.47	7.9440	0.88	0.36
12.085417	4	-15.952778	NA	8.8959	9.9396	7.4417	10.9643	8.5818	7.1677	7.4932	9.1375	7.2844	10.0792	8.162	6.7729	8.0602	9.0529	7.2344	8.785	8.5034	9.1647	1.34	0.60	8.2207	1.17	0.48	8.0681	0.90	0.37
12.210417	4.125	-15.827778	NA	9.0639	10.1067	7.5489	11.158	8.7362	7.2713	7.6248	9.2879	7.3872	10.2507	8.3047	6.8776	8.1858	9.187	7.343	8.9206	8.6322	9.3227	1.37	0.61	8.3544	1.19	0.49	8.1910	0.91	0.37
12.335417	4.25	-15.702778	NA	9.229	10.269	7.6556	11.3454	8.8871	7.3711	7.7487	9.4329	7.4872	10.4131	8.4448	6.982	8.3081	9.3197	7.4492	9.0537	8.7579	9.4772	1.40	0.63	8.4830	1.22	0.50	8.3118	0.92	0.38
12.460417	4.375	-15.577778	NA	9.3952	10.4276	7.7599	11.5276	9.0395	7.471	7.8696	9.5765	7.5891	10.571	8.5848	7.0847	8.4266	9.4536	7.5545	9.1854	8.8818	9.6300	1.43	0.64	8.6103	1.24	0.51	8.4311	0.94	0.38
12.585417	4.5	-15.452778	NA	9.56	10.5828	7.8631	11.7041	9.1903	7.5727	7.9894	9.7191	7.6924	10.7275	8.7238	7.186	8.5414	9.5843	7.6599	9.3151	9.0032	9.7801	1.45	0.65	8.7375	1.26	0.51	8.5483	0.95	0.39
12.710417	4.625	-15.327778	NA	9.7243	10.7345	7.966	11.8761	9.3392	7.675	8.1092	9.8593	7.7953	10.8797	8.8609	7.2885	8.6544	9.7103	7.7653	9.4416	9.1229	9.9280	1.47	0.66	8.8632	1.28	0.52	8.6638	0.96	0.39
12.835417	4.75	-15.202778	NA	9.8829	10.8844	8.067	12.0442	9.4866	7.7752	8.2255	9.9961	7.8965	11.028	8.9965	7.3899	8.7681	9.8339	7.8706	9.5659	9.2415	10.0730	1.50	0.67	8.9863	1.30	0.53	8.7783	0.97	0.40
12.960417	4.875	-15.077778	NA	10.0369	11.0339	8.1664	12.209	9.6304	7.8734	8.3444	10.1301	7.996	11.1737	9.1284	7.4894	8.8826	9.9559	7.9745	9.6895	9.3596	10.2153	1.52	0.68	9.1077	1.32	0.54	8.8919	0.98	0.40
13.085417	5	-14.952778	NA	10.1915	11.1813	8.2655	12.3728	9.773	7.9714	8.4661	10.2642	8.0946	11.3184	9.2571	7.5867	8.9954	10.0798	8.0768	9.8119	9.4776	10.3568	1.54	0.69	9.2286	1.33	0.54	9.0047	0.99	0.40
13.210417	5.125	-14.827778	NA	10.3444	11.3258	8.3652	12.5356	9.9151	8.0692	8.5846	10.3982	8.1924	11.4635	9.3841	7.6822	9.1047	10.206	8.178	9.9325	9.5951	10.4972	1.56	0.70	9.3487	1.35	0.55	9.1164	1.00	0.41
13.335417	5.25	-14.702778	NA	10.4954	11.4695	8.4648	12.6965	10.0548	8.1676	8.7009	10.5306	8.29	11.6071	9.5107	7.7783	9.2136	10.3303	8.2797	10.0529	9.7122	10.6362	1.58	0.71	9.4678	1.37	0.56	9.2278	1.01	0.41
13.460417	5.375	-14.577778	NA	10.6436	11.6133	8.564	12.855	10.1927	8.2662	8.817	10.6613	8.3872	11.7482	9.6368	7.8737	9.325	10.4523	8.3812	10.1735	9.8286	10.7737	1.60	0.72	9.5861	1.39	0.57	9.3391	1.02	0.42
13.585417	5.5	-14.452778	NA	10.7892	11.7546	8.6617	13.0089	10.3287	8.3633	8.9315	10.7889	8.4829	11.8861	9.761	7.9697	9.4348	10.5722	8.4815	10.2914	9.9424	10.9086	1.62	0.73	9.7023	1.40	0.57	9.4487	1.03	0.42
13.710417	5.625	-14.327778	NA	10.9328	11.8918	8.7583	13.1589	10.4627	8.4593	9.0441	10.9145	8.5784	12.0211	9.8834	8.0659	9.541	10.6894	8.5817	10.4063	10.0532	11.0409	1.64	0.73	9.8168	1.42	0.58	9.5563	1.04	0.43
13.835417	5.75	-14.202778	NA	11.0688	12.0261	8.8548	13.3061	10.5928	8.5542	9.1509	11.0393	8.6719	12.153	10.0032	8.163	9.6463	10.8042	8.6823	10.5199	10.1624	11.1697	1.66	0.74	9.9288	1.43	0.58	9.6630	1.05	0.43
13.960417	5.875	-14.077778	NA	11.1958	12.1576	8.9509	13.4488	10.7177	8.6473	9.2523	11.1618	8.7636	12.2812	10.1219	8.2583	9.751	10.916	8.781	10.6325	10.2707	11.2942	1.67	0.75	10.0380	1.45	0.59	9.7683	1.06	0.43
14.085417	6	-13.952778	NA	11.324	12.2871	9.0515	13.589	10.8427	8.7456	9.3577	11.2832	8.8613	12.4062	10.2405	8.356	9.8552	11.0264	8.8826	10.7443	10.3781	11.4189	1.69	0.76	10.1491	1.46	0.60	9.8738	1.06	0.43
14.210417	6.125	-13.827778	NA	11.4526	12.4161	9.152	13.7289	10.968	8.8443	9.4637	11.4046	8.9596	12.5302	10.3591	8.4539	9.9595	11.1367	8.9844	10.8561	10.4855	11.5435	1.70	0.76	10.2602	1.47	0.60	9.9794	1.07	0.44
14.335417	6.25	-13.702778	NA	11.5785	12.5425	9.2496	13.8661	11.0907	8.943	9.5708	11.523	9.0571	12.6506	10.4753	8.5543	10.0622	11.2474	9.0857	10.9656	10.591	11.6655	1.72	0.77	10.3700	1.48	0.60	10.0844	1.07	0.44
14.460417	6.375	-13.577778	NA	11.6949	12.6638	9.3397	13.9968	11.2064	9.0357	9.6719	11.6363	9.1472	12.7663	10.5855	8.6508	10.1606	11.3551	9.1816	11.0711	10.6924	11.7803	1.73	0.77	10.4738	1.49	0.61	10.1853	1.07	0.44
14.585417	6.5	-13.452778	NA	11.8075	12.7819	9.4272	14.122	11.3193	9.1251	9.7677	11.7467	9.2335	12.8779	10.6912	8.7439	10.2555	11.4575	9.275	11.1724	10.7903	11.8916	1.74	0.78	10.5737	1.50	0.61	10.2824	1.08	0.44
14.710417	6.625	-13.327778	NA	11.9128	12.8958	9.5122	14.2415	11.4276	9.2121	9.8594	11.8541	9.317	12.9849	10.7944	8.8335	10.349	11.5567	9.3657	11.2697	10.8855	11.9980	1.76	0.79	10.6703	1.51	0.62	10.3767	1.08	0.44
14.835417	6.75	-13.202778	NA	12.0177	13.003	9.595	14.3534	11.5297	9.2957	9.9477	11.9558	9.398	13.0861	10.8933	8.9205	10.4404	11.6526	9.4534	11.3637	10.9779	12.0998	1.77	0.79	10.7628	1.52	0.62	10.4681	1.09	0.44
14.960417	6.875	-13.077778	NA	12.1192	13.1067	9.677	14.4615	11.6304	9.3786	10.0343	12.0534	9.4787	13.1859	10.989	9.0045	10.5285	11.745	9.5408	11.4551	11.0678	12.1990	1.78	0.79	10.8533	1.53	0.62	10.5570	1.09	0.44
15.085417	7	-12.952778	NA	12.2211	13.2123	9.7573	14.5718	11.7317	9.4588	10.1206	12.1517	9.5583	13.2873	11.0844	9.0866	10.6153	11.837	9.6266	11.5463	11.1572	12.2988	1.79	0.80	10.9435	1.53	0.63	10.6448	1.09	0.45
15.210417	7.125	-12.827778	NA	12.323	13.3195	9.8397	14.6836	11.8323	9.541	10.2051	12.2517	9.6391	13.3887	11.179	9.1689	10.7037	11.9314	9.7131	11.6403	11.248	12.3996	1.80	0.80	11.0341	1.54	0.63	10.7342	1.10	0.45
15.335417	7.25	-12.702778	NA	12.4262	13.4272	9.9267	14.7965	11.9338	9.6273	10.2913	12.3524	9.724	13.4901	11.2736	9.2549	10.795	12.0281	9.8027	11.7369	11.3406	12.5021	1.81	0.81	11.1265	1.55	0.63	10.8264	1.10	0.45
15.460417	7.375	-12.577778	NA	12.5312	13.5349	10.0164	14.9096	12.0369	9.7173	10.3799	12.4537	9.8126	13.5911	11.3696	9.3436	10.8886	12.1252	9.895	11.8346	11.434	12.6058	1.82	0.81	11.2207	1.56	0.64	10.9202	1.10	0.45
15.585417	7.5	-12.452778	NA	12.6377	13.6414	10.1064	15.0212	12.1391	9.8074	10.4696	12.5544	9.9016	13.6902	11.4644	9.4321	10.9817	12.2227	9.9885	11.9324	11.5266	12.7092	1.82	0.82	11.3146	1.56	0.64	11.0140	1.11	0.45
15.710417	7.625	-12.327778	NA	12.7434	13.7472	10.1968	15.1316	12.2409	9.8964	10.5581	12.6544	9.9905	13.7895	11.5581	9.5196	11.0727	12.3198	10.083	12.0286	11.6182	12.8120	1.83	0.82	11.4078	1.57	0.64	11.1070	1.11	0.45
15.835417	7.75	-12.202778	NA	12.8482	13.8524	10.2866	15.2414	12.3433	9.9856	10.6483	12.755	10.0792	13.8895	11.654	9.6093	11.1639	12.4151	10.1769	12.1225	11.7092	12.9144	1.84	0.82	11.5019	1.57	0.64	11.1995	1.11	0.45
15.960417	7.875	-12.077778	NA	12.9528	13.9569	10.3746	15.3515	12.4451	10.0754	10.739	12.8551	10.1665	13.9901	11.7496	9.7006	11.2558	12.5088	10.2697	12.2156	11.8004	13.0162	1.85	0.83	11.5960	1.58	0.64	11.2918	1.11	0.45
16.085417	8	-11.952778	NA	13.0573	14.0613	10.4618	15.4617	12.5469	10.1648	10.8296	12.9546	10.2533	14.0909	11.8452	9.7893	11.3472	12.6019	10.3631	12.3088	11.8918	13.1178	1.86	0.83	11.6897	1.58	0.65	11.3837	1.11	0.45
16.210417	8.125	-11.827778	NA	13.1617	14.1658	10.553	15.5725	12.649	10.2577	10.9219	13.053	10.3443	14.1915	11.9422	9.8795	11.4382	12.695	10.459	12.4027	11.9824	13.2204	1.86	0.83	11.7851	1.59	0.65	11.4761	1.11	0.45
16.335417	8.25	-11.702778	NA	13.2645	14.2705	10.645	15.6821	12.751	10.3519	11.0139	13.1496	10.4363	14.2909	12.0385	9.9704	11.5286	12.788	10.5553	12.4963	12.0717	13.3226	1.87	0.84	11.8802	1.59	0.65	11.5684	1.11	0.45
16.460417	8.375	-11.577778	NA	13.3695	14.3758	10.7351	15.7907	12.8534	10.4434	11.1077	13.2465	10.5259	14.3914	12.1337	10.0631	11.6195	12.8809	10.6516	12.5888	12.1609	13.4249	1.88	0.84	11.9748	1.59	0.65	11.6608	1.11	0.45
16.585417	8.5	-11.452778	NA	13.4744	14.4799	10.8251	15.8982	12.9546	10.5335	11.2025	13.3436	10.6148	14.49	12.2281	10.1564	11.7102	12.9726	10.747	12.6811	12.2507	13.5264	1.88	0.84	12.0687	1.60	0.65	11.7530	1.11	0.45
16.710417	8.625	-11.327778	NA	13.5746	14.5816	10.9126	16.0035	13.0519	10.6203	11.2911	13.4385	10.7024	14.585	12.3188	10.2446	11.7987	13.0615	10.8376	12.7727	12.3398	13.6248	1.89	0.84	12.1593	1.60	0.65	11.8425	1.11	0.45
16.835417	8.75	-11.202778	NA	13.6723	14.682	10.9977	16.1066	13.1479	10.7046	11.3787	13.5317	10.7878	14.6787	12.409	10.3303	11.886	13.1493	10.925	12.8628	12.4268	13.7213	1.89	0.85	12.2484	1.60	0.65	11.9300	1.11	0.45
16.960417	8.875	-11.077778	NA	13.7669	14.7795	11.0815	16.2071	13.2421	10.7873	11.4637	13.6238	10.8707	14.7689	12.4977	10.4142	11.9719	13.2362	11.0111	12.951	12.5114	13.8154	1.90	0.85	12.3354	1.61	0.66	12.0160	1.11	0.45
17.085417	9	-10.952778	NA	13.8586	14.8742	11.1641	16.3051	13.3343	10.8683	11.5466	13.7151	10.9517	14.8551	12.5838	10.4979	12.0548	13.3209	11.0959	13.0367	12.5946	13.9073	1.91	0.85	12.4201	1.61	0.66	12.1001	1.11	0.45
17.210417	9.125	-10.827778	NA	13.9498	14.967	11.2452	16.4008	13.4245	10.9469	11.63	13.8051	11.0304	14.9419	12.67	10.5814	12.1352	13.404	11.1786	13.1207	12.677	13.9975	1.91	0.86	12.5040	1.61	0.66	12.1828	1.11	0.45
17.335417	9.25	-10.702778	NA	14.0399	15.0587	11.3239	16.4952	13.5125	11.0234	11.7114	13.8947	11.1075	15.0297	12.7561	10.6627	12.2155	13.4875	11.2603	13.2046	12.7596	14.0860	1.92	0.86	12.5871	1.62	0.66	12.2650	1.11	0.45
17.460417	9.375	-10.577778	NA	14.128	15.1505	11.4027	16.5889	13.5999	11.1016	11.7913	13.9829	11.1855	15.1181	12.8403	10.7428	12.2972	13.5706	11.3426	13.2883	12.842	14.1740	1.92	0.86	12.6700	1.62	0.66	12.3473	1.11	0.46
17.585417	9.5	-10.452778	NA	14.2144	15.2422	11.4816	16.681	13.6868	11.1796	11.8696	14.0689	11.2627	15.2062	12.9229	10.8228	12.3785	13.6522	11.4243	13.3719	12.9237	14.2612	1.93	0.86	12.7516	1.63	0.66	12.4289	1.12	0.46
17.710417	9.625	-10.327778	NA	14.2998	15.3332	11.5583	16.7719	13.7728	11.2562	11.946	14.1542	11.3381	15.2911	13.0036	10.9019	12.4594	13.7339	11.5039	13.4553	13.0043	14.3472	1.93	0.86	12.8315	1.63	0.67	12.5098	1.12	0.46
17.835417	9.75	-10.202778	NA	14.3836	15.4227	11.6333	16.861	13.8568	11.3323	12.022	14.2386	11.4128	15.3733	13.0842	10.9794	12.54	13.8151	11.5825	13.5367	13.0845	14.4315	1.94	0.87	12.9105	1.64	0.67	12.5897	1.12	0.46
17.960417	9.875	-10.077778	NA	14.4688	15.5115	11.709	16.9494	13.941	11.4085	12.0999	14.3228	11.488	15.4549	13.1661	11.0568	12.6197	13.8961	11.6612	13.617	13.1646	14.5159	1.94	0.87	12.9900	1.64	0.67	12.6692	1.12	0.46
18.085417	10	-9.952778	NA	14.556	15.5999	11.7853	17.038	14.0265	11.4833	12.1796	14.4071	11.5618	15.536	13.2499	11.1334	12.6981	13.9778	11.7403	13.6974	13.2442	14.6011	1.95	0.87	13.0696	1.64	0.67	12.7485	1.12	0.46
18.210417	10.125	-9.827778	NA	14.6421	15.6873	11.8599	17.1262	14.1123	11.5564	12.2577	14.4905	11.6332	15.6156	13.3324	11.2084	12.7767	14.0587	11.8169	13.7781	13.323	14.6856	1.95	0.87	13.1476	1.65	0.67	12.8270	1.12	0.46
18.335417	10.25	-9.702778	NA	14.7248	15.7721	11.9322	17.2116	14.1958	11.6272	12.3333	14.572	11.7046	15.6928	13.4111	11.2824	12.8529	14.1354	11.8913	13.8567	13.4	14.7673	1.96	0.88	13.2235	1.65	0.67	12.9031	1.12	0.46
18.460417	10.375	-9.577778	NA	14.8036	15.8551	12.0025	17.295	14.2761	11.6954	12.4074	14.6511	11.7754	15.7685	13.4882	11.3556	12.9257	14.2097	11.9658	13.9331	13.4752	14.8465	1.96	0.88	13.2977	1.65	0.67	12.9775	1.13	0.46
18.585417	10.5	-9.452778	NA	14.8798	15.9368	12.0718	17.3774	14.3539	11.7626	12.4807	14.7285	11.8446	15.8433	13.5647	11.4276	12.9967	14.2848	12.0387	14.0071	13.5498	14.9239	1.97	0.88	13.3707	1.66	0.68	13.0508	1.13	0.46
18.710417	10.625	-9.327778	NA	14.9552	16.0176	12.1409	17.4578	14.4303	11.8296	12.5535	14.8045	11.9126	15.9186	13.6391	11.5	13.0682	14.3594	12.1101	14.0809	13.6246	15.0004	1.97	0.88	13.4430	1.66	0.68	13.1239	1.13	0.46
18.835417	10.75	-9.202778	NA	15.0309	16.0967	12.2097	17.5376	14.5061	11.8972	12.6243	14.8802	11.9801	15.9948	13.7121	11.5735	13.1411	14.4322	12.1812	14.1562	13.6978	15.0762	1.98	0.88	13.5148	1.66	0.68	13.1970	1.13	0.46
18.960417	10.875	-9.077778	NA	15.1067	16.1735	12.2792	17.6168	14.5813	11.9646	12.6925	14.9556	12.0473	16.0698	13.7853	11.647	13.2132	14.504	12.2528	14.2307	13.7709	15.1515	1.98	0.89	13.5859	1.67	0.68	13.2698	1.13	0.46
19.085417	11	-8.952778	NA	15.1822	16.2498	12.3483	17.6944	14.6566	12.0319	12.7605	15.0292	12.1147	16.1421	13.8584	11.7192	13.2842	14.5751	12.3246	14.3041	13.8435	15.2263	1.98	0.89	13.6561	1.67	0.68	13.3418	1.13	0.46
19.210417	11.125	-8.827778	NA	15.257	16.3269	12.4163	17.7699	14.7319	12.0993	12.8302	15.1015	12.1828	16.2123	13.9311	11.7885	13.3537	14.6462	12.395	14.3761	13.9148	15.3004	1.99	0.89	13.7262	1.67	0.68	13.4124	1.13	0.46
19.335417	11.25	-8.702778	NA	15.3314	16.4037	12.4842	17.8449	14.8064	12.1664	12.8999	15.1738	12.2506	16.2824	14.0026	11.8567	13.4224	14.7167	12.465	14.4475	13.9863	15.3741	1.99	0.89	13.7959	1.67	0.68	13.4824	1.13	0.46
19.460417	11.375	-8.577778	NA	15.4047	16.479	12.5522	17.9213	14.8801	12.2337	12.9679	15.2469	12.3181	16.354	14.0732	11.9264	13.4919	14.7862	12.5355	14.5196	14.0577	15.4475	1.99	0.89	13.8656	1.67	0.68	13.5529	1.13	0.46
19.585417	11.5	-8.452778	NA	15.4769	16.5538	12.6199	17.9978	14.9533	12.3016	13.0354	15.3199	12.3852	16.4253	14.1444	11.9962	13.562	14.8569	12.6063	14.5919	14.1281	15.5203	2.00	0.89	13.9353	1.68	0.68	13.6236	1.13	0.46
19.710417	11.625	-8.327778	NA	15.5491	16.6289	12.6852	18.0723	15.0262	12.3687	13.1026	15.3919	12.4507	16.4949	14.2163	12.0655	13.6324	14.928	12.6763	14.6648	14.198	15.5923	2.00	0.89	14.0042	1.68	0.68	13.6942	1.13	0.46
19.835417	11.75	-8.202778	NA	15.6219	16.7036	12.7506	18.1458	15.0991	12.4345	13.1693	15.4628	12.5156	16.564	14.2878	12.1351	13.7018	14.9997	12.7447	14.7369	14.2691	15.6642	2.00	0.90	14.0723	1.68	0.69	13.7645	1.13	0.46
19.960417	11.875	-8.077778	NA	15.6944	16.7768	12.8178	18.2194	15.1718	12.4996	13.236	15.5333	12.5818	16.6334	14.358	12.2033	13.7699	15.0713	12.8129	14.808	14.3397	15.7360	2.01	0.90	14.1403	1.68	0.69	13.8342	1.14	0.46
20.085417	12	-7.952778	NA	15.7666	16.8495	12.8849	18.2927	15.244	12.5639	13.3034	15.6031	12.6477	16.7025	14.4274	12.271	13.839	15.1416	12.8801	14.8791	14.4089	15.8075	2.01	0.90	14.2080	1.68	0.69	13.9033	1.14	0.46
20.210417	12.125	-7.827778	NA	15.8379	16.9224	12.9516	18.366	15.3159	12.6287	13.3727	15.6735	12.7127	16.7713	14.4963	12.3397	13.908	15.2111	12.9461	14.9495	14.4783	15.8788	2.01	0.90	14.2759	1.69	0.69	13.9721	1.14	0.46
20.335417	12.25	-7.702778	NA	15.9088	16.9945	13.0179	18.4394	15.3876	12.6949	13.4413	15.7444	12.7788	16.8401	14.5648	12.4084	13.976	15.2801	13.0124	15.0191	14.5486	15.9496	2.01	0.90	14.3440	1.69	0.69	14.0408	1.14	0.46
20.460417	12.375	-7.577778	NA	15.9805	17.066	13.0842	18.5126	15.4591	12.7601	13.5087	15.8133	12.8436	16.9089	14.6337	12.4767	14.0453	15.3486	13.0794	15.0879	14.6179	16.0205	2.02	0.90	14.4114	1.69	0.69	14.1093	1.14	0.46
20.585417	12.5	-7.452778	NA	16.0512	17.1369	13.1499	18.585	15.5297	12.824	13.5764	15.8808	12.9074	16.9759	14.702	12.5449	14.1146	15.4171	13.1476	15.1562	14.6849	16.0905	2.02	0.90	14.4778	1.69	0.69	14.1776	1.14	0.46
20.710417	12.625	-7.327778	NA	16.1191	17.2075	13.2143	18.6559	15.5997	12.8874	13.6436	15.9479	12.9715	17.0411	14.7687	12.6127	14.1836	15.4846	13.2144	15.2238	14.7522	16.1593	2.02	0.90	14.5434	1.69	0.69	14.2452	1.14	0.46
20.835417	12.75	-7.202778	NA	16.1859	17.278	13.2781	18.7263	15.6688	12.9515	13.7093	16.0155	13.0364	17.1059	14.8336	12.6783	14.2508	15.5507	13.2797	15.2901	14.8204	16.2274	2.02	0.90	14.6087	1.69	0.69	14.3117	1.14	0.47
20.960417	12.875	-7.077778	NA	16.2531	17.35	13.3427	18.7986	15.7385	13.0172	13.7733	16.0858	13.1026	17.1722	14.8987	12.7438	14.3174	15.6169	13.3465	15.3576	14.8897	16.2966	2.03	0.91	14.6750	1.69	0.69	14.3787	1.14	0.47
21.085417	13	-6.952778	NA	16.3215	17.4256	13.4088	18.8733	15.8092	13.0855	13.8388	16.1597	13.1711	17.2403	14.9648	12.8114	14.388	15.6877	13.4139	15.4291	14.9622	16.3677	2.03	0.91	14.7434	1.69	0.69	14.4487	1.14	0.47
21.210417	13.125	-6.827778	NA	16.3905	17.5013	13.475	18.9481	15.8799	13.1542	13.9054	16.2337	13.2397	17.3084	15.0309	12.8796	14.4586	15.7585	13.4814	15.5007	15.0348	16.4390	2.03	0.91	14.8120	1.69	0.69	14.5189	1.14	0.47
21.335417	13.25	-6.702778	NA	16.4595	17.5769	13.5411	19.0229	15.9506	13.2229	13.9719	16.3076	13.3084	17.3765	15.0969	12.9479	14.5292	15.8293	13.5489	15.5723	15.1073	16.5102	2.04	0.91	14.8807	1.69	0.69	14.5892	1.14	0.47
21.460417	13.375	-6.577778	NA	16.5284	17.6525	13.6073	19.0977	16.0213	13.2915	14.0385	16.3815	13.3771	17.4447	15.163	13.0162	14.5998	15.9001	13.6164	15.6438	15.1799	16.5814	2.04	0.91	14.9494	1.70	0.69	14.6594	1.15	0.47
21.585417	13.5	-6.452778	NA	16.5974	17.7282	13.6735	19.1725	16.092	13.3602	14.105	16.4554	13.4458	17.5128	15.229	13.0845	14.6704	15.9709	13.6839	15.7154	15.2524	16.6527	2.04	0.91	15.0180	1.70	0.69	14.7296	1.15	0.47
21.710417	13.625	-6.327778	NA	16.6663	17.8038	13.7396	19.2473	16.1627	13.4289	14.1715	16.5294	13.5144	17.5809	15.2951	13.1528	14.7409	16.0417	13.7514	15.7869	15.325	16.7239	2.05	0.92	15.0867	1.70	0.69	14.7998	1.15	0.47
21.835417	13.75	-6.202778	NA	16.7353	17.8794	13.8058	19.3221	16.2334	13.4976	14.2381	16.6033	13.5831	17.649	15.3611	13.2211	14.8115	16.1125	13.8189	15.8585	15.3975	16.7952	2.05	0.92	15.1554	1.70	0.69	14.8700	1.15	0.47
21.960417	13.875	-6.077778	NA	16.8042	17.9551	13.8719	19.3969	16.3041	13.5662	14.3046	16.6772	13.6518	17.7171	15.4272	13.2894	14.8821	16.1833	13.8864	15.93	15.4701	16.8664	2.05	0.92	15.2240	1.70	0.69	14.9402	1.15	0.47
22.085417	14	-5.952778	NA	16.8732	18.0307	13.9381	19.4717	16.3748	13.6349	14.3712	16.7511	13.7204	17.7852	15.4932	13.3577	14.9527	16.2541	13.9539	16.0016	15.5427	16.9377	2.06	0.92	15.2927	1.70	0.69	15.0105	1.15	0.47
22.210417	14.125	-5.827778	NA	16.9422	18.1064	14.0042	19.5465	16.4455	13.7036	14.4377	16.8251	13.7891	17.8533	15.5593	13.4259	15.0233	16.3249	14.0214	16.0731	15.6152	17.0090	2.06	0.92	15.3613	1.70	0.69	15.0806	1.16	0.47
22.335417	14.25	-5.702778	NA	17.0111	18.182	14.0704	19.6213	16.5162	13.7723	14.5043	16.899	13.8578	17.9214	15.6253	13.4942	15.0939	16.3957	14.0889	16.1447	15.6878	17.0802	2.06	0.92	15.4300	1.70	0.69	15.1509	1.16	0.47
22.460417	14.375	-5.577778	NA	17.0801	18.2576	14.1365	19.6961	16.5869	13.8409	14.5708	16.9729	13.9264	17.9895	15.6914	13.5625	15.1645	16.4665	14.1564	16.2162	15.7603	17.1514	2.07	0.93	15.4986	1.70	0.70	15.2211	1.16	0.47
22.585417	14.5	-5.452778	NA	17.149	18.3333	14.2027	19.7708	16.6576	13.9096	14.6374	17.0468	13.9951	18.0576	15.7574	13.6308	15.2351	16.5373	14.2239	16.2878	15.8329	17.2227	2.07	0.93	15.5673	1.70	0.70	15.2913	1.16	0.47
22.710417	14.625	-5.327778	NA	17.218	18.4089	14.2688	19.8456	16.7283	13.9783	14.7039	17.1208	14.0638	18.1258	15.8235	13.6991	15.3057	16.6081	14.2914	16.3593	15.9054	17.2939	2.08	0.93	15.6360	1.70	0.70	15.3615	1.16	0.47
22.835417	14.75	-5.202778	NA	17.287	18.4845	14.335	19.9204	16.799	14.047	14.7705	17.1947	14.1325	18.1939	15.8895	13.7674	15.3763	16.6789	14.3589	16.4309	15.978	17.3652	2.08	0.93	15.7047	1.71	0.70	15.4317	1.16	0.48
22.960417	14.875	-5.077778	NA	17.3559	18.5602	14.4012	19.9952	16.8697	14.1156	14.837	17.2686	14.2011	18.262	15.9556	13.8357	15.4469	16.7497	14.4264	16.5025	16.0505	17.4364	2.08	0.93	15.7733	1.71	0.70	15.5020	1.17	0.48
23.085417	15	-4.952778	NA	17.4249	18.6358	14.4673	20.07	16.9404	14.1843	14.9036	17.3425	14.2698	18.3301	16.0217	13.904	15.5175	16.8205	14.4939	16.574	16.1231	17.5077	2.09	0.93	15.8420	1.71	0.70	15.5722	1.17	0.48
23.210417	15.125	-4.827778	NA	17.4938	18.7114	14.5335	20.1448	17.0111	14.253	14.9701	17.4164	14.3385	18.3982	16.0877	13.9722	15.5881	16.8913	14.5614	16.6456	16.1956	17.5789	2.09	0.93	15.9107	1.71	0.70	15.6424	1.17	0.48
23.335417	15.25	-4.702778	NA	17.5628	18.7871	14.5996	20.2196	17.0818	14.3217	15.0367	17.4904	14.4071	18.4663	16.1538	14.0405	15.6587	16.9621	14.6289	16.7171	16.2682	17.6502	2.09	0.94	15.9793	1.71	0.70	15.7126	1.17	0.48
23.460417	15.375	-4.577778	NA	17.6317	18.8627	14.6658	20.2944	17.1525	14.3903	15.1032	17.5643	14.4758	18.5344	16.2198	14.1088	15.7293	17.0329	14.6964	16.7887	16.3408	17.7214	2.10	0.94	16.0480	1.71	0.70	15.7828	1.17	0.48
23.585417	15.5	-4.452778	NA	17.7007	18.9383	14.7319	20.3692	17.2232	14.459	15.1697	17.6382	14.5445	18.6025	16.2859	14.1771	15.7998	17.1037	14.7639	16.8602	16.4133	17.7927	2.10	0.94	16.1166	1.71	0.70	15.8530	1.17	0.48
23.710417	15.625	-4.327778	NA	17.7701	19.0158	14.7981	20.4457	17.295	14.5285	15.2383	17.7132	14.6143	18.6721	16.3535	14.2463	15.871	17.1761	14.8316	16.9326	16.4862	17.8649	2.11	0.94	16.1867	1.71	0.70	15.9240	1.18	0.48
23.835417	15.75	-4.202778	NA	17.8399	19.0947	14.8655	20.5231	17.3664	14.5954	15.3061	17.7892	14.6826	18.7419	16.4218	14.316	15.9443	17.2505	14.8984	17.0067	16.5601	17.9379	2.11	0.94	16.2562	1.71	0.70	15.9960	1.18	0.48
23.960417	15.875	-4.077778	NA	17.9103	19.1715	14.9286	20.5996	17.4375	14.6576	15.3715	17.8636	14.7459	18.8102	16.4894	14.3836	16.0168	17.3215	14.9617	17.0803	16.6333	18.0095	2.11	0.95	16.3230	1.72	0.70	16.0662	1.18	0.48
24.085417	16	-3.952778	NA	17.9811	19.2477	14.9918	20.6763	17.5089	14.7194	15.4361	17.9377	14.8092	18.8782	16.5568	14.4506	16.0883	17.3922	15.0245	17.1542	16.7067	18.0812	2.12	0.95	16.3896	1.72	0.70	16.1361	1.18	0.48
24.210417	16.125	-3.827778	NA	18.0516	19.3229	15.0562	20.751	17.5791	14.7819	15.5012	18.012	14.8726	18.9461	16.6248	14.5157	16.1594	17.4628	15.0877	17.2279	16.7801	18.1522	2.12	0.95	16.4564	1.72	0.70	16.2056	1.19	0.49
24.335417	16.25	-3.702778	NA	18.12	19.3963	15.1235	20.8218	17.6465	14.847	15.5651	18.085	14.938	19.0133	16.6918	14.5785	16.2291	17.532	15.1517	17.3002	16.8527	18.2216	2.13	0.95	16.5234	1.73	0.70	16.2740	1.19	0.49
24.460417	16.375	-3.577778	NA	18.1848	19.4677	15.1884	20.8899	17.7115	14.9096	15.6264	18.1548	15.0001	19.0782	16.7562	14.6401	16.2975	17.5991	15.2145	17.3702	16.9233	18.2885	2.13	0.95	16.5876	1.73	0.71	16.3408	1.20	0.49
24.585417	16.5	-3.452778	NA	18.2467	19.537	15.2521	20.9574	17.776	14.9723	15.6861	18.2221	15.062	19.141	16.8188	14.7021	16.3641	17.6656	15.2775	17.4378	16.991	18.3538	2.13	0.95	16.6504	1.73	0.71	16.4063	1.20	0.49
24.710417	16.625	-3.327778	NA	18.308	19.6046	15.3143	21.0236	17.8392	15.0335	15.7445	18.2881	15.1236	19.202	16.8805	14.7631	16.4291	17.7313	15.3399	17.5038	17.0561	18.4179	2.13	0.95	16.7120	1.73	0.71	16.4705	1.20	0.49
24.835417	16.75	-3.202778	NA	18.3688	19.6715	15.3755	21.0885	17.9002	15.0931	15.8029	18.3531	15.1834	19.2605	16.9411	14.8229	16.4933	17.7978	15.4012	17.5684	17.1211	18.4809	2.13	0.95	16.7723	1.73	0.71	16.5341	1.20	0.49
24.960417	16.875	-3.077778	NA	18.4289	19.7377	15.4369	21.1524	17.9599	15.1518	15.861	18.4179	15.2418	19.3191	17.0002	14.8825	16.5557	17.8651	15.4627	17.6317	17.1865	18.5432	2.14	0.95	16.8320	1.73	0.71	16.5974	1.20	0.49
25.085417	17	-2.952778	NA	18.4873	19.8023	15.4967	21.2153	18.0191	15.2096	15.9179	18.4822	15.2999	19.3788	17.057	14.9413	16.6155	17.9294	15.523	17.6939	17.2505	18.6041	2.14	0.96	16.8909	1.74	0.71	16.6589	1.21	0.49
25.210417	17.125	-2.827778	NA	18.5441	19.8644	15.5545	21.276	18.0773	15.2654	15.9729	18.544	15.3571	19.4357	17.1122	14.9975	16.6746	17.9897	15.5805	17.7542	17.3125	18.6633	2.14	0.96	16.9479	1.74	0.71	16.7182	1.21	0.49
25.335417	17.25	-2.702778	NA	18.5997	19.9243	15.6107	21.3343	18.1344	15.3187	16.026	18.6031	15.4126	19.4896	17.1671	15.0521	16.7318	18.0474	15.6361	17.8127	17.3713	18.7207	2.14	0.96	17.0028	1.74	0.71	16.7752	1.21	0.49
25.460417	17.375	-2.577778	NA	18.6555	19.9827	15.6657	21.391	18.1912	15.3734	16.0781	18.6611	15.4667	19.543	17.2211	15.1059	16.7877	18.1043	15.6914	17.8704	17.4285	18.7772	2.14	0.96	17.0572	1.74	0.71	16.8314	1.21	0.49
25.585417	17.5	-2.452778	NA	18.7111	20.0404	15.7206	21.4477	18.2474	15.4279	16.1297	18.7176	15.5197	19.5957	17.2746	15.1594	16.8444	18.1613	15.7451	17.9269	17.4849	18.8334	2.14	0.96	17.1109	1.74	0.71	16.8870	1.21	0.50
25.710417	17.625	-2.327778	NA	18.7666	20.0981	15.7742	21.5042	18.303	15.4823	16.1814	18.7728	15.5732	19.648	17.3288	15.2127	16.9005	18.2166	15.798	17.9819	17.5398	18.8892	2.14	0.96	17.1644	1.74	0.71	16.9416	1.21	0.50
25.835417	17.75	-2.202778	NA	18.8221	20.1563	15.828	21.5602	18.3584	15.5366	16.2339	18.8276	15.6276	19.7009	17.3831	15.2651	16.957	18.2707	15.8524	18.0377	17.5949	18.9450	2.14	0.96	17.2183	1.74	0.71	16.9963	1.21	0.50
25.960417	17.875	-2.077778	NA	18.8776	20.2146	15.8833	21.6171	18.4136	15.5909	16.2869	18.8828	15.682	19.7544	17.4381	15.3192	17.0148	18.3247	15.908	18.0944	17.6516	19.0012	2.14	0.96	17.2725	1.74	0.71	17.0521	1.21	0.50
26.085417	18	-1.952778	NA	18.9328	20.2724	15.9397	21.6752	18.4688	15.6453	16.3403	18.9384	15.7362	19.8094	17.494	15.3735	17.0731	18.3779	15.9637	18.1497	17.7089	19.0578	2.15	0.96	17.3273	1.74	0.71	17.1078	1.21	0.50
26.210417	18.125	-1.827778	NA	18.9874	20.33	15.9957	21.733	18.5236	15.7005	16.3929	18.9939	15.7898	19.8646	17.5491	15.426	17.1306	18.4321	16.0184	18.205	17.7664	19.1139	2.15	0.96	17.3818	1.74	0.71	17.1631	1.22	0.50
26.335417	18.25	-1.702778	NA	19.0432	20.3875	16.0501	21.7906	18.5801	15.7557	16.4457	19.0504	15.8426	19.919	17.6034	15.4791	17.1865	18.4876	16.0731	18.2615	17.8249	19.1703	2.15	0.96	17.4361	1.74	0.71	17.2188	1.22	0.50
26.460417	18.375	-1.577778	NA	19.1	20.4463	16.1059	21.8494	18.6375	15.8106	16.5008	19.1082	15.8967	19.9743	17.6596	15.5349	17.2427	18.5433	16.1296	18.3185	17.8849	19.2278	2.15	0.96	17.4917	1.74	0.71	17.2756	1.22	0.50
26.585417	18.5	-1.452778	NA	19.1585	20.5075	16.1635	21.9097	18.6964	15.8675	16.5568	19.1676	15.9537	20.0316	17.7171	15.5921	17.3007	18.6006	16.189	18.3766	17.9466	19.2871	2.15	0.96	17.5491	1.74	0.71	17.3343	1.22	0.50
26.710417	18.625	-1.327778	NA	19.2189	20.5702	16.223	21.9708	18.756	15.9254	16.6136	19.2282	16.0112	20.0901	17.7756	15.649	17.3609	18.6598	16.2494	18.4361	18.0091	19.3478	2.15	0.96	17.6074	1.74	0.71	17.3941	1.22	0.50
26.835417	18.75	-1.202778	NA	19.2807	20.6323	16.2847	22.0329	18.8173	15.9855	16.6718	19.2894	16.0703	20.1494	17.8358	15.7078	17.4239	18.719	16.3099	18.4965	18.072	19.4096	2.15	0.96	17.6670	1.74	0.71	17.4549	1.22	0.50
26.960417	18.875	-1.077778	NA	19.3443	20.6943	16.3465	22.0958	18.8797	16.0455	16.7323	19.351	16.1323	20.2093	17.8961	15.7681	17.4884	18.7777	16.371	18.5581	18.1364	19.4721	2.15	0.96	17.7278	1.74	0.71	17.5166	1.22	0.50
27.085417	19	-0.952778	NA	19.408	20.756	16.408	22.1582	18.9425	16.1054	16.7932	19.4115	16.1935	20.2693	17.9565	15.8278	17.5534	18.8368	16.433	18.6202	18.2016	19.5345	2.15	0.96	17.7882	1.74	0.71	17.5788	1.22	0.50
27.210417	19.125	-0.827778	NA	19.4708	20.8165	16.4681	22.2202	19.0052	16.1668	16.8518	19.4709	16.2538	20.3302	18.0176	15.8858	17.6182	18.8944	16.4943	18.6807	18.2663	19.5962	2.15	0.96	17.8485	1.74	0.71	17.6399	1.22	0.50
27.335417	19.25	-0.702778	NA	19.5323	20.876	16.5268	22.2823	19.0664	16.2279	16.909	19.5297	16.314	20.3906	18.0774	15.9432	17.6824	18.9497	16.5535	18.7401	18.3298	19.6568	2.15	0.96	17.9081	1.74	0.71	17.6998	1.22	0.50
27.460417	19.375	-0.577778	NA	19.592	20.9352	16.5856	22.3429	19.1267	16.2876	16.966	19.5879	16.373	20.449	18.1353	16.0007	17.7467	19.0051	16.6137	18.7996	18.3922	19.7165	2.15	0.96	17.9665	1.74	0.71	17.7597	1.22	0.50
27.585417	19.5	-0.452778	NA	19.6513	20.9944	16.6446	22.4023	19.1871	16.3474	17.022	19.6462	16.432	20.5068	18.1929	16.0582	17.8098	19.0612	16.6749	18.8583	18.4543	19.7759	2.15	0.96	18.0245	1.74	0.71	17.8194	1.22	0.50
27.710417	19.625	-0.327778	NA	19.7129	21.0537	16.7033	22.4635	19.2487	16.4071	17.0797	19.7057	16.4907	20.5656	18.2514	16.1162	17.871	19.1181	16.7352	18.9162	18.515	19.8364	2.15	0.96	18.0834	1.74	0.71	17.8786	1.22	0.50
27.835417	19.75	-0.202778	NA	19.7764	21.1129	16.7614	22.5266	19.3118	16.4657	17.1401	19.7661	16.5487	20.6257	18.3117	16.1758	17.9319	19.1756	16.7947	18.9741	18.5746	19.8978	2.16	0.96	18.1430	1.74	0.71	17.9378	1.22	0.50
27.960417	19.875	-0.077778	NA	19.8402	21.172	16.8195	22.5902	19.3753	16.5242	17.201	19.8265	16.6068	20.6865	18.3728	16.2356	17.9928	19.2331	16.8541	19.032	18.6342	19.9594	2.16	0.96	18.2030	1.74	0.71	17.9970	1.22	0.50
28.038194	19.952778	0	NA	19.88	21.2088	16.8556	22.6297	19.4148	16.5607	17.239	19.8641	16.6429	20.7243	18.4107	16.2728	18.0307	19.2688	16.8911	19.068	18.6713	19.9978	2.16	0.96	18.2403	1.74	0.71	18.0338	1.22	0.50
28.163194	20.077778	0.125	NA	44.9129	28.6046	34.5843	31.6891	42.1959	40.7573	41.6954	48.1137	34.9724	35.9367	37.2998	20.9524	35.5933	42.7168	44.0214	47.6449	39.7521	36.3974	6.93	3.10	39.7959	4.86	1.98	38.4468	9.48	3.87
28.288194	20.202778	0.25	NA	75.1578	36.04	60.4203	41.2794	68.321	73.9996	72.0207	76.3632	61.1973	52.4029	58.8473	25.6321	53.1558	66.1649	80.6594	76.2219	60.833	56.2437	16.98	7.59	65.8052	9.66	3.94	60.4445	19.78	8.07
28.413194	20.327778	0.375	NA	116.923	50.5769	87.6973	57.4888	105.3789	111.9088	113.4066	125.1565	89.487	79.0484	92.4078	30.3117	80.8864	105.4703	122.7832	124.4208	94.3954	83.6130	29.04	12.99	101.9025	17.55	7.16	93.0446	34.95	14.27
28.538194	20.452778	0.5	NA	150.453	63.9713	110.4905	70.9504	133.5371	143.7209	147.5712	165.638	113.627	101.6158	121.3926	34.9914	105.785	137.8202	156.0107	166.7805	124.1647	105.8805	37.91	16.95	132.2609	24.02	9.81	120.9254	47.42	19.36
28.663194	20.577778	0.625	NA	177.2535	73.9766	128.8173	82.2703	155.7641	169.8008	173.5905	198.5721	134.8188	121.071	144.8669	39.6711	122.9202	161.1987	182.2159	198.8787	145.8713	123.6164	45.03	20.14	157.1200	28.63	11.69	141.7927	56.69	23.15
28.788194	20.702778	0.75	NA	197.0664	80.3855	141.3042	91.585	172.0243	188.4024	191.6572	219.7821	150.5649	135.5089	161.8548	44.3507	133.7409	176.7107	201.3789	220.9022	158.6849	136.4731	50.30	22.49	174.6284	30.96	12.64	155.9614	62.72	25.61
28.913194	20.827778	0.875	NA	212.2301	85.5815	151.3341	99.1179	184.4819	203.2939	209.7239	233.6142	163.3525	145.7055	174.8497	49.0304	143.2248	187.9814	217.044	235.6689	169.7259	146.5491	54.18	24.23	188.4233	32.73	13.36	167.1126	66.56	27.17
29.038194	20.952778	1	NA	225.7414	90.7046	159.4958	106.2934	196.1653	216.1988	223.9551	247.0281	173.3666	155.3159	186.7903	55.9858	152.7087	198.6797	230.8433	249.2709	180.742	155.6801	57.50	25.71	200.4425	34.43	14.06	178.0384	69.04	28.19
29.163194	21.077778	1.125	NA	236.6958	95.441	166.8367	112.3194	206.1585	227.4221	233.8619	259.2199	182.1467	163.3662	196.4191	64.1837	160.3495	207.5487	242.5545	259.0495	187.2807	163.4903	60.08	26.87	210.4060	35.86	14.64	186.8278	69.99	28.57
29.288194	21.202778	1.25	NA	246.2779	99.6881	173.5106	117.6761	214.9009	237.6411	242.8003	270.3566	190.1466	170.6521	204.6741	71.7216	167.2322	215.6871	252.7421	267.4202	193.0358	170.4107	62.30	27.86	219.3785	37.22	15.19	194.6398	70.68	28.86
29.413194	21.327778	1.375	NA	254.709	103.5595	179.5193	122.4909	222.7122	246.8852	251.0188	280.4223	197.2844	177.1808	211.884	78.6807	173.6687	223.3119	261.7379	274.756	198.1771	176.5982	64.22	28.72	227.4459	38.52	15.73	201.7220	71.19	29.06
29.538194	21.452778	1.5	NA	262.1556	107.1804	185.0437	126.9372	229.932	255.2951	258.5514	289.5875	203.8457	183.0472	218.4589	85.0772	179.4895	230.3904	269.7906	281.2844	202.7588	182.2498	65.88	29.46	234.7976	39.72	16.22	208.1318	71.61	29.23
29.663194	21.577778	1.625	NA	268.8126	110.6294	190.202	131.2926	236.7569	263.0708	265.4014	297.9737	210.0261	188.298	224.4769	90.946	184.7789	236.8787	277.2375	287.2026	206.8989	187.5387	67.29	30.09	241.5412	40.83	16.67	213.9904	72.01	29.40
29.788194	21.702778	1.75	NA	274.834	113.9165	194.9854	135.3563	243.2091	270.2617	271.6432	305.5716	215.7614	193.1515	230.081	96.3126	189.7335	242.7531	284.2207	292.6161	210.7598	192.4603	68.55	30.66	247.7451	41.80	17.07	219.3993	72.41	29.56
29.913194	21.827778	1.875	NA	280.5436	117.0858	199.5259	139.2891	249.4451	277.022	277.5949	312.4802	221.0661	197.7974	235.5071	101.4677	194.4921	248.3934	291.0059	297.6025	214.3287	197.1779	69.74	31.19	253.5780	42.64	17.41	224.5484	72.77	29.71
30.038194	21.952778	2	NA	285.7954	120.2048	203.8735	143.0979	255.4403	283.6277	283.0473	319.1123	226.0156	202.1617	240.6183	106.1336	199.1531	253.9397	297.3584	302.4317	217.8177	201.6824	70.78	31.65	259.0971	43.48	17.75	229.4724	73.21	29.89
30.163194	22.077778	2.125	NA	290.6814	123.2981	208.0325	146.7869	261.2788	289.9584	288.2384	325.5227	230.624	206.269	245.3701	110.5652	203.6041	259.4262	303.4388	307.0431	221.1651	206.0155	71.72	32.08	264.3304	44.36	18.11	234.2071	73.66	30.07
30.288194	22.202778	2.25	NA	295.3287	126.4126	212.1188	150.4111	267.0742	295.9973	293.1803	331.811	234.9374	210.209	249.9048	114.8327	207.9663	265.0103	309.3488	311.5676	224.4438	210.2691	72.60	32.47	269.3400	45.25	18.47	238.8616	74.14	30.27
30.413194	22.327778	2.375	NA	299.8314	129.5842	216.1529	153.9916	272.8821	301.9336	297.8604	338.02	239.113	214.0419	254.2261	118.9784	212.368	270.7653	315.1675	316.0972	227.7226	214.4884	73.42	32.84	274.1992	46.15	18.84	243.5165	74.66	30.48
30.538194	22.452778	2.5	NA	304.2762	132.8467	220.1562	157.5341	278.7028	307.6704	302.4749	344.3175	243.2363	217.7105	258.3083	123.1114	216.8009	276.7892	320.9902	320.7285	231.0623	218.7032	74.23	33.19	278.9530	47.12	19.24	248.2471	75.24	30.72
30.663194	22.577778	2.625	NA	308.7064	136.2066	224.1343	161.0436	284.5413	313.4415	307.0171	350.6932	247.1951	221.277	262.3274	127.2128	221.3544	282.8614	326.8189	325.5325	234.4638	222.9264	75.01	33.55	283.6585	48.17	19.67	253.0406	75.85	30.97
30.788194	22.702778	2.75	NA	313.1073	139.6266	228.0353	164.5318	290.3736	319.2931	311.3195	357.1145	250.9894	224.8639	266.3143	131.2314	226.0041	288.7094	332.6617	330.5632	237.8782	227.1349	75.78	33.89	288.3158	49.25	20.10	257.8413	76.53	31.24
30.913194	22.827778	2.875	NA	317.4742	143.0577	231.7866	167.9911	296.1178	325.0262	315.3791	363.6514	254.7668	228.321	270.3151	135.2499	230.5952	294.4438	338.5258	335.7193	241.2731	231.2855	76.52	34.22	292.9099	50.35	20.56	262.6345	77.23	31.53
31.038194	22.952778	3	NA	321.8267	146.4924	235.5446	171.4203	301.7621	330.4509	319.3773	370.2105	258.5242	231.6801	274.3308	139.2889	235.1566	300.0963	344.4476	340.9179	244.619	235.4092	77.25	34.55	297.4290	51.46	21.01	267.4210	77.95	31.82
31.163194	23.077778	3.125	NA	326.0882	149.9216	239.3653	174.8263	307.2805	335.4288	323.326	376.5874	262.1636	234.9874	278.2505	143.3534	239.6142	305.5092	350.3516	346.1317	247.8116	239.4964	77.94	34.86	301.7906	52.49	21.43	272.1286	78.67	32.11
31.288194	23.202778	3.25	NA	330.1525	153.2878	243.0544	178.1988	312.6339	339.973	327.1664	382.6486	265.6884	238.094	281.9642	147.3132	243.9034	310.6599	356.0802	351.1892	250.8419	243.4655	78.57	35.14	305.9224	53.46	21.83	276.6646	79.36	32.40
31.413194	23.327778	3.375	NA	333.9618	156.5445	246.5981	181.5015	317.7775	344.5005	330.834	388.2864	269.2077	240.9678	285.5221	151.0555	247.9562	315.6095	361.6601	356.001	253.7211	247.2767	79.13	35.39	309.8864	54.37	22.20	281.0006	80.06	32.69
31.538194	23.452778	3.5	NA	337.515	159.6776	249.9546	184.7054	322.6975	348.598	334.2768	393.4765	272.627	243.7191	288.9821	154.5952	251.8369	320.3072	367.079	360.501	256.4394	250.9100	79.63	35.61	313.6132	55.14	22.51	285.1264	80.75	32.97
31.663194	23.577778	3.625	NA	340.8323	162.6908	253.102	187.8196	327.4006	352.2118	337.4849	398.3423	275.805	246.3155	292.1953	158.032	255.4318	324.7596	372.1929	364.674	258.9875	254.3691	80.07	35.81	317.0591	55.83	22.79	289.0130	81.37	33.22
31.788194	23.702778	3.75	NA	343.4249	165.5559	256.0278	190.7163	331.4834	355.3783	340.0966	402.5877	278.7404	248.5281	294.8587	161.3158	258.6237	328.9266	377.305	368.4901	261.2686	257.4417	80.27	35.90	320.0316	56.42	23.04	292.6550	82.01	33.48
31.913194	23.827778	3.875	NA	345.8534	168.3387	258.5578	193.4914	335.3667	357.8689	342.6009	406.3503	281.3601	250.5641	297.3313	164.0783	261.4112	332.8354	382.085	372.0493	263.2544	260.3216	80.43	35.97	322.6793	56.90	23.23	295.9523	82.73	33.78
32.038194	23.952778	4	NA	348.2819	171.1215	261.0877	196.2666	339.2501	360.3595	345.1053	410.1129	283.9799	252.6001	299.8038	166.788	264.1987	336.7443	386.8651	375.6084	265.2402	263.2016	80.60	36.05	325.3269	57.37	23.42	299.2408	83.48	34.08
32.163194	24.077778	4.125	NA	350.7104	173.8517	263.6177	199.0417	343.1334	362.8501	347.6096	413.8754	286.5997	254.6361	302.2764	169.4977	266.9861	340.6532	391.4933	379.0732	267.2261	266.0710	80.79	36.13	327.9746	57.85	23.62	302.4883	84.18	34.37
32.288194	24.202778	4.25	NA	353.1389	176.381	266.1476	201.8168	347.0168	365.3407	350.1139	417.638	289.2195	256.6721	304.7489	172.2074	269.7736	344.562	395.5783	381.953	269.2119	268.9002	81.03	36.24	330.6222	58.33	23.81	305.5477	84.67	34.57
32.413194	24.327778	4.375	NA	355.5674	178.7487	268.6776	204.592	350.9001	367.8313	352.6183	421.4006	291.8393	258.7081	307.2214	174.9171	272.561	348.3306	399.4904	384.8329	271.1978	271.6972	81.33	36.37	333.2698	58.81	24.01	308.5550	85.11	34.75
32.538194	24.452778	4.5	NA	357.9959	181.1164	271.2075	207.3671	354.7835	370.3219	355.1226	425.1632	294.0905	260.7441	309.694	177.6268	275.3485	351.4252	403.4025	387.7128	273.1836	274.4941	81.63	36.51	335.8560	59.34	24.22	311.4499	85.49	34.90
32.663194	24.577778	4.625	NA	360.4244	183.4842	273.2733	210.1423	358.6668	372.8125	357.627	428.9258	296.2709	262.6324	312.1665	180.3365	278.136	354.5197	407.3146	390.5927	275.1695	277.1982	81.94	36.65	338.4058	59.92	24.46	314.3448	85.88	35.06
32.788194	24.702778	4.75	NA	362.8529	185.8519	275.2712	212.9174	362.5502	375.3031	360.1313	432.4752	298.4514	264.2713	314.6391	183.0462	280.9234	357.6143	411.2267	393.4725	277.1553	279.8887	82.26	36.79	340.8786	60.50	24.70	317.2397	86.27	35.22
32.913194	24.827778	4.875	NA	365.2814	188.2196	277.269	215.6926	366.4335	377.7937	362.6356	435.3455	300.6318	265.9103	317.1116	185.756	283.7109	360.7088	415.1388	396.3524	279.1412	282.5792	82.58	36.93	343.2381	60.88	24.85	320.1347	86.66	35.38
33.038194	24.952778	5	NA	367.7099	190.5873	279.2668	218.4677	370.3168	380.2843	365.14	438.2038	302.8123	267.5493	319.5842	188.4657	286.4771	363.7481	419.0509	399.1766	281.0998	285.2697	82.90	37.08	345.5956	61.25	25.01	323.0030	87.04	35.53
33.163194	25.077778	5.125	NA	369.7251	192.903	281.1003	221.1348	373.8622	382.2748	367.2826	441.011	304.7987	269.1564	321.8452	190.8127	288.7121	366.4952	422.4709	401.6446	282.7059	287.7451	83.09	37.16	347.7281	61.59	25.14	325.4736	87.42	35.69
33.288194	25.202778	5.25	NA	371.3562	195.0724	282.843	223.5674	376.9842	384.0151	369.1079	443.7515	306.644	270.6925	323.8112	192.8651	290.8132	369.0993	425.62	404.0315	284.264	289.9646	83.16	37.19	349.6704	61.91	25.28	327.7822	87.81	35.85
33.413194	25.327778	5.375	NA	372.9371	197.211	284.5169	225.933	380.0212	385.663	370.8666	446.3926	308.4267	272.175	325.7056	194.8571	292.8216	371.6238	428.6506	406.3336	285.7764	292.1238	83.22	37.22	351.5383	62.23	25.40	330.0105	88.20	36.01
33.538194	25.452778	5.5	NA	374.4688	199.3011	286.1146	228.241	382.9947	387.2042	372.5746	448.9447	310.1502	273.5987	327.5286	196.8172	294.7805	374.1103	431.5372	408.5413	287.2473	294.2240	83.29	37.25	353.3335	62.53	25.53	332.1723	88.55	36.15
33.663194	25.577778	5.625	NA	375.9432	201.3286	287.6372	230.4981	385.9161	388.6354	374.2068	451.4	311.791	274.9763	329.308	198.6842	296.6285	376.4844	434.2763	410.6409	288.6797	296.2646	83.36	37.28	355.0529	62.81	25.64	334.2323	88.88	36.28
33.788194	25.702778	5.75	NA	377.363	203.3077	289.0924	232.7051	388.7815	390.0154	375.7512	453.7701	313.3686	276.308	331.0359	200.456	298.3906	378.7798	436.9095	412.6561	290.0703	298.2499	83.44	37.32	356.7082	63.08	25.75	336.2104	89.20	36.42
33.913194	25.827778	5.875	NA	378.7422	205.2447	290.4839	234.8691	391.5953	391.3853	377.2317	456.0504	314.893	277.5938	332.7066	202.1831	300.1404	381.0152	439.4505	414.6019	291.4304	300.1870	83.52	37.35	358.3101	63.34	25.86	338.1369	89.51	36.54
34.038194	25.952778	6	NA	380.0824	207.1372	291.8167	236.9924	394.3715	392.7296	378.6552	458.2464	316.3798	278.8397	334.3249	203.8569	301.8501	383.1784	441.8865	416.4753	292.7761	302.0800	83.60	37.39	359.8626	63.59	25.96	340.0039	89.79	36.66
34.163194	26.077778	6.125	NA	381.3796	208.9933	293.0939	239.0709	397.1046	393.9922	380.0312	460.3465	317.7879	280.038	335.8898	205.4538	303.4565	385.253	444.2154	418.2939	294.0959	303.9285	83.69	37.43	361.3476	63.83	26.06	341.7948	90.07	36.77
34.288194	26.202778	6.25	NA	382.6346	210.8244	294.3155	241.1045	399.7756	395.1976	381.3704	462.3318	319.118	281.189	337.4175	207.0061	304.9388	387.2153	446.4472	420.0648	295.384	305.7309	83.77	37.47	362.7707	64.05	26.15	343.5094	90.34	36.88
34.413194	26.327778	6.375	NA	383.8477	212.636	295.4888	243.0862	402.3796	396.3524	382.6646	464.2146	320.407	282.3064	338.9212	208.5267	306.3356	389.0386	448.5821	421.7775	296.6303	307.4877	83.85	37.50	364.1444	64.25	26.23	345.1485	90.58	36.98
34.538194	26.452778	6.5	NA	385.0234	214.4113	296.6147	245.0173	404.9225	397.4256	383.8964	466.0538	321.6314	283.4163	340.4043	209.9778	307.6833	390.7663	450.6019	423.4301	297.8542	309.1978	83.93	37.53	365.4713	64.44	26.31	346.7189	90.80	37.07
34.663194	26.577778	6.625	NA	386.1653	216.1364	297.6881	246.9073	407.394	398.424	385.0554	467.8428	322.769	284.4957	341.8356	211.3345	308.9908	392.4607	452.4962	425.0287	299.0659	310.8582	84.00	37.57	366.7371	64.62	26.38	348.2295	91.02	37.16
34.788194	26.702778	6.75	NA	387.2575	217.8067	298.6719	248.7498	409.7839	399.3607	386.1509	469.5247	323.8026	285.5178	343.1967	212.6102	310.2818	394.1146	454.2576	426.5732	300.2445	312.4540	84.08	37.60	367.9256	64.80	26.45	349.6803	91.22	37.24
34.913194	26.827778	6.875	NA	388.313	219.4243	299.6215	250.5523	412.1267	400.2743	387.2171	471.1168	324.8083	286.5075	344.5216	213.8479	311.5191	395.696	455.9557	428.059	301.3783	314.0076	84.15	37.64	369.0743	64.95	26.52	351.0760	91.41	37.32
35.038194	26.952778	7	NA	389.3192	221.0076	300.5495	252.291	414.4162	401.1594	388.2487	472.6369	325.8021	287.4628	345.8031	215.0396	312.7213	397.1792	457.5796	429.5037	302.4772	315.5167	84.23	37.67	370.1855	65.10	26.58	352.4168	91.59	37.39
35.163194	27.077778	7.125	NA	390.2961	222.5871	301.4637	253.9844	416.6817	402.0044	389.2301	474.0635	326.7698	288.3796	347.0281	216.1904	313.893	398.5378	459.1314	430.9056	303.5322	317.0026	84.31	37.71	371.2459	65.23	26.63	353.6984	91.76	37.46
35.288194	27.202778	7.25	NA	391.2329	224.1495	302.3403	255.6478	418.9088	402.8025	390.1629	475.4068	327.6854	289.2688	348.2275	217.265	315.0295	399.8071	460.5822	432.257	304.5543	318.4559	84.39	37.74	372.2590	65.34	26.67	354.9158	91.91	37.52
35.413194	27.327778	7.375	NA	392.1357	225.6933	303.174	257.2803	421.0821	403.5666	391.0503	476.7372	328.5683	290.1507	349.4199	218.2648	316.1002	401.0089	461.9377	433.5442	305.5432	319.8731	84.46	37.77	373.2488	65.45	26.72	356.0665	92.05	37.58
35.538194	27.452778	7.5	NA	393.0117	227.2126	303.9631	258.8774	423.1883	404.3003	391.8832	478.0223	329.4203	290.9942	350.551	219.2264	317.0973	402.1532	463.2117	434.7695	306.4944	321.2506	84.52	37.80	374.1952	65.55	26.76	357.1587	92.19	37.64
35.663194	27.577778	7.625	NA	393.8533	228.6917	304.7151	260.4415	425.2167	405.0026	392.6706	479.2421	330.2327	291.8101	351.6445	220.1329	318.0417	403.2477	464.4147	435.9403	307.4138	322.5837	84.57	37.82	375.1004	65.65	26.80	358.1985	92.31	37.69
35.788194	27.702778	7.75	NA	394.6553	230.1258	305.4375	261.968	427.1616	405.68	393.4308	480.376	331.0001	292.6084	352.7096	220.9834	318.9445	404.2694	465.5644	437.0588	308.3003	323.8696	84.62	37.84	375.9675	65.73	26.83	359.1868	92.44	37.74
35.913194	27.827778	7.875	NA	395.4236	231.5078	306.1315	263.4581	429.0365	406.3317	394.1607	481.4619	331.717	293.3801	353.7414	221.7966	319.809	405.2299	466.6575	438.1227	309.155	325.1115	84.66	37.86	376.7988	65.80	26.86	360.1284	92.55	37.78
36.038194	27.952778	8	NA	396.1578	232.8519	306.7948	264.9191	430.858	406.944	394.8517	482.5066	332.3885	294.1293	354.7505	222.5829	320.6269	406.1438	467.6717	439.1372	309.978	326.3163	84.70	37.88	377.5951	65.88	26.89	361.0234	92.64	37.82
36.163194	28.077778	8.125	NA	396.8541	234.158	307.428	266.3541	432.6438	407.524	395.51	483.4926	333.0321	294.8369	355.7085	223.3373	321.404	406.9978	468.6077	440.1034	310.7604	327.4876	84.73	37.89	378.3507	65.94	26.92	361.8684	92.73	37.86
36.288194	28.202778	8.25	NA	397.5189	235.4592	308.035	267.7664	434.3883	408.0721	396.1323	484.4605	333.6458	295.5322	356.65	224.0446	322.1508	407.8168	469.479	441.02	311.5123	328.6336	84.76	37.91	379.0822	66.01	26.95	362.6706	92.80	37.89
36.413194	28.327778	8.375	NA	398.1453	236.711	308.618	269.1498	436.0563	408.5906	396.7158	485.4118	334.231	296.225	357.5841	224.7021	322.8636	408.6072	470.2858	441.8958	312.2451	329.7361	84.79	37.92	379.7930	66.07	26.97	363.4333	92.87	37.92
36.538194	28.452778	8.5	NA	398.7259	237.9175	309.1782	270.4892	437.6226	409.0859	397.272	486.3256	334.7915	296.8906	358.4739	225.3133	323.541	409.3615	471.0274	442.7335	312.9523	330.7867	84.79	37.92	380.4733	66.12	27.00	364.1548	92.94	37.94
36.663194	28.577778	8.625	NA	399.2726	239.0857	309.715	271.7763	439.1197	409.5547	397.8082	487.2133	335.3186	297.5338	359.3298	225.8915	324.1921	410.091	471.7067	443.535	313.6273	331.7939	84.79	37.92	381.1264	66.18	27.02	364.8406	93.00	37.97
36.788194	28.702778	8.75	NA	399.7912	240.221	310.2288	273.0151	440.564	410.0003	398.3182	488.0616	335.8164	298.1503	360.1663	226.4515	324.8239	410.7921	472.3301	444.2938	314.2752	332.7640	84.79	37.92	381.7522	66.24	27.04	365.4944	93.04	37.98
36.913194	28.827778	8.875	NA	400.2831	241.3306	310.7592	274.2274	441.9597	410.4362	398.808	488.86	336.31	298.7473	360.9821	226.9958	325.4212	411.4509	472.9227	445.0147	314.8986	333.7120	84.78	37.91	382.3573	66.29	27.06	366.1173	93.08	38.00
37.038194	28.952778	9	NA	400.7609	242.437	311.3137	275.4598	443.3268	410.8802	399.2854	489.6502	336.8096	299.3396	361.7742	227.5285	326.0026	412.0994	473.5064	445.7263	315.5139	334.6596	84.75	37.90	382.9565	66.33	27.08	366.7295	93.12	38.02
37.163194	29.077778	9.125	NA	401.2124	243.5071	311.8167	276.6874	444.634	411.3055	399.7465	490.4108	337.2792	299.9103	362.5287	228.0314	326.5641	412.7133	474.0463	446.4176	316.1115	335.5715	84.72	37.89	383.5302	66.38	27.10	367.3140	93.16	38.03
37.288194	29.202778	9.25	NA	401.6298	244.5283	312.2617	277.8669	445.8589	411.6969	400.167	491.1465	337.7085	300.4671	363.2516	228.4868	327.0992	413.3003	474.5255	447.0719	316.6872	336.4291	84.68	37.87	384.0729	66.42	27.12	367.8618	93.19	38.04
37.413194	29.327778	9.375	NA	402.026	245.4997	312.6873	279.0034	446.9973	412.0709	400.5551	491.8543	338.1167	301.0021	363.9452	228.9172	327.611	413.8621	474.9688	447.685	317.2395	337.2427	84.64	37.85	384.5907	66.47	27.13	368.3806	93.22	38.06
37.538194	29.452778	9.5	NA	402.4034	246.4247	313.0927	280.0879	448.0345	412.4255	400.9264	492.5267	338.5042	301.5056	364.6108	229.328	328.1049	414.3946	475.3814	448.2649	317.7668	338.0086	84.58	37.83	385.0832	66.51	27.15	368.8734	93.24	38.06
37.663194	29.577778	9.625	NA	402.763	247.3195	313.4791	281.1188	448.9789	412.7633	401.2781	493.1847	338.877	301.9991	365.2618	229.7128	328.5741	414.9109	475.7666	448.8199	318.2688	338.7319	84.51	37.79	385.5607	66.55	27.17	369.3422	93.26	38.07
37.788194	29.702778	9.75	NA	403.1081	248.1905	313.8525	282.1076	449.8523	413.0916	401.6099	493.8407	339.2401	302.4823	365.8925	230.0757	329.0204	415.42	476.1307	449.3544	318.7492	339.4222	84.43	37.76	386.0262	66.59	27.19	369.7917	93.28	38.08
37.913194	29.827778	9.875	NA	403.4409	249.0427	314.2145	283.0755	450.7208	413.4085	401.9318	494.474	339.5875	302.9496	366.5003	230.4283	329.4567	415.9138	476.4795	449.8717	319.2167	340.0989	84.35	37.72	386.4753	66.64	27.20	370.2278	93.30	38.09
38.038194	29.952778	10	NA	403.7602	249.8798	314.5616	284.0297	451.5231	413.7169	402.2474	495.0763	339.9239	303.399	367.0853	230.7735	329.8788	416.3863	476.814	450.3725	319.6755	340.7509	84.26	37.68	386.9081	66.68	27.22	370.6501	93.32	38.10
38.163194	30.077778	10.125	NA	404.067	250.702	314.8999	284.9702	452.287	414.0167	402.5466	495.6746	340.2553	303.8379	367.651	231.1034	330.2824	416.8464	477.1354	450.8544	320.1245	341.3852	84.17	37.64	387.3304	66.72	27.24	371.0577	93.34	38.11
38.288194	30.202778	10.25	NA	404.3637	251.4987	315.2324	285.8994	453.0227	414.303	402.8369	496.2674	340.5777	304.2632	368.2019	231.4173	330.6747	417.3033	477.4458	451.3184	320.5612	342.0034	84.07	37.60	387.7417	66.76	27.26	371.4534	93.36	38.11
38.413194	30.327778	10.375	NA	404.6511	252.272	315.5542	286.8049	453.7177	414.5806	403.1221	496.8398	340.8906	304.6704	368.7323	231.7213	331.0626	417.7505	477.7446	451.7688	320.9857	342.6000	83.97	37.55	388.1393	66.81	27.27	371.8389	93.37	38.12
38.538194	30.452778	10.5	NA	404.9289	253.0233	315.8671	287.6685	454.3576	414.8523	403.3978	497.3973	341.1928	305.0732	369.2523	232.0229	331.4455	418.1831	478.0318	452.2024	321.3972	343.1691	83.86	37.50	388.5276	66.85	27.29	372.2138	93.39	38.13
38.663194	30.577778	10.625	NA	405.1944	253.7444	316.1723	288.4975	454.948	415.1155	403.6626	497.95	341.4845	305.4715	369.763	232.3099	331.8194	418.6106	478.3112	452.6312	321.7955	343.7113	83.75	37.45	388.9078	66.89	27.31	372.5796	93.40	38.13
38.788194	30.702778	10.75	NA	405.4396	254.4498	316.4645	289.3047	455.4902	415.3685	403.9091	498.489	341.7638	305.8448	370.2318	232.5758	332.1796	419.0295	478.5788	453.0429	322.1807	344.2298	83.63	37.40	389.2678	66.94	27.33	372.9312	93.42	38.14
38.913194	30.827778	10.875	NA	405.6723	255.1445	316.7379	290.1	455.9994	415.6116	404.1381	499.0186	342.0295	306.2069	370.682	232.8329	332.5342	419.4431	478.8244	453.446	322.5606	344.7308	83.50	37.34	389.6145	66.99	27.35	373.2735	93.44	38.15
39.038194	30.952778	11	NA	405.8928	255.8104	316.9987	290.8707	456.4666	415.8451	404.3523	499.5219	342.283	306.5485	371.105	233.0731	332.8668	419.8395	479.0572	453.827	322.9171	345.2078	83.37	37.28	389.9426	67.03	27.37	373.5968	93.46	38.15
39.163194	31.077778	11.125	NA	406.1116	256.4449	317.2596	291.6163	456.9066	416.076	404.5677	500.0178	342.5363	306.8905	371.5279	233.301	333.1929	420.2296	479.2848	454.1974	323.2647	345.6678	83.24	37.23	390.2694	67.08	27.38	373.9117	93.48	38.16
39.288194	31.202778	11.25	NA	406.3329	257.0639	317.5261	292.3441	457.3433	416.3147	404.7904	500.5066	342.8002	307.2362	371.9512	233.5387	333.5076	420.6127	479.5185	454.5589	323.6037	346.1221	83.12	37.17	390.5999	67.12	27.40	374.2233	93.49	38.17
39.413194	31.327778	11.375	NA	406.5478	257.6702	317.7869	293.0562	457.7553	416.5487	405.0057	500.9809	343.0585	307.5705	372.3584	233.7703	333.8137	420.9871	479.7474	454.9134	323.9367	346.5633	83.00	37.12	390.9205	67.16	27.42	374.5281	93.51	38.18
39.538194	31.452778	11.5	NA	406.7593	258.2623	318.0429	293.7494	458.1334	416.7776	405.218	501.4476	343.3098	307.8965	372.7547	233.9966	334.1163	421.3521	479.9706	455.2613	324.2623	346.9895	82.87	37.06	391.2340	67.20	27.43	374.8265	93.53	38.18
39.663194	31.577778	11.625	NA	406.965	258.8426	318.2948	294.4153	458.4798	417.0011	405.4211	501.9041	343.5553	308.2124	373.1367	234.212	334.4129	421.7056	480.189	455.6044	324.5827	347.3995	82.74	37.00	391.5385	67.24	27.45	375.1178	93.55	38.19
39.788194	31.702778	11.75	NA	407.1634	259.4129	318.5422	295.0443	458.8002	417.2183	405.6176	502.3552	343.7931	308.5172	373.5006	234.4202	334.6985	422.055	480.4045	455.9421	324.8962	347.7926	82.61	36.94	391.8337	67.28	27.47	375.4028	93.57	38.20
39.913194	31.827778	11.875	NA	407.3581	259.9759	318.7844	295.65	459.0959	417.4287	405.812	502.8005	344.0247	308.8076	373.8466	234.6246	334.9759	422.402	480.6156	456.2743	325.1979	348.1729	82.47	36.88	392.1200	67.33	27.49	375.6817	93.59	38.21
40.038194	31.952778	12	NA	407.5481	260.5286	319.0211	296.253	459.3772	417.6334	406.0016	503.2325	344.2547	309.0815	374.1708	234.8192	335.2522	422.7435	480.8213	456.6007	325.4951	348.5456	82.34	36.82	392.3958	67.38	27.51	375.9553	93.61	38.22
40.163194	32.077778	12.125	NA	407.7361	261.0669	319.2534	296.8489	459.6476	417.8363	406.1884	503.6556	344.4842	309.3495	374.4841	235.0122	335.5297	423.0788	481.0232	456.9232	325.7935	348.9106	82.20	36.76	392.6663	67.42	27.53	376.2268	93.63	38.22
40.288194	32.202778	12.25	NA	407.9206	261.5965	319.4824	297.431	459.9062	418.0378	406.3693	504.0762	344.7108	309.6116	374.7867	235.2043	335.8022	423.4091	481.2213	457.242	326.0848	349.2673	82.07	36.70	392.9321	67.47	27.54	376.4939	93.65	38.23
40.413194	32.327778	12.375	NA	408.1004	262.1179	319.708	297.9925	460.1503	418.2382	406.5464	504.5004	344.9327	309.8702	375.0771	235.3938	336.0672	423.7396	481.4156	457.5541	326.3707	349.6138	81.94	36.64	393.1942	67.52	27.56	376.7568	93.67	38.24
40.538194	32.452778	12.5	NA	408.276	262.6306	319.9289	298.5229	460.3811	418.4382	406.7223	504.9153	345.1505	310.124	375.3594	235.5823	336.3241	424.064	481.6083	457.8591	326.6567	349.9479	81.80	36.58	393.4516	67.57	27.59	377.0158	93.68	38.25
40.663194	32.577778	12.625	NA	408.4477	263.1375	320.1439	299.0286	460.6012	418.6333	406.8946	505.3196	345.3648	310.3695	375.6294	235.7661	336.5739	424.3828	481.798	458.1589	326.9361	350.2718	81.67	36.53	393.7019	67.62	27.61	377.2693	93.70	38.25
40.788194	32.702778	12.75	NA	408.6206	263.6358	320.3532	299.5142	460.808	418.8206	407.061	505.7205	345.5702	310.608	375.889	235.9441	336.8187	424.6986	481.9831	458.4547	327.205	350.5864	81.55	36.47	393.9449	67.67	27.63	377.5174	93.72	38.26
40.913194	32.827778	12.875	NA	408.7913	264.1184	320.5584	299.9829	461.0047	419.0027	407.2248	506.1165	345.7718	310.8347	376.1387	236.117	337.0594	425.0092	482.1636	458.7448	327.4652	350.8911	81.42	36.41	394.1815	67.72	27.65	377.7599	93.74	38.27
41.038194	32.952778	13	NA	408.956	264.5855	320.7615	300.4448	461.1954	419.1855	407.389	506.508	345.972	311.0556	376.3798	236.2889	337.2993	425.3157	482.3416	459.0283	327.7199	351.1886	81.30	36.36	394.4150	67.78	27.67	377.9990	93.76	38.28
41.163194	33.077778	13.125	NA	409.1172	265.0451	320.9628	300.8935	461.379	419.3666	407.5472	506.8873	346.1698	311.2717	376.6075	236.4584	337.5371	425.6136	482.516	459.3076	327.9715	351.4795	81.18	36.31	394.6417	67.83	27.69	378.2340	93.78	38.29
41.288194	33.202778	13.25	NA	409.276	265.4967	321.161	301.326	461.5559	419.5452	407.702	507.2569	346.3655	311.4819	376.8248	236.6257	337.7689	425.9055	482.6868	459.5838	328.2198	351.7631	81.06	36.25	394.8627	67.88	27.71	378.4651	93.80	38.29
41.413194	33.327778	13.375	NA	409.435	265.937	321.3553	301.7468	461.7272	419.7213	407.8595	507.6198	346.5583	311.6871	377.0369	236.7931	337.9946	426.1938	482.8556	459.8544	328.4654	352.0403	80.95	36.20	395.0805	67.93	27.73	378.6928	93.82	38.30
41.538194	33.452778	13.5	NA	409.593	266.3674	321.5468	302.1494	461.8915	419.8961	408.0146	507.9728	346.7483	311.8831	377.2398	236.9576	338.2163	426.4749	483.0231	460.1188	328.7085	352.3096	80.84	36.15	395.2924	67.98	27.75	378.9165	93.83	38.31
41.663194	33.577778	13.625	NA	409.7478	266.7834	321.7366	302.5317	462.0508	420.069	408.166	508.321	346.9338	312.0743	377.4338	237.1185	338.4363	426.7526	483.19	460.3778	328.9477	352.5701	80.73	36.10	395.4997	68.03	27.77	379.1372	93.85	38.31
41.788194	33.702778	13.75	NA	409.8983	267.1875	321.9291	302.9	462.2124	420.2389	408.3144	508.6663	347.1161	312.2633	377.6243	237.2757	338.6551	427.0287	483.3561	460.6324	329.1842	352.8255	80.63	36.06	395.7039	68.08	27.79	379.3554	93.87	38.32
41.913194	33.827778	13.875	NA	410.0508	267.5986	322.1271	303.2682	462.374	420.4134	408.4634	509.0086	347.3022	312.4495	377.8157	237.4317	338.873	427.3035	483.5243	460.8876	329.4203	353.0837	80.53	36.01	395.9088	68.12	27.81	379.5734	93.89	38.33
42.038194	33.952778	14	NA	410.2068	268.012	322.3214	303.6344	462.5375	420.5865	408.6137	509.3459	347.4858	312.6361	378.0091	237.588	339.089	427.5761	483.691	461.1429	329.6557	353.3424	80.42	35.97	396.1128	68.17	27.83	379.7905	93.90	38.34
42.163194	34.077778	14.125	NA	410.3598	268.4175	322.5061	303.9926	462.7036	420.7475	408.7624	509.6799	347.6596	312.8251	378.2043	237.7414	339.2996	427.846	483.8519	461.3953	329.888	353.5959	80.33	35.92	396.3131	68.22	27.85	380.0037	93.92	38.34
42.288194	34.202778	14.25	NA	410.5095	268.8142	322.6896	304.3442	462.8723	420.9095	408.9069	510.0167	347.8355	313.0148	378.3994	237.8898	339.5077	428.1132	484.0119	461.6448	330.1164	353.8460	80.23	35.88	396.5138	68.27	27.87	380.2140	93.94	38.35
42.413194	34.327778	14.375	NA	410.6577	269.2054	322.8681	304.687	463.0427	421.0701	409.0454	510.3496	348.0125	313.2035	378.5939	238.0347	339.7186	428.3768	484.1716	461.8926	330.3427	354.0922	80.14	35.84	396.7125	68.31	27.89	380.4228	93.96	38.36
42.538194	34.452778	14.5	NA	410.8036	269.5877	323.0443	305.0186	463.2097	421.228	409.1852	510.6741	348.188	313.3862	378.7811	238.1834	339.9289	428.6388	484.3301	462.1389	330.5665	354.3328	80.06	35.80	396.9071	68.36	27.91	380.6311	93.97	38.37
42.663194	34.577778	14.625	NA	410.9472	269.9563	323.2213	305.3303	463.3663	421.3855	409.3258	510.9917	348.36	313.5588	378.9544	238.3322	340.1331	428.896	484.4857	462.381	330.7875	354.5643	79.97	35.76	397.0960	68.40	27.93	380.8359	93.99	38.37
42.788194	34.702778	14.75	NA	411.0899	270.3136	323.3961	305.6217	463.5149	421.543	409.4644	511.2996	348.5288	313.7222	379.1181	238.4792	340.3338	429.1453	484.6408	462.616	331.0061	354.7872	79.89	35.73	397.2794	68.45	27.94	381.0369	94.01	38.38
42.913194	34.827778	14.875	NA	411.2324	270.6619	323.5678	305.9034	463.6596	421.7021	409.6008	511.6027	348.6978	313.8795	379.2772	238.6253	340.5336	429.3934	484.7937	462.8459	331.2205	355.0050	79.81	35.69	397.4600	68.49	27.96	381.2354	94.02	38.38
43.038194	34.952778	15	NA	411.3752	271.0011	323.7369	306.1779	463.8007	421.8566	409.737	511.9028	348.8641	314.0342	379.433	238.7697	340.7306	429.6393	484.9436	463.0725	331.4296	355.2184	79.74	35.66	397.6379	68.54	27.98	381.4309	94.04	38.39
43.163194	35.077778	15.125	NA	411.5163	271.332	323.9014	306.445	463.9383	422.0078	409.8744	512.1928	349.0263	314.1848	379.5846	238.914	340.9236	429.877	485.0903	463.2959	331.6346	355.4266	79.66	35.63	397.8118	68.59	28.00	381.6226	94.05	38.40
43.288194	35.202778	15.25	NA	411.6526	271.6537	324.0627	306.7005	464.0721	422.157	410.0094	512.4726	349.1854	314.3278	379.7288	239.055	341.1113	430.1074	485.2337	463.5144	331.8366	355.6283	79.59	35.60	397.9802	68.63	28.02	381.8097	94.06	38.40
43.413194	35.327778	15.375	NA	411.7848	271.9661	324.2217	306.9412	464.2028	422.3011	410.1431	512.7469	349.3408	314.4632	379.8652	239.1921	341.2961	430.3344	485.3745	463.729	332.0332	355.8233	79.53	35.57	398.1434	68.67	28.04	381.9932	94.07	38.41
43.538194	35.452778	15.5	NA	411.915	272.2705	324.3784	307.1674	464.3307	422.4434	410.2745	513.0166	349.4938	314.5927	379.9951	239.3277	341.4778	430.5564	485.5138	463.9413	332.2251	356.0124	79.46	35.54	398.3027	68.72	28.05	382.1737	94.09	38.41
43.663194	35.577778	15.625	NA	412.0444	272.5672	324.5323	307.3816	464.4555	422.5833	410.4015	513.2786	349.6432	314.7192	380.1226	239.46	341.6534	430.7722	485.6506	464.1492	332.4147	356.1962	79.40	35.51	398.4581	68.76	28.07	382.3500	94.10	38.42
43.788194	35.702778	15.75	NA	412.1734	272.8567	324.6838	307.5903	464.579	422.7206	410.5258	513.5332	349.7903	314.8436	380.2505	239.5892	341.8271	430.9856	485.7856	464.3532	332.6022	356.3766	79.34	35.48	398.6107	68.80	28.09	382.5238	94.11	38.42
43.913194	35.827778	15.875	NA	412.3002	273.1402	324.834	307.7953	464.7008	422.8572	410.6495	513.7842	349.9364	314.9638	380.3735	239.7161	341.9991	431.1971	485.9192	464.5549	332.7878	356.5541	79.29	35.46	398.7608	68.84	28.10	382.6957	94.13	38.43
44.038194	35.952778	16	NA	412.4251	273.4186	324.9815	307.9944	464.8209	422.991	410.7756	514.0355	350.0804	315.0827	380.4927	239.8371	342.1679	431.4056	486.0491	464.7532	332.9709	356.7281	79.23	35.43	398.9096	68.88	28.12	382.8640	94.14	38.43
44.163194	36.077778	16.125	NA	412.547	273.693	325.127	308.1891	464.9407	423.1216	410.8976	514.2903	350.2224	315.2018	380.6113	239.9547	342.3352	431.6131	486.1775	464.9491	333.1519	356.8994	79.18	35.41	399.0575	68.93	28.14	383.0303	94.15	38.44
44.288194	36.202778	16.25	NA	412.6695	273.9661	325.2728	308.382	465.0616	423.2495	411.0135	514.5464	350.3637	315.3204	380.7287	240.0719	342.5028	431.8214	486.3052	465.1446	333.3311	357.0704	79.12	35.38	399.2037	68.97	28.16	383.1962	94.17	38.44
44.413194	36.327778	16.375	NA	412.7956	274.2385	325.4184	308.5754	465.1847	423.3754	411.132	514.7978	350.5032	315.4417	380.8488	240.1884	342.6682	432.0269	486.4315	465.3395	333.5084	357.2425	79.07	35.36	399.3498	69.01	28.17	383.3605	94.18	38.45
44.538194	36.452778	16.5	NA	412.9246	274.5095	325.5629	308.7696	465.3104	423.5012	411.2565	515.0441	350.6403	315.5649	380.9728	240.3078	342.8325	432.2319	486.5585	465.5348	333.6857	357.4154	79.02	35.34	399.4966	69.05	28.19	383.5252	94.20	38.46
44.663194	36.577778	16.625	NA	413.0574	274.7785	325.7074	308.9638	465.4397	423.6305	411.3852	515.2906	350.7801	315.6888	381.0987	240.4284	343.0015	432.4422	486.6868	465.7312	333.8638	357.5894	78.97	35.32	399.6456	69.09	28.21	383.6923	94.21	38.46
44.788194	36.702778	16.75	NA	413.1943	275.0466	325.8527	309.1589	465.5717	423.7614	411.5142	515.5391	350.9217	315.8161	381.2261	240.5474	343.1732	432.6547	486.8167	465.9278	334.0416	357.7648	78.93	35.30	399.7964	69.13	28.22	383.8602	94.23	38.47
44.913194	36.827778	16.875	NA	413.3339	275.3129	325.9971	309.3545	465.7029	423.888	411.6476	515.7848	351.0604	315.944	381.3528	240.6665	343.3423	432.8634	486.9452	466.1232	334.2177	357.9403	78.88	35.28	399.9463	69.17	28.24	384.0264	94.24	38.47
45.038194	36.952778	17	NA	413.4711	275.5736	326.1384	309.544	465.8338	424.0121	411.7878	516.0263	351.197	316.0685	381.4778	240.7859	343.5066	433.0667	487.0701	466.315	334.3909	358.1122	78.84	35.26	400.0949	69.21	28.25	384.1892	94.25	38.48
45.163194	37.077778	17.125	NA	413.604	275.826	326.278	309.7242	465.9609	424.1344	411.924	516.268	351.3311	316.19	381.6009	240.9034	343.6695	433.2655	487.1937	466.5031	334.5615	358.2786	78.80	35.24	400.2414	69.24	28.27	384.3494	94.26	38.48
45.288194	37.202778	17.25	NA	413.7317	276.0729	326.4168	309.8964	466.0835	424.2568	412.0502	516.5068	351.4629	316.3075	381.72	241.0183	343.8301	433.4604	487.3158	466.6874	334.7303	358.4403	78.76	35.22	400.3840	69.28	28.28	384.5070	94.28	38.49
45.413194	37.327778	17.375	NA	413.8532	276.3149	326.5532	310.0602	466.202	424.3794	412.1706	516.7368	351.5949	316.4189	381.8355	241.1307	343.9875	433.6528	487.4368	466.8678	334.8987	358.5967	78.72	35.20	400.5227	69.32	28.30	384.6624	94.29	38.49
45.538194	37.452778	17.5	NA	413.9716	276.5489	326.687	310.2167	466.3174	424.5	412.2849	516.9592	351.7257	316.5268	381.9475	241.2412	344.1448	433.8418	487.5542	467.0458	335.0653	358.7483	78.68	35.19	400.6574	69.36	28.31	384.8155	94.30	38.50
45.663194	37.577778	17.625	NA	414.0881	276.7758	326.8196	310.3671	466.4294	424.6185	412.3964	517.1791	351.8557	316.6324	382.0542	241.3514	344.3004	434.0282	487.6691	467.221	335.2296	358.8960	78.64	35.17	400.7894	69.39	28.33	384.9666	94.31	38.50
45.788194	37.702778	17.75	NA	414.2025	276.9993	326.9506	310.5127	466.5392	424.7367	412.5073	517.3995	351.985	316.7345	382.158	241.459	344.4507	434.2157	487.7857	467.3943	335.3921	359.0409	78.60	35.15	400.9202	69.43	28.34	385.1163	94.32	38.51
45.913194	37.827778	17.875	NA	414.3153	277.219	327.08	310.6551	466.6479	424.8564	412.6128	517.6152	352.1125	316.8358	382.2619	241.5623	344.5965	434.4006	487.903	467.5667	335.5518	359.1835	78.57	35.14	401.0491	69.47	28.36	385.2635	94.34	38.51
46.038194	37.952778	18	NA	414.4258	277.4337	327.2081	310.794	466.7536	424.9714	412.7158	517.8263	352.2372	316.9366	382.3654	241.665	344.7432	434.582	488.0172	467.7375	335.7091	359.3230	78.53	35.12	401.1755	69.50	28.37	385.4090	94.35	38.52
46.163194	38.077778	18.125	NA	414.5347	277.6445	327.3343	310.9301	466.8569	425.0852	412.8184	518.0355	352.3616	317.0354	382.4661	241.7702	344.8891	434.7634	488.1296	467.9072	335.8666	359.4601	78.50	35.11	401.3004	69.54	28.39	385.5543	94.36	38.52
46.288194	38.202778	18.25	NA	414.6426	277.8537	327.4596	311.0638	466.9605	425.2004	412.9195	518.2427	352.4859	317.1339	382.5647	241.8762	345.0325	434.9416	488.2434	468.0759	336.024	359.5960	78.47	35.09	401.4245	69.57	28.40	385.6989	94.37	38.53
46.413194	38.327778	18.375	NA	414.7499	278.0598	327.5843	311.194	467.0635	425.3143	413.0202	518.4478	352.6095	317.2317	382.6645	241.979	345.1756	435.1173	488.3571	468.2431	336.1782	359.7303	78.43	35.08	401.5480	69.60	28.42	385.8417	94.39	38.53
46.538194	38.452778	18.5	NA	414.8574	278.261	327.7078	311.3207	467.1654	425.4289	413.1204	518.6518	352.7319	317.3276	382.7652	242.0796	345.3186	435.2942	488.4686	468.4091	336.3303	359.8625	78.40	35.06	401.6710	69.64	28.43	385.9834	94.40	38.54
46.663194	38.577778	18.625	NA	414.9637	278.4596	327.8312	311.4445	467.2665	425.5427	413.2212	518.8535	352.8543	317.4228	382.8651	242.1807	345.4596	435.4712	488.5805	468.573	336.4836	359.9931	78.37	35.05	401.7933	69.67	28.44	386.1248	94.41	38.54
46.788194	38.702778	18.75	NA	415.0683	278.656	327.9536	311.5655	467.3661	425.6547	413.3205	519.0499	352.9747	317.5174	382.9636	242.283	345.5996	435.6494	488.6934	468.7342	336.6366	360.1219	78.34	35.04	401.9135	69.70	28.46	386.2660	94.42	38.55
46.913194	38.827778	18.875	NA	415.1721	278.8475	328.0753	311.6834	467.4653	425.7654	413.4184	519.2426	353.0918	317.6111	383.0586	242.3852	345.7392	435.8268	488.8034	468.8938	336.7881	360.2487	78.31	35.02	402.0313	69.73	28.47	386.4061	94.43	38.55
47.038194	38.952778	19	NA	415.2747	279.0345	328.196	311.798	467.5642	425.8757	413.5163	519.432	353.2088	317.7031	383.152	242.4844	345.8775	435.9968	488.9103	469.0524	336.9384	360.3735	78.29	35.01	402.1480	69.76	28.48	386.5433	94.45	38.56
47.163194	39.077778	19.125	NA	415.3755	279.2179	328.315	311.9104	467.6615	425.9831	413.6133	519.6195	353.3255	317.7929	383.2446	242.5821	346.0144	436.1628	489.0165	469.2093	337.0867	360.4961	78.26	35.00	402.2631	69.79	28.49	386.6786	94.46	38.56
47.288194	39.202778	19.25	NA	415.4757	279.3985	328.4338	312.0213	467.7574	426.0891	413.7107	519.808	353.4398	317.8809	383.3359	242.6826	346.1495	436.3294	489.1236	469.3644	337.2338	360.6173	78.23	34.99	402.3774	69.83	28.51	386.8139	94.47	38.57
47.413194	39.327778	19.375	NA	415.5745	279.5769	328.5524	312.1298	467.853	426.1974	413.8079	519.9936	353.5534	317.9691	383.4269	242.7838	346.2831	436.4936	489.231	469.518	337.3786	360.7373	78.21	34.98	402.4914	69.86	28.52	386.9480	94.48	38.57
47.538194	39.452778	19.5	NA	415.6732	279.7522	328.6689	312.2372	467.9485	426.3038	413.9027	520.1725	353.6667	318.0585	383.5166	242.8828	346.4179	436.6545	489.3387	469.6705	337.5211	360.8560	78.18	34.97	402.6035	69.88	28.53	387.0809	94.49	38.57
47.663194	39.577778	19.625	NA	415.7705	279.9235	328.7848	312.3443	468.0446	426.41	413.9956	520.348	353.7789	318.1491	383.6069	242.9785	346.5536	436.8136	489.4456	469.8213	337.6638	360.9735	78.16	34.95	402.7147	69.91	28.54	387.2127	94.50	38.58
47.788194	39.702778	19.75	NA	415.8669	280.0926	328.9016	312.449	468.1398	426.5165	414.0896	520.524	353.8886	318.2389	383.6971	243.0733	346.6872	436.9714	489.5509	469.9707	337.8064	361.0900	78.14	34.94	402.8258	69.94	28.55	387.3433	94.51	38.58
47.913194	39.827778	19.875	NA	415.9628	280.2613	329.0169	312.5524	468.2344	426.6212	414.1826	520.6999	353.9972	318.3283	383.7864	243.1685	346.8198	437.1268	489.6546	470.1206	337.9466	361.2056	78.12	34.93	402.9359	69.97	28.56	387.4728	94.52	38.59
