days.origin	days.water	days.manure	F07	F08	F09	F10	F11	F12	GW01	GW02	GW03	GW04	GW05	GW06	GWL01	GWL02	GWL03	GWL04	GWo01	GWo02	mean.F	sd.F	se.F	mean.GW	sd.GW	se.GW	mean.GWL	sd.GWL	se.GWL
3.125	-4.960417	-24.913194	NA	-3.7603	4.6978	0.1499	-0.5592	0.1509	0.0586	2.961	0.5476	-1.4996	-0.2491	-0.4107	2.1036	24.9794	0.6143	-1.1686	1.1886	24.4251	0.1358	3.02	1.35	0.2346	1.50	0.61	8.6904	12.45	5.08
3.25	-4.835417	-24.788194	NA	-5.0246	1.6978	-0.0021	-2.4016	-1.276	-0.4199	-0.039	-1.5573	-1.8474	-1.981	-1.9604	1.2304	21.9794	-1.7032	-1.8011	-1.2185	21.4251	-1.4013	2.54	1.13	-1.3008	0.85	0.35	6.6520	11.71	4.78
3.375	-4.710417	-24.663194	NA	-5.1016	-0.3059	0.0712	-2.5075	-1.3095	-0.4168	-1.1677	-1.5748	-1.8534	-2.0547	-2.0203	1.3065	18.9794	-1.7632	-1.8105	-1.2531	18.4251	-1.8307	2.08	0.93	-1.5146	0.63	0.26	5.6474	10.18	4.16
3.5	-4.585417	-24.538194	NA	-5.1641	-0.3124	0.1583	-2.5902	-1.3197	-0.4193	-1.213	-1.5948	-1.8198	-2.1128	-2.0284	1.4303	15.9794	-1.7683	-1.8095	-1.2773	15.4251	-1.8456	2.13	0.95	-1.5313	0.63	0.26	4.6633	8.64	3.53
3.625	-4.460417	-24.413194	NA	-5.2243	-0.3226	0.2836	-2.6172	-1.3293	-0.4014	-1.2469	-1.6078	-1.8242	-2.1492	-2.0147	1.5849	12.9794	-1.7598	-1.8015	-1.279	12.4251	-1.8420	2.19	0.98	-1.5407	0.64	0.26	3.6915	7.09	2.90
3.75	-4.335417	-24.288194	NA	-5.2879	-0.3661	0.3558	-2.6195	-1.3537	-0.3683	-1.2864	-1.6157	-1.8525	-2.1754	-1.994	1.7492	9.9794	-1.7669	-1.7731	-1.2995	9.4251	-1.8543	2.22	0.99	-1.5487	0.66	0.27	2.7190	5.57	2.27
3.875	-4.210417	-24.163194	NA	-5.3571	-0.4322	0.3642	-2.6434	-1.4254	-0.3468	-1.3607	-1.6693	-1.8448	-2.1821	-2.0226	1.9143	6.9794	-1.7838	-1.768	-1.3468	6.4251	-1.8988	2.24	1.00	-1.5711	0.66	0.27	1.7367	4.09	1.67
4	-4.085417	-24.038194	NA	-5.4214	-0.5131	0.3684	-2.6836	-1.5296	-0.3404	-1.443	-1.7692	-1.8328	-2.1883	-2.093	2.0759	3.9794	-1.7967	-1.7932	-1.3737	3.4251	-1.9559	2.25	1.01	-1.6111	0.68	0.28	0.7528	2.71	1.11
4.125	-3.960417	-23.913194	NA	-5.4716	-0.5709	0.3882	-2.7167	-1.6116	-0.3275	-1.5069	-1.8226	-1.7976	-2.253	-2.1417	2.2171	0.9794	-1.8096	-1.8524	-1.3885	0.4251	-1.9965	2.26	1.01	-1.6416	0.70	0.28	-0.2382	1.69	0.69
4.25	-3.835417	-23.788194	NA	-5.5082	-0.6018	0.4073	-2.7873	-1.6528	-0.2847	-1.5692	-1.8857	-1.7777	-2.3328	-2.1819	2.3175	0.4816	-1.8265	-1.9242	-1.4025	-0.0321	-2.0286	2.28	1.02	-1.6720	0.73	0.30	-0.3977	1.65	0.67
4.375	-3.710417	-23.663194	NA	-5.5318	-0.6499	0.4037	-2.861	-1.7082	-0.2458	-1.648	-1.9687	-1.8046	-2.4017	-2.2521	2.3852	0.4745	-1.8971	-1.9707	-1.4407	-0.0982	-2.0694	2.28	1.02	-1.7201	0.77	0.32	-0.4245	1.70	0.69
4.5	-3.585417	-23.538194	NA	-5.5578	-0.6926	0.4005	-2.8858	-1.7584	-0.2201	-1.7332	-2.0446	-1.8491	-2.4585	-2.3083	2.4362	0.4869	-1.9655	-1.998	-1.5429	-0.1471	-2.0988	2.29	1.02	-1.7690	0.81	0.33	-0.4551	1.74	0.71
4.625	-3.460417	-23.413194	NA	-5.5813	-0.7297	0.4581	-2.9158	-1.7898	-0.2042	-1.7984	-2.1062	-1.8641	-2.4834	-2.3287	2.4999	0.4824	-2.0094	-2.0215	-1.665	-0.1949	-2.1117	2.31	1.03	-1.7975	0.82	0.34	-0.4848	1.79	0.73
4.75	-3.335417	-23.288194	NA	-5.5944	-0.7787	0.5551	-2.9474	-1.834	-0.1945	-1.8081	-2.1422	-1.8411	-2.4806	-2.3381	2.6043	0.4352	-2.0456	-2.0314	-1.7016	-0.1901	-2.1199	2.33	1.04	-1.8008	0.83	0.34	-0.4882	1.83	0.75
4.875	-3.210417	-23.163194	NA	-5.5946	-0.8161	0.6513	-2.9556	-1.8611	-0.1722	-1.7864	-2.1394	-1.8107	-2.4431	-2.377	2.7076	0.4122	-2.0796	-2.0719	-1.7461	-0.1349	-2.1152	2.36	1.05	-1.7881	0.84	0.34	-0.4855	1.89	0.77
5	-3.085417	-23.038194	NA	-5.621	-0.8293	0.7477	-2.9899	-1.8918	-0.141	-1.8039	-2.1643	-1.8086	-2.4694	-2.4307	2.7926	0.4369	-2.1462	-2.1576	-1.7768	-0.144	-2.1169	2.40	1.07	-1.8030	0.86	0.35	-0.4992	1.95	0.79
5.125	-2.960417	-22.913194	NA	-5.7195	-0.8615	0.8039	-3.0373	-1.9313	-0.1206	-1.8324	-2.2466	-1.855	-2.5747	-2.4714	2.8805	0.4428	-2.2517	-2.2261	-1.8066	-0.2243	-2.1491	2.45	1.09	-1.8501	0.90	0.37	-0.5309	2.01	0.82
5.25	-2.835417	-22.788194	NA	-5.8591	-0.9095	0.8401	-3.0807	-1.9805	-0.1142	-1.852	-2.294	-1.9068	-2.6546	-2.5039	2.9525	0.405	-2.336	-2.2694	-1.8022	-0.3128	-2.1979	2.51	1.12	-1.8876	0.93	0.38	-0.5605	2.05	0.84
5.375	-2.710417	-22.663194	NA	-5.973	-0.9239	0.9399	-3.0977	-1.9993	-0.1099	-1.8908	-2.3405	-1.928	-2.6719	-2.5326	2.997	0.3497	-2.3707	-2.3267	-1.8261	-0.4039	-2.2108	2.58	1.15	-1.9123	0.94	0.38	-0.5968	2.07	0.85
5.5	-2.585417	-22.538194	NA	-6.0309	-0.9135	1.0395	-3.1134	-2.0568	-0.047	-1.9397	-2.4067	-1.9401	-2.6858	-2.5492	3.0599	0.3135	-2.4341	-2.4	-1.8419	-0.4954	-2.2150	2.63	1.18	-1.9281	0.97	0.40	-0.6330	2.12	0.86
5.625	-2.460417	-22.413194	NA	-6.0332	-0.8975	1.0793	-3.1199	-2.1349	0.0587	-1.9969	-2.4527	-1.9506	-2.7327	-2.5658	3.1606	0.3269	-2.4823	-2.462	-1.8836	-0.608	-2.2212	2.65	1.18	-1.9400	1.03	0.42	-0.6581	2.17	0.89
5.75	-2.335417	-22.288194	NA	-6.0416	-0.8853	1.159	-3.1247	-2.1913	0.1355	-2.0332	-2.4496	-1.9528	-2.7342	-2.5683	3.2651	0.3494	-2.4705	-2.5112	-1.907	-0.6601	-2.2168	2.68	1.20	-1.9338	1.06	0.43	-0.6557	2.22	0.91
5.875	-2.210417	-22.163194	NA	-6.0808	-0.8682	1.2696	-3.141	-2.2483	0.1931	-2.0564	-2.4476	-1.9351	-2.7007	-2.5435	3.3491	0.3733	-2.4886	-2.5604	-1.8924	-0.6517	-2.2137	2.73	1.22	-1.9150	1.07	0.44	-0.6451	2.26	0.92
6	-2.085417	-22.038194	NA	-6.1181	-0.8534	1.3959	-3.1694	-2.3053	0.2483	-2.0825	-2.4957	-1.8744	-2.6758	-2.5511	3.428	0.3887	-2.5234	-2.5863	-1.8814	-0.6298	-2.2101	2.79	1.25	-1.9052	1.10	0.45	-0.6340	2.30	0.94
6.125	-1.960417	-21.913194	NA	-6.1719	-0.872	1.5097	-3.226	-2.3692	0.272	-2.128	-2.5364	-1.8072	-2.663	-2.5924	3.5127	0.3829	-2.5138	-2.59	-1.8561	-0.6075	-2.2259	2.85	1.27	-1.9092	1.12	0.46	-0.6120	2.33	0.95
6.25	-1.835417	-21.788194	NA	-6.2492	-0.8931	1.6091	-3.273	-2.4358	0.2871	-2.1594	-2.5673	-1.7472	-2.656	-2.5933	3.6037	0.3688	-2.5249	-2.5573	-1.8158	-0.6134	-2.2484	2.91	1.30	-1.9060	1.13	0.46	-0.5898	2.35	0.96
6.375	-1.710417	-21.663194	NA	-6.3149	-0.9186	1.6853	-3.2802	-2.4429	0.3206	-2.1613	-2.611	-1.7316	-2.6792	-2.5563	3.6948	0.3789	-2.5315	-2.5059	-1.7745	-0.6278	-2.2543	2.95	1.32	-1.9031	1.15	0.47	-0.5610	2.37	0.97
6.5	-1.585417	-21.538194	NA	-6.3969	-1.0253	1.7312	-3.3409	-2.4094	0.3173	-2.1682	-2.6276	-1.754	-2.7118	-2.5632	3.7798	0.3428	-2.5502	-2.4645	-1.7177	-0.714	-2.2883	2.99	1.34	-1.9179	1.15	0.47	-0.5540	2.39	0.98
6.625	-1.460417	-21.413194	NA	-6.5114	-1.1232	1.7651	-3.4646	-2.3911	0.2874	-2.1755	-2.6433	-1.7657	-2.7694	-2.5971	3.8679	0.2637	-2.6057	-2.4519	-1.6598	-0.8123	-2.3450	3.04	1.36	-1.9439	1.15	0.47	-0.5664	2.42	0.99
6.75	-1.335417	-21.288194	NA	-6.6161	-1.1792	1.8055	-3.5649	-2.4213	0.2706	-2.1687	-2.6325	-1.7191	-2.8149	-2.6031	3.9462	0.1965	-2.6086	-2.4767	-1.6139	-0.9107	-2.3952	3.09	1.38	-1.9446	1.16	0.47	-0.5779	2.45	1.00
6.875	-1.210417	-21.163194	NA	-6.7025	-1.2495	1.8689	-3.6469	-2.4717	0.2835	-2.1318	-2.6403	-1.6414	-2.8193	-2.5904	3.9959	0.1501	-2.6207	-2.5586	-1.622	-0.9016	-2.4403	3.15	1.41	-1.9233	1.16	0.47	-0.5928	2.48	1.01
7	-1.085417	-21.038194	NA	-6.7486	-1.3403	1.9291	-3.7256	-2.5446	0.3324	-2.114	-2.661	-1.6131	-2.8098	-2.6014	4.0399	0.107	-2.651	-2.6657	-1.634	-0.8738	-2.4860	3.18	1.42	-1.9111	1.18	0.48	-0.6129	2.52	1.03
7.125	-0.960417	-20.913194	NA	-6.7835	-1.4357	1.9629	-3.7739	-2.6791	0.3725	-2.1725	-2.6986	-1.6662	-2.8344	-2.6547	4.0985	0.0573	-2.6621	-2.7592	-1.6651	-0.8737	-2.5419	3.20	1.43	-1.9423	1.21	0.50	-0.6341	2.55	1.04
7.25	-0.835417	-20.788194	NA	-6.8038	-1.5108	1.9735	-3.7587	-2.8096	0.405	-2.2845	-2.7368	-1.7602	-2.882	-2.7003	4.1795	0.04	-2.677	-2.7962	-1.6482	-0.9365	-2.5819	3.21	1.43	-1.9931	1.24	0.51	-0.6397	2.59	1.06
7.375	-0.710417	-20.663194	NA	-6.8206	-1.508	1.9774	-3.7268	-2.8481	0.4458	-2.3856	-2.7926	-1.8351	-2.9246	-2.7491	4.2681	0.0125	-2.7356	-2.7961	-1.643	-1.0659	-2.5852	3.21	1.44	-2.0402	1.28	0.52	-0.6600	2.64	1.08
7.5	-0.585417	-20.538194	NA	-6.8639	-1.5077	1.9595	-3.7227	-2.8433	0.4566	-2.4314	-2.8199	-1.8716	-2.9374	-2.7974	4.2906	-0.0642	-2.8105	-2.857	-1.6762	-1.1633	-2.5956	3.22	1.44	-2.0669	1.30	0.53	-0.7134	2.67	1.09
7.625	-0.460417	-20.413194	NA	-6.9316	-1.57	1.9667	-3.7202	-2.8619	0.4567	-2.4422	-2.7978	-1.882	-2.9543	-2.8037	4.2746	-0.1125	-2.8838	-2.9538	-1.681	-1.2147	-2.6234	3.24	1.45	-2.0705	1.30	0.53	-0.7619	2.69	1.10
7.75	-0.335417	-20.288194	NA	-7.0154	-1.6037	2.0236	-3.7282	-2.8701	0.4953	-2.448	-2.7831	-1.8904	-3.0083	-2.8094	4.3264	-0.1336	-2.9571	-3.0186	-1.6708	-1.2312	-2.6388	3.29	1.47	-2.0740	1.32	0.54	-0.7808	2.73	1.11
7.875	-0.210417	-20.163194	NA	-7.0803	-1.6025	2.0578	-3.736	-2.8325	0.5405	-2.4543	-2.7951	-1.9094	-3.0911	-2.8186	4.4115	-0.1542	-2.978	-3.0882	-1.4294	-1.2293	-2.6387	3.32	1.48	-2.0880	1.35	0.55	-0.7446	2.76	1.13
8	-0.085417	-20.038194	NA	-7.1138	-1.5845	2.0291	-3.7366	-2.7612	0.63	-2.471	-2.803	-1.933	-3.2051	-2.8652	4.4691	-0.1781	-2.945	-2.952	-1.1716	-1.2403	-2.6334	3.32	1.49	-2.1079	1.41	0.58	-0.6696	2.74	1.12
8.085417	0	-19.952778	NA	-7.1367	-1.5719	1.9918	-3.737	-2.7124	0.777	-2.4824	-2.8081	-1.942	-3.2829	-2.897	4.5229	-0.1951	-2.9171	-2.529	-0.9954	-1.251	-2.6332	3.32	1.48	-2.1059	1.48	0.61	-0.5608	2.69	1.10
8.210417	0.125	-19.827778	NA	-6.715	-0.406	2.1406	-2.3365	-2.3127	1.2606	-1.965	-2.7833	-1.9403	-3.3254	-2.9291	6.0318	13.3178	-2.2872	-1.4857	-0.7375	-1.1455	-1.9259	3.24	1.45	-1.9471	1.66	0.68	2.2823	6.19	2.53
8.335417	0.25	-19.702778	NA	-5.8151	1.1387	3.1828	-0.2848	-1.8136	1.8434	-1.4477	-2.7644	-1.9187	-3.3047	-2.9231	9.828	28.914	-1.4276	-0.4094	-0.3523	-1.0321	-0.7184	3.39	1.52	-1.7525	1.89	0.77	5.9201	12.05	4.92
8.460417	0.375	-19.577778	NA	-4.5125	3.1452	6.3171	2.5871	-1.379	2.4933	0.1941	-2.7467	-1.8183	-3.0271	-2.8263	16.3801	56.1438	0.0969	0.697	0.5275	-0.8966	1.2316	4.22	1.89	-1.2885	2.20	0.90	12.1581	22.52	9.19
8.585417	0.5	-19.452778	NA	-3.2579	4.771	11.6212	5.196	-1.1464	3.3405	2.3569	-2.6606	-1.5027	-2.1825	-2.5644	24.6157	82.0131	1.8499	1.7917	1.786	-0.8316	3.4368	5.87	2.62	-0.5355	2.67	1.09	18.5375	32.50	13.27
8.710417	0.625	-19.327778	NA	-2.3078	6.0198	18.4078	6.9243	-1.0679	4.4521	5.6628	-2.3741	-0.8222	-0.5624	-2.0075	33.4608	105.3036	3.3749	3.0528	3.1892	-0.8256	5.5952	8.26	3.69	0.7248	3.45	1.41	24.5926	41.50	16.94
8.835417	0.75	-19.202778	NA	-1.6743	7.033	27.1427	8.0136	-1.0402	5.8816	10.0346	-1.8872	0.2606	1.8045	-1.0613	42.6403	126.4445	4.2101	4.0373	4.6523	-0.8717	7.8950	11.65	5.21	2.5055	4.60	1.88	30.1855	49.79	20.33
8.960417	0.875	-19.077778	NA	-1.2441	7.9103	35.9103	8.8249	-1.0201	7.5712	14.9142	-1.268	1.3635	4.9196	0.2931	51.9072	147.269	5.0453	4.9676	6.1279	-0.9194	10.0763	15.21	6.80	4.6323	5.98	2.44	35.7329	57.98	23.67
9.085417	1	-18.952778	NA	-0.9815	8.4582	46.4077	9.1912	-1.0237	9.4652	20.2431	-0.2891	2.7418	8.959	2.1385	61.176	166.0603	5.8805	5.8979	7.6413	-0.9718	12.4104	19.63	8.78	7.2097	7.48	3.05	40.9474	65.40	26.70
9.210417	1.125	-18.827778	NA	-0.8402	8.8275	56.9343	9.3769	-1.002	11.5191	26.0876	0.9861	4.2617	13.865	4.2359	69.653	183.1992	6.7157	6.8282	9.146	-1.0042	14.6593	24.16	10.80	10.1592	9.20	3.76	45.7563	72.15	29.46
9.335417	1.25	-18.702778	NA	-0.749	9.0994	67.8741	9.5151	-0.9563	13.7336	32.2122	2.4718	5.8388	19.215	6.6066	76.9014	198.4451	7.5509	7.7586	10.6199	-1.0115	16.9567	28.91	12.93	13.3463	11.05	4.51	50.0441	78.10	31.88
9.460417	1.375	-18.577778	NA	-0.724	9.2146	78.0652	9.6213	-0.952	16.0335	38.2825	4.0882	7.4533	24.7607	9.308	83.8283	211.9432	8.3862	8.6889	12.0598	-1.0158	19.0450	33.39	14.93	16.6544	12.89	5.26	53.9818	83.37	34.04
9.585417	1.5	-18.452778	NA	-0.759	9.3298	88.2436	9.6135	-0.9883	18.285	44.1265	5.7607	9.1422	30.5381	12.2521	90.1934	223.7121	9.2214	9.6192	13.4245	-1.0476	21.0879	37.90	16.95	20.0174	14.67	5.99	57.5205	87.96	35.91
9.710417	1.625	-18.327778	NA	-0.8077	9.4208	97.6591	9.5438	-1.0361	20.5154	49.8003	7.4392	10.8902	36.4574	15.502	96.0928	233.8149	10.0566	10.5495	14.7133	-1.1291	22.9560	42.08	18.82	23.4341	16.43	6.71	60.6830	91.91	37.52
9.835417	1.75	-18.202778	NA	-0.8889	9.4623	106.7621	9.493	-1.0868	22.6699	55.3031	9.1001	12.6298	42.3378	18.9635	101.6233	242.4688	10.8918	11.4798	15.8977	-1.2113	24.7483	46.14	20.64	26.8340	18.15	7.41	63.5250	95.30	38.91
9.960417	1.875	-18.077778	NA	-0.9668	9.4706	115.5812	9.4651	-1.1066	24.7321	60.4924	10.6732	14.3168	48.026	22.4837	106.7319	249.7495	11.727	12.4102	16.8428	-1.2897	26.4887	50.08	22.40	30.1207	19.79	8.08	66.0286	98.17	40.08
10.085417	2	-17.952778	NA	-1.0161	9.4388	123.8068	9.4345	-1.1012	26.7837	65.3505	12.1808	15.9028	53.4246	25.9753	111.6242	255.7694	12.5622	13.3405	17.4091	-1.3435	28.1126	53.75	24.04	33.2696	21.34	8.71	68.2270	100.59	41.06
10.210417	2.125	-17.827778	NA	-1.0744	9.3709	131.0873	9.3931	-1.1081	28.7581	69.8785	13.6332	17.4598	58.5785	29.3517	116.2144	260.6599	13.1421	14.2708	17.9754	-1.4035	29.5338	57.01	25.50	36.2766	22.79	9.31	70.1432	102.60	41.88
10.335417	2.25	-17.702778	NA	-1.1157	9.304	138.352	9.3448	-1.1129	30.6461	74.0584	14.973	18.9319	63.5208	32.6558	120.2035	264.5877	13.0923	14.7046	18.4302	-1.4152	30.9544	60.26	26.95	39.1310	24.17	9.87	71.6005	104.33	42.59
10.460417	2.375	-17.577778	NA	-1.1353	9.2856	144.9951	9.2957	-1.1452	32.4315	77.9473	16.1828	20.3997	68.3164	35.8103	123.736	267.6819	13.0836	14.9239	18.5162	-1.406	32.2592	63.24	28.28	41.8480	25.49	10.40	72.7559	105.78	43.18
10.585417	2.5	-17.452778	NA	-1.167	9.279	151.3269	9.2366	-1.2107	34.0592	81.5966	17.3002	21.7213	73.0548	38.7377	126.925	270.0667	13.0663	15.0107	18.4885	-1.4466	33.4930	66.08	29.55	44.4116	26.80	10.94	73.6851	106.97	43.67
10.710417	2.625	-17.327778	NA	-1.2058	9.2535	157.1901	9.179	-1.2873	35.6355	85.041	18.377	22.9477	77.6216	41.4988	130.0559	271.9493	13.0205	15.0214	18.4263	-1.4805	34.6259	68.71	30.73	46.8536	28.08	11.46	74.4988	107.99	44.09
10.835417	2.75	-17.202778	NA	-1.2301	9.2216	163.0453	9.1404	-1.3774	37.2682	88.3073	19.3344	24.0967	81.8845	44.0582	133.1242	273.3711	12.9559	14.9869	18.3509	-1.4831	35.7600	71.35	31.91	49.1582	29.29	11.96	75.2177	108.85	44.44
10.960417	2.875	-17.077778	NA	-1.2369	9.1736	168.0075	9.1212	-1.4329	38.9366	91.4059	20.2104	25.2506	85.9807	46.4146	136.1689	274.3765	12.8981	14.9381	18.2552	-1.4663	36.7265	73.58	32.90	51.3665	30.44	12.43	75.8618	109.56	44.73
11.085417	3	-16.952778	NA	-1.2381	9.1348	172.9545	9.1242	-1.4555	40.523	94.3245	21.0036	26.3918	90.0585	48.5217	139.2135	275.2949	12.8664	14.9618	18.2103	-1.4496	37.7040	75.79	33.89	53.4705	31.58	12.89	76.5162	110.24	45.00
11.210417	3.125	-16.827778	NA	-1.2777	9.1552	177.7704	9.1458	-1.4936	41.9476	97.0598	21.7379	27.4701	94.0777	50.3895	141.9352	275.9871	12.87	15.0084	18.2249	-1.4374	38.6600	77.94	34.86	55.4471	32.71	13.36	77.0980	110.79	45.23
11.335417	3.25	-16.702778	NA	-1.3499	9.1909	181.9708	9.149	-1.5421	43.1391	99.5888	22.4549	28.4668	97.859	52.0539	144.6	276.5015	12.8928	15.0117	18.1965	-1.4598	39.4837	79.83	35.70	57.2604	33.78	13.79	77.6238	111.30	45.44
11.460417	3.375	-16.577778	NA	-1.4047	9.1882	186.0321	9.0919	-1.5554	44.106	101.9665	23.0345	29.3717	101.269	53.4962	147.0989	276.8942	12.9275	15.0148	18.1368	-1.5261	40.2704	81.66	36.52	58.8740	34.80	14.21	78.0910	111.75	45.62
11.585417	3.5	-16.452778	NA	-1.4535	9.1321	190.069	8.9878	-1.5554	45.0588	104.1484	23.4403	30.2323	104.1788	54.7312	149.3179	277.2552	12.9611	15.0095	18.0854	-1.5861	41.0360	83.48	37.33	60.2983	35.70	14.58	78.5072	112.17	45.79
11.710417	3.625	-16.327778	NA	-1.5169	9.0554	193.9445	8.8836	-1.6093	45.848	106.0906	23.7828	31.021	106.9157	55.7828	151.4513	277.6053	12.9628	14.9834	18.0102	-1.6493	41.7515	85.24	38.12	61.5735	36.55	14.92	78.8940	112.58	45.96
11.835417	3.75	-16.202778	NA	-1.5647	8.9878	197.5663	8.8085	-1.6583	46.5272	107.8016	24.1252	31.7423	109.3222	56.6729	153.5156	277.9237	12.9215	14.9557	17.9554	-1.7224	42.4279	86.88	38.86	62.6986	37.29	15.22	79.2583	112.99	46.13
11.960417	3.875	-16.077778	NA	-1.6275	8.9318	201.0707	8.7497	-1.6927	47.1233	109.2937	24.4082	32.4011	111.333	57.4026	155.4282	278.174	12.8624	14.8989	17.9254	-1.7702	43.0864	88.47	39.57	63.6603	37.91	15.48	79.5864	113.35	46.28
12.085417	4	-15.952778	NA	-1.6713	8.9252	204.4177	8.7244	-1.7034	47.6482	110.6752	24.6428	33.008	113.0471	58.0657	157.2193	278.3568	12.8057	14.903	17.8531	-1.8001	43.7385	89.98	40.24	64.5145	38.46	15.70	79.8896	113.68	46.41
12.210417	4.125	-15.827778	NA	-1.69	8.9726	207.4697	8.7299	-1.6652	48.1135	111.9597	24.8624	33.5673	114.4473	58.6478	159.0812	278.4868	12.7571	14.9413	17.7451	-1.8087	44.3634	91.33	40.84	65.2663	38.92	15.89	80.2005	113.99	46.54
12.335417	4.25	-15.702778	NA	-1.7649	8.9842	210.4705	8.7307	-1.6636	48.5357	113.056	25.059	34.0404	115.7415	59.0966	160.9781	278.5845	12.7043	14.9033	17.6358	-1.8235	44.9514	92.68	41.45	65.9215	39.34	16.06	80.4971	114.32	46.67
12.460417	4.375	-15.577778	NA	-1.8341	8.9455	213.2095	8.6809	-1.7211	48.9429	113.926	25.1666	34.4376	116.7991	59.4415	162.7103	278.6597	12.6543	14.8439	17.5462	-1.8898	45.4561	93.93	42.01	66.4523	39.68	16.20	80.7541	114.62	46.79
12.585417	4.5	-15.452778	NA	-1.9043	8.8852	215.7712	8.6209	-1.7804	49.3671	114.7692	25.2061	34.824	117.7116	59.7252	164.2998	278.734	12.6212	14.8019	17.5034	-1.9714	45.9185	95.10	42.53	66.9339	40.00	16.33	80.9981	114.90	46.91
12.710417	4.625	-15.327778	NA	-1.9742	8.8337	218.2121	8.569	-1.8281	49.761	115.5249	25.2673	35.2183	118.5182	59.9957	165.8089	278.8207	12.6436	14.7636	17.4974	-2.0241	46.3625	96.21	43.03	67.3809	40.26	16.44	81.2517	115.16	47.01
12.835417	4.75	-15.202778	NA	-2.0042	8.8158	220.557	8.4796	-1.8738	50.1465	116.2005	25.3319	35.5705	119.1594	60.2151	167.1845	278.8899	12.7061	14.7587	17.4793	-2.0629	46.7949	97.28	43.51	67.7707	40.48	16.52	81.4926	115.39	47.11
12.960417	4.875	-15.077778	NA	-2.0728	8.7969	222.8132	8.3981	-1.9197	50.5288	116.8035	25.3664	35.9215	119.6608	60.3728	168.4815	278.9323	12.7524	14.7214	17.4252	-2.0905	47.2031	98.31	43.97	68.1090	40.65	16.59	81.7037	115.61	47.20
13.085417	5	-14.952778	NA	-2.1706	8.7652	225.0373	8.3581	-1.9802	50.8734	117.3389	25.3806	36.2379	120.0674	60.5083	169.7267	278.9738	12.7789	14.6593	17.3588	-2.0873	47.6020	99.33	44.42	68.4011	40.79	16.65	81.9017	115.82	47.28
13.210417	5.125	-14.827778	NA	-2.2245	8.7249	227.1675	8.3199	-2.0362	51.1923	117.7751	25.4144	36.4875	120.411	60.6436	170.8724	279.0134	12.7766	14.6436	17.3009	-2.0789	47.9903	100.30	44.86	68.6540	40.90	16.70	82.0880	116.01	47.36
13.335417	5.25	-14.702778	NA	-2.2765	8.6951	229.1206	8.2686	-2.0707	51.5494	118.1673	25.4825	36.7044	120.6864	60.818	171.9883	279.0472	12.7451	14.6725	17.2558	-2.0833	48.3474	101.20	45.26	68.9013	40.98	16.73	82.2709	116.20	47.44
13.460417	5.375	-14.577778	NA	-2.3297	8.6822	230.8674	8.2118	-2.0908	51.8687	118.5041	25.5214	36.8457	120.8913	60.9977	173.0186	279.0621	12.6925	14.7027	17.2306	-2.0948	48.6682	101.99	45.61	69.1048	41.05	16.76	82.4353	116.38	47.51
13.585417	5.5	-14.452778	NA	-2.4031	8.6401	232.5062	8.1466	-2.091	52.1533	118.7329	25.5126	36.922	121.03	61.1097	174.0445	279.0526	12.6213	14.6714	17.2302	-2.118	48.9598	102.74	45.95	69.2434	41.10	16.78	82.5837	116.55	47.58
13.710417	5.625	-14.327778	NA	-2.4477	8.565	234.1237	8.0662	-2.0863	52.4154	118.8624	25.5056	36.9734	121.1127	61.2059	174.9256	279.0296	12.5388	14.5705	17.2197	-2.1557	49.2442	103.49	46.28	69.3459	41.12	16.79	82.6881	116.71	47.65
13.835417	5.75	-14.202778	NA	-2.509	8.4905	235.616	7.9824	-2.1232	52.6774	118.9101	25.507	37.0099	121.1947	61.3228	175.75	279.0269	12.4623	14.4791	17.169	-2.22	49.4913	104.18	46.59	69.4370	41.12	16.79	82.7779	116.87	47.71
13.960417	5.875	-14.077778	NA	-2.5949	8.4379	236.969	7.9205	-2.1789	52.9399	118.9557	25.5227	37.084	121.318	61.4252	176.5758	279.049	12.3976	14.4388	17.106	-2.2855	49.7107	104.81	46.87	69.5409	41.12	16.79	82.8803	117.04	47.78
14.085417	6	-13.952778	NA	-2.6379	8.3912	238.3192	7.8342	-2.2367	53.209	119.0318	25.5518	37.1781	121.3973	61.5207	177.2709	279.0727	12.3328	14.3669	17.0429	-2.3415	49.9340	105.44	47.16	69.6481	41.11	16.78	82.9574	117.19	47.84
14.210417	6.125	-13.827778	NA	-2.6728	8.3402	239.6499	7.7289	-2.2945	53.4767	119.1118	25.5808	37.2749	121.449	61.6163	177.951	279.0963	12.268	14.3051	16.9798	-2.3975	50.1503	106.06	47.43	69.7516	41.10	16.78	83.0338	117.34	47.90
14.335417	6.25	-13.702778	NA	-2.6636	8.2572	240.8788	7.6403	-2.3054	53.7336	119.2176	25.6181	37.3765	121.4662	61.7131	178.4724	279.1011	12.2355	14.305	16.9568	-2.4414	50.3615	106.63	47.69	69.8542	41.08	16.77	83.1049	117.44	47.94
14.460417	6.375	-13.577778	NA	-2.7005	8.1828	241.9724	7.5992	-2.3419	53.9647	119.3079	25.6823	37.4634	121.5057	61.8069	178.8716	279.0777	12.244	14.3183	16.9637	-2.4641	50.5424	107.14	47.91	69.9552	41.06	16.76	83.1685	117.50	47.97
14.585417	6.5	-13.452778	NA	-2.7851	8.1366	243.0334	7.573	-2.4405	54.1642	119.3978	25.7803	37.5269	121.5506	61.9029	179.2383	279.0366	12.237	14.2722	16.9313	-2.4804	50.7035	107.64	48.14	70.0538	41.05	16.76	83.2058	117.55	47.99
14.710417	6.625	-13.327778	NA	-2.8213	8.13	244.0313	7.5525	-2.5286	54.3412	119.4116	25.8591	37.566	121.5546	61.9657	179.6337	278.9882	12.2026	14.2127	16.8617	-2.5068	50.8728	108.11	48.35	70.1164	41.01	16.74	83.2320	117.63	48.02
14.835417	6.75	-13.202778	NA	-2.8549	8.1532	245.0292	7.5057	-2.6405	54.5307	119.3752	25.8781	37.6252	121.5266	61.9806	180.0085	278.9683	12.2077	14.1419	16.8024	-2.539	51.0385	108.57	48.56	70.1527	40.97	16.72	83.2650	117.70	48.05
14.960417	6.875	-13.077778	NA	-2.9149	8.1202	245.9871	7.4173	-2.7313	54.7312	119.3379	25.8681	37.6958	121.5337	62.0413	180.2901	278.9716	12.2259	14.071	16.7906	-2.5618	51.1757	109.03	48.76	70.2013	40.93	16.71	83.2979	117.76	48.07
15.085417	7	-12.952778	NA	-3.0213	8.0125	246.8291	7.3296	-2.7721	54.9828	119.3009	25.876	37.7827	121.607	62.1714	180.4856	278.952	12.2308	14.0073	16.8162	-2.6093	51.2756	109.45	48.95	70.2868	40.90	16.70	83.3138	117.79	48.09
15.210417	7.125	-12.827778	NA	-3.0934	7.9241	247.6611	7.2785	-2.8308	55.2368	119.3637	25.9205	37.8151	121.6956	62.3125	180.6716	278.9331	12.2177	13.9803	16.8404	-2.7017	51.3879	109.85	49.13	70.3907	40.90	16.70	83.3236	117.83	48.11
15.335417	7.25	-12.702778	NA	-3.1636	7.8542	248.5801	7.2615	-2.8896	55.4398	119.4465	25.9844	37.8352	121.7728	62.426	180.7967	278.9803	12.2228	13.9284	16.8428	-2.7849	51.5285	110.28	49.32	70.4841	40.90	16.70	83.3310	117.89	48.13
15.460417	7.375	-12.577778	NA	-3.2267	7.7831	249.5078	7.2577	-2.948	55.5992	119.4664	26.0316	37.8226	121.8216	62.5211	180.9185	279.0366	12.2166	13.8718	16.8185	-2.8443	51.6748	110.72	49.52	70.5438	40.90	16.70	83.3363	117.95	48.15
15.585417	7.5	-12.452778	NA	-3.2872	7.6854	250.3344	7.1982	-3.0247	55.7502	119.4852	26.0678	37.8347	121.893	62.559	180.9791	279.0277	12.153	13.7894	16.8065	-2.8919	51.7812	111.12	49.69	70.5983	40.90	16.70	83.3106	117.98	48.16
15.710417	7.625	-12.327778	NA	-3.3476	7.5825	251.1125	7.1161	-3.1249	55.8893	119.5013	26.1714	37.8753	121.9438	62.6005	181.0334	278.9857	12.0671	13.712	16.7971	-2.9387	51.8677	111.51	49.87	70.6636	40.87	16.69	83.2761	118.00	48.17
15.835417	7.75	-12.202778	NA	-3.3969	7.4851	251.8269	7.068	-3.2279	56.0237	119.5683	26.3113	37.8943	121.9866	62.6729	181.073	278.9505	11.9965	13.6429	16.7418	-2.9954	51.9510	111.86	50.03	70.7429	40.85	16.68	83.2349	118.03	48.18
15.960417	7.875	-12.077778	NA	-3.4786	7.4049	252.4911	6.9916	-3.3329	56.1699	119.5963	26.4493	37.9287	122.0294	62.7441	181.1496	278.9458	11.9362	13.607	16.6606	-3.0365	52.0152	112.19	50.18	70.8196	40.82	16.67	83.2105	118.06	48.20
16.085417	8	-11.952778	NA	-3.562	7.3322	253.1439	6.9017	-3.4381	56.2788	119.6233	26.5863	37.9521	122.0722	62.8143	181.2494	278.9623	11.8759	13.5835	16.5794	-3.0596	52.0755	112.53	50.32	70.8878	40.79	16.65	83.1985	118.11	48.22
16.210417	8.125	-11.827778	NA	-3.6715	7.2711	253.7443	6.7865	-3.476	56.3368	119.639	26.6793	37.9748	122.1148	62.9197	181.2777	278.9657	11.8157	13.5288	16.4831	-3.0948	52.1309	112.83	50.46	70.9441	40.78	16.65	83.1627	118.14	48.23
16.335417	8.25	-11.702778	NA	-3.7627	7.2232	254.308	6.6642	-3.464	56.4324	119.6548	26.7847	38.0222	122.1721	62.994	181.2722	278.9659	11.7712	13.4713	16.3646	-3.1479	52.1937	113.11	50.58	71.0100	40.75	16.64	83.1162	118.18	48.25
16.460417	8.375	-11.577778	NA	-3.7889	7.1787	254.7951	6.5591	-3.5368	56.5739	119.6763	26.9559	38.0503	122.2178	63.0485	181.2584	278.9916	11.7468	13.4003	16.2654	-3.1793	52.2414	113.35	50.69	71.0871	40.72	16.62	83.0805	118.21	48.26
16.585417	8.5	-11.452778	NA	-3.8342	7.1294	255.2951	6.4613	-3.6518	56.7124	119.6368	27.1618	38.071	122.2602	63.1457	181.2156	279.0188	11.725	13.305	16.1921	-3.1874	52.2800	113.61	50.81	71.1646	40.66	16.60	83.0448	118.24	48.27
16.710417	8.625	-11.327778	NA	-3.953	7.0724	255.793	6.349	-3.7559	56.8336	119.643	27.3622	38.0658	122.3034	63.245	181.171	279.0202	11.7029	13.2575	16.0965	-3.198	52.3011	113.88	50.93	71.2422	40.61	16.58	83.0083	118.25	48.28
16.835417	8.75	-11.202778	NA	-4.0537	7	256.2316	6.2425	-3.8284	56.9393	119.6715	27.5727	38.0546	122.3466	63.3338	181.1447	279.017	11.6907	13.233	15.9819	-3.2131	52.3184	114.11	51.03	71.3197	40.58	16.57	82.9757	118.26	48.28
16.960417	8.875	-11.077778	NA	-4.1267	6.9082	256.617	6.1808	-3.8402	57.0695	119.7388	27.7761	38.0801	122.3684	63.4112	181.1266	279.0257	11.677	13.1995	15.8655	-3.2453	52.3478	114.31	51.12	71.4073	40.54	16.55	82.9415	118.29	48.29
17.085417	9	-10.952778	NA	-4.1615	6.8461	256.9785	6.1263	-3.856	57.194	119.8581	27.9943	38.1279	122.4305	63.469	181.1327	279.0375	11.648	13.1211	15.781	-3.3064	52.3867	114.49	51.20	71.5123	40.52	16.54	82.9023	118.32	48.31
17.210417	9.125	-10.827778	NA	-4.2156	6.7979	257.3059	6.0632	-3.8657	57.2962	119.9387	28.2601	38.1647	122.5142	63.5123	181.1376	279.0669	11.6271	13.034	15.7544	-3.3833	52.4171	114.66	51.28	71.6144	40.48	16.53	82.8728	118.36	48.32
17.335417	9.25	-10.702778	NA	-4.3039	6.7912	257.6203	6.0123	-3.9012	57.4443	119.9868	28.5083	38.1735	122.5884	63.5381	181.0913	279.1089	11.6297	12.9926	15.7261	-3.4728	52.4437	114.82	51.35	71.7066	40.45	16.51	82.8460	118.39	48.33
17.460417	9.375	-10.577778	NA	-4.3735	6.8287	257.9289	5.9466	-3.9599	57.5785	119.9989	28.7369	38.1891	122.6857	63.5587	181.064	279.1288	11.622	12.939	15.6649	-3.5288	52.4742	114.97	51.42	71.7913	40.41	16.50	82.8150	118.41	48.34
17.585417	9.5	-10.452778	NA	-4.418	6.8635	258.2473	5.8928	-3.9827	57.6694	120.0207	29.0199	38.2242	122.7748	63.6207	181.0837	279.1458	11.6103	12.885	15.5936	-3.5493	52.5206	115.13	51.49	71.8883	40.37	16.48	82.7948	118.44	48.35
17.710417	9.625	-10.327778	NA	-4.462	6.8669	258.5917	5.8365	-4.0106	57.7331	120.0843	29.3106	38.2699	122.8471	63.6848	181.1004	279.1826	11.6141	12.8213	15.5525	-3.5729	52.5645	115.29	51.56	71.9883	40.32	16.46	82.7830	118.47	48.37
17.835417	9.75	-10.202778	NA	-4.4844	6.8401	258.9546	5.7641	-4.1007	57.7704	120.147	29.5813	38.3424	122.9025	63.6723	181.0816	279.2287	11.6131	12.7195	15.5061	-3.5937	52.5947	115.48	51.64	72.0693	40.28	16.45	82.7592	118.50	48.38
17.960417	9.875	-10.077778	NA	-4.5354	6.8076	259.3473	5.6914	-4.1933	57.8077	120.189	29.8466	38.3963	122.9549	63.6596	181.0628	279.2767	11.5938	12.6177	15.4406	-3.6071	52.6235	115.68	51.74	72.1423	40.24	16.43	82.7308	118.54	48.39
18.085417	10	-9.952778	NA	-4.6135	6.7755	259.7574	5.6303	-4.2686	57.8976	120.2358	30.1175	38.4151	123.0031	63.6925	181.024	279.3245	11.5326	12.516	15.3646	-3.5748	52.6562	115.90	51.83	72.2269	40.19	16.41	82.6978	118.57	48.41
18.210417	10.125	-9.827778	NA	-4.6851	6.7301	260.1236	5.5882	-4.3448	58.0154	120.3063	30.4004	38.434	123.0321	63.7316	180.9626	279.3725	11.4457	12.4254	15.2601	-3.5237	52.6824	116.09	51.92	72.3200	40.15	16.39	82.6571	118.60	48.42
18.335417	10.25	-9.702778	NA	-4.7436	6.6874	260.4287	5.5518	-4.4156	58.1423	120.3818	30.6817	38.4478	123.0565	63.7287	180.9112	279.4425	11.3586	12.3762	15.2008	-3.4767	52.7017	116.25	51.99	72.4065	40.10	16.37	82.6354	118.63	48.43
18.460417	10.375	-9.577778	NA	-4.7857	6.6598	260.7307	5.5042	-4.4707	58.2898	120.46	30.9729	38.5289	123.1223	63.7552	180.8955	279.5543	11.2887	12.3731	15.1874	-3.447	52.7277	116.40	52.06	72.5215	40.05	16.35	82.6420	118.67	48.45
18.585417	10.5	-9.452778	NA	-4.8527	6.6102	261.0281	5.4724	-4.5201	58.4249	120.5046	31.2988	38.6315	123.1834	63.8351	180.9013	279.6461	11.2666	12.3844	15.1967	-3.4567	52.7476	116.56	52.13	72.6464	39.98	16.32	82.6564	118.71	48.46
18.710417	10.625	-9.327778	NA	-4.9627	6.5915	261.2991	5.4696	-4.5898	58.5572	120.5061	31.6358	38.6345	123.1944	63.9078	180.9214	279.6958	11.2741	12.3261	15.2002	-3.4908	52.7615	116.70	52.19	72.7393	39.90	16.29	82.6545	118.74	48.47
18.835417	10.75	-9.202778	NA	-5.0489	6.6064	261.588	5.4669	-4.6751	58.687	120.4957	31.9724	38.6282	123.2366	63.9788	180.941	279.7595	11.2735	12.2518	15.1711	-3.5026	52.7875	116.85	52.26	72.8331	39.83	16.26	82.6491	118.78	48.49
18.960417	10.875	-9.077778	NA	-5.0867	6.6158	261.8669	5.4502	-4.7255	58.8245	120.5103	32.3013	38.6219	123.2985	64.0914	180.9656	279.8603	11.2538	12.1637	15.1042	-3.5186	52.8241	116.99	52.32	72.9413	39.76	16.23	82.6382	118.84	48.51
19.085417	11	-8.952778	NA	-5.1086	6.6157	262.1423	5.4307	-4.7603	58.9634	120.5891	32.5689	38.6373	123.3185	64.2296	181.0026	279.9636	11.2264	12.0619	15.0288	-3.5558	52.8640	117.12	52.38	73.0511	39.71	16.21	82.6213	118.91	48.54
19.210417	11.125	-8.827778	NA	-5.1176	6.6032	262.4653	5.4071	-4.7728	59.1023	120.6954	32.7793	38.7247	123.3558	64.3678	181.0527	280.0841	11.2174	12.0132	15.0069	-3.5776	52.9170	117.27	52.44	73.1709	39.68	16.20	82.6328	118.97	48.57
19.335417	11.25	-8.702778	NA	-5.1186	6.5983	262.7767	5.358	-4.7794	59.2413	120.7956	33.0018	38.811	123.4264	64.5086	181.0932	280.1801	11.2474	11.9791	15.0165	-3.6065	52.9670	117.42	52.51	73.2974	39.64	16.18	82.6516	119.01	48.59
19.460417	11.375	-8.577778	NA	-5.1372	6.6386	263.1007	5.2582	-4.827	59.3865	120.8586	33.2645	38.8768	123.4655	64.6518	181.1026	280.2235	11.2833	11.9011	15.0178	-3.6359	53.0067	117.57	52.58	73.4173	39.58	16.16	82.6487	119.03	48.60
19.585417	11.5	-8.452778	NA	-5.1665	6.6964	263.3818	5.1236	-4.8618	59.5352	120.9124	33.564	38.9259	123.4662	64.7615	181.1194	280.2714	11.3066	11.8652	14.999	-3.6587	53.0347	117.72	52.64	73.5275	39.51	16.13	82.6505	119.06	48.61
19.710417	11.625	-8.327778	NA	-5.2199	6.7191	263.6072	5.0036	-4.8681	59.6746	120.9565	33.877	38.9781	123.4795	64.8458	181.1349	280.3023	11.3336	11.8528	14.9681	-3.6319	53.0484	117.83	52.70	73.6352	39.44	16.10	82.6600	119.07	48.61
19.835417	11.75	-8.202778	NA	-5.2881	6.7261	263.8988	4.9884	-4.879	59.8035	120.9927	34.1737	39.005	123.5305	64.9423	181.129	280.3373	11.3782	11.8099	14.9629	-3.6293	53.0892	117.97	52.76	73.7413	39.38	16.08	82.6647	119.08	48.61
19.960417	11.875	-8.077778	NA	-5.3513	6.7421	264.2496	5.0349	-4.8973	59.9308	121.0327	34.435	39.0296	123.5824	65.015	181.1136	280.4137	11.4156	11.7507	14.9674	-3.6731	53.1556	118.14	52.83	73.8376	39.34	16.06	82.6646	119.11	48.63
20.085417	12	-7.952778	NA	-5.4072	6.748	264.5558	5.0426	-4.9235	60.0564	121.1163	34.6928	39.0384	123.6053	65.0458	181.0699	280.4469	11.4498	11.7032	14.9268	-3.7143	53.2031	118.28	52.90	73.9258	39.30	16.04	82.6471	119.13	48.63
20.210417	12.125	-7.827778	NA	-5.4509	6.7677	264.8245	5.018	-4.9552	60.1817	121.1995	34.9556	39.0871	123.6662	65.0617	181.0026	280.4801	11.5256	11.6543	14.883	-3.7168	53.2408	118.41	52.95	74.0253	39.27	16.03	82.6381	119.13	48.63
20.335417	12.25	-7.702778	NA	-5.4918	6.7949	265.092	4.9751	-4.9815	60.3103	121.2499	35.2429	39.1745	123.7614	65.1135	180.9635	280.5945	11.5724	11.5913	14.8501	-3.7044	53.2777	118.54	53.01	74.1421	39.22	16.01	82.6446	119.17	48.65
20.460417	12.375	-7.577778	NA	-5.5347	6.7898	265.3816	4.9116	-5.0028	60.4338	121.3098	35.5243	39.2798	123.8142	65.2141	180.9447	280.7097	11.5844	11.5531	14.8931	-3.6835	53.3091	118.68	53.08	74.2627	39.16	15.99	82.6669	119.20	48.66
20.585417	12.5	-7.452778	NA	-5.5778	6.7968	265.7103	4.8119	-5.0459	60.5711	121.3996	35.7804	39.4091	123.8473	65.3045	180.8971	280.7455	11.6025	11.5411	14.9016	-3.6881	53.3391	118.85	53.15	74.3853	39.10	15.96	82.6666	119.20	48.66
20.710417	12.625	-7.327778	NA	-5.6027	6.8458	266.0087	4.7177	-5.0641	60.7261	121.4948	35.9901	39.5386	123.9377	65.3701	180.8296	280.7541	11.6159	11.5702	14.8711	-3.7237	53.3811	118.99	53.22	74.5096	39.07	15.95	82.6529	119.19	48.66
20.835417	12.75	-7.202778	NA	-5.6233	6.9052	266.3053	4.6594	-5.0477	60.8774	121.5756	36.2111	39.6679	124.0594	65.4324	180.7593	280.803	11.6277	11.5631	14.8952	-3.7102	53.4398	119.13	53.28	74.6373	39.04	15.94	82.6564	119.19	48.66
20.960417	12.875	-7.077778	NA	-5.6481	6.9251	266.6021	4.5999	-5.0754	61.014	121.6532	36.419	39.7648	124.173	65.4789	180.6889	280.8526	11.6292	11.4802	14.8973	-3.7153	53.4807	119.27	53.34	74.7505	39.01	15.93	82.6388	119.21	48.67
21.085417	13	-6.952778	NA	-5.6798	6.9136	266.8802	4.5321	-5.1389	61.1332	121.7366	36.627	39.8199	124.2866	65.5106	180.6168	280.9283	11.6531	11.402	14.8632	-3.7631	53.5014	119.42	53.40	74.8523	39.00	15.92	82.6167	119.24	48.68
21.210417	13.125	-6.827778	NA	-5.7159	6.9021	267.1573	4.4644	-5.2023	61.2498	121.822	36.8349	39.8714	124.4001	65.5423	180.544	281.0039	11.6769	11.3283	14.8291	-3.811	53.5211	119.56	53.47	74.9534	38.99	15.92	82.5952	119.27	48.69
21.335417	13.25	-6.702778	NA	-5.7521	6.8905	267.4345	4.3966	-5.2657	61.3663	121.9075	37.0428	39.923	124.5137	65.5739	180.4712	281.0795	11.7008	11.2545	14.7951	-3.8588	53.5408	119.70	53.53	75.0545	38.98	15.91	82.5737	119.30	48.70
21.460417	13.375	-6.577778	NA	-5.7882	6.879	267.7116	4.3288	-5.3292	61.4829	121.993	37.2508	39.9745	124.6273	65.6056	180.3984	281.1552	11.7247	11.1808	14.761	-3.9067	53.5604	119.85	53.60	75.1557	38.97	15.91	82.5522	119.33	48.72
21.585417	13.5	-6.452778	NA	-5.8243	6.8675	267.9887	4.261	-5.3926	61.5995	122.0785	37.4587	40.0261	124.7408	65.6373	180.3256	281.2308	11.7485	11.107	14.7269	-3.9545	53.5801	119.99	53.66	75.2568	38.96	15.91	82.5307	119.36	48.73
21.710417	13.625	-6.327778	NA	-5.8604	6.856	268.2659	4.1932	-5.456	61.7161	122.164	37.6666	40.0777	124.8544	65.669	180.2528	281.3064	11.7724	11.0333	14.6928	-4.0024	53.5997	120.14	53.73	75.3580	38.95	15.90	82.5092	119.39	48.74
21.835417	13.75	-6.202778	NA	-5.8965	6.8445	268.543	4.1254	-5.5195	61.8327	122.2494	37.8745	40.1292	124.9679	65.7007	180.18	281.382	11.7962	10.9596	14.6588	-4.0502	53.6194	120.28	53.79	75.4591	38.94	15.90	82.4877	119.42	48.75
21.960417	13.875	-6.077778	NA	-5.9327	6.8329	268.8202	4.0576	-5.5829	61.9492	122.3349	38.0825	40.1808	125.0815	65.7324	180.1072	281.4577	11.8201	10.8858	14.6247	-4.098	53.6390	120.42	53.86	75.5602	38.93	15.89	82.4663	119.45	48.77
22.085417	14	-5.952778	NA	-5.9688	6.8214	269.0973	3.9898	-5.6463	62.0658	122.4204	38.2904	40.2324	125.1951	65.7641	180.0344	281.5333	11.844	10.8121	14.5906	-4.1459	53.6587	120.57	53.92	75.6614	38.92	15.89	82.4447	119.48	48.78
22.210417	14.125	-5.827778	NA	-6.0049	6.8099	269.3744	3.922	-5.7098	62.1824	122.5059	38.4983	40.2839	125.3086	65.7958	179.9616	281.6089	11.8678	10.7383	14.5565	-4.1937	53.6783	120.71	53.98	75.7625	38.91	15.89	82.4232	119.51	48.79
22.335417	14.25	-5.702778	NA	-6.041	6.7984	269.6516	3.8542	-5.7732	62.299	122.5913	38.7063	40.3355	125.4222	65.8275	179.8887	281.6846	11.8917	10.6646	14.5225	-4.2416	53.6980	120.86	54.05	75.8636	38.90	15.88	82.4017	119.54	48.80
22.460417	14.375	-5.577778	NA	-6.0771	6.7869	269.9287	3.7864	-5.8366	62.4156	122.6768	38.9142	40.387	125.5358	65.8592	179.8159	281.7602	11.9156	10.5908	14.4884	-4.2894	53.7177	121.00	54.11	75.9648	38.89	15.88	82.3803	119.57	48.81
22.585417	14.5	-5.452778	NA	-6.1132	6.7754	270.2058	3.7186	-5.9001	62.5321	122.7623	39.1221	40.4386	125.6493	65.8909	179.7431	281.8358	11.9394	10.5171	14.4543	-4.3373	53.7373	121.15	54.18	76.0659	38.88	15.87	82.3587	119.60	48.83
22.710417	14.625	-5.327778	NA	-6.1494	6.7638	270.483	3.6508	-5.9635	62.6487	122.8478	39.33	40.4902	125.7629	65.9226	179.6703	281.9115	11.9633	10.4433	14.4202	-4.3851	53.7569	121.29	54.24	76.1670	38.88	15.87	82.3372	119.63	48.84
22.835417	14.75	-5.202778	NA	-6.1855	6.7523	270.7601	3.583	-6.0269	62.7653	122.9333	39.538	40.5417	125.8765	65.9542	179.5975	281.9871	11.9872	10.3696	14.3861	-4.433	53.7766	121.43	54.31	76.2682	38.87	15.87	82.3157	119.66	48.85
22.960417	14.875	-5.077778	NA	-6.2216	6.7408	271.0373	3.5152	-6.0904	62.8819	123.0187	39.7459	40.5933	125.99	65.9859	179.5247	282.0627	12.011	10.2959	14.3521	-4.4808	53.7963	121.58	54.37	76.3693	38.86	15.86	82.2943	119.69	48.86
23.085417	15	-4.952778	NA	-6.2577	6.7293	271.3144	3.4474	-6.1538	62.9985	123.1042	39.9538	40.6449	126.1036	66.0176	179.4519	282.1383	12.0349	10.2221	14.318	-4.5286	53.8159	121.72	54.44	76.4704	38.85	15.86	82.2728	119.72	48.88
23.210417	15.125	-4.827778	NA	-6.2938	6.7178	271.5915	3.3796	-6.2172	63.115	123.1897	40.1618	40.6964	126.2172	66.0493	179.3791	282.214	12.0587	10.1484	14.2839	-4.5765	53.8356	121.87	54.50	76.5716	38.84	15.86	82.2513	119.75	48.89
23.335417	15.25	-4.702778	NA	-6.33	6.7062	271.8687	3.3118	-6.2807	63.2316	123.2752	40.3697	40.748	126.3307	66.081	179.3063	282.2896	12.0826	10.0746	14.2498	-4.6243	53.8552	122.01	54.56	76.6727	38.83	15.85	82.2298	119.78	48.90
23.460417	15.375	-4.577778	NA	-6.3661	6.6947	272.1458	3.244	-6.3441	63.3482	123.3606	40.5776	40.7995	126.4443	66.1127	179.2335	282.3652	12.1065	10.0009	14.2158	-4.6722	53.8749	122.15	54.63	76.7738	38.82	15.85	82.2083	119.81	48.91
23.585417	15.5	-4.452778	NA	-6.4022	6.6832	272.4229	3.1762	-6.4075	63.4648	123.4461	40.7855	40.8511	126.5578	66.1444	179.1607	282.4409	12.1303	9.9271	14.1817	-4.72	53.8945	122.30	54.69	76.8749	38.81	15.85	82.1868	119.84	48.93
23.710417	15.625	-4.327778	NA	-6.4229	6.6776	272.7001	3.0832	-6.4454	63.6234	123.5221	40.9805	40.9179	126.6737	66.1925	179.1171	282.5233	12.1723	9.8932	14.1597	-4.7679	53.9185	122.44	54.76	76.9850	38.80	15.84	82.1830	119.87	48.94
23.835417	15.75	-4.202778	NA	-6.4561	6.6635	272.9776	2.9633	-6.473	63.7859	123.5538	41.1667	40.9986	126.7711	66.2662	179.0889	282.6185	12.2325	9.8585	14.1436	-4.8133	53.9351	122.59	54.82	77.0904	38.77	15.83	82.1881	119.91	48.95
23.960417	15.875	-4.077778	NA	-6.507	6.6194	273.2777	2.8652	-6.4954	64.0228	123.6025	41.3525	41.0546	126.8491	66.3285	179.0688	282.6277	12.2199	9.7919	14.0546	-4.8487	53.9520	122.74	54.89	77.2017	38.73	15.81	82.1524	119.93	48.96
24.085417	16	-3.952778	NA	-6.5619	6.5662	273.5837	2.7904	-6.5124	64.2666	123.6643	41.5056	41.1098	126.927	66.3757	179.0502	282.5953	12.1473	9.7213	13.9395	-4.8798	53.9732	122.90	54.96	77.3082	38.71	15.80	82.0956	119.95	48.97
24.210417	16.125	-3.827778	NA	-6.5656	6.5375	273.9527	2.7107	-6.5376	64.5184	123.7379	41.6412	41.158	127.0656	66.4194	179.0346	282.5649	12.1006	9.6172	13.8384	-4.9128	54.0195	123.08	55.04	77.4234	38.71	15.80	82.0405	119.97	48.98
24.335417	16.25	-3.702778	NA	-6.5523	6.5411	274.2961	2.6107	-6.5883	64.7333	123.7754	41.7746	41.1931	127.2517	66.4641	179.0092	282.5513	12.1306	9.518	13.7699	-4.965	54.0615	123.25	55.12	77.5320	38.72	15.81	82.0023	119.99	48.98
24.460417	16.375	-3.577778	NA	-6.5531	6.5467	274.589	2.5215	-6.642	64.9017	123.8506	41.9716	41.2347	127.4407	66.5181	179.0225	282.5765	12.2065	9.4519	13.7253	-5.0541	54.0924	123.40	55.18	77.6529	38.73	15.81	81.9881	120.02	49.00
24.585417	16.5	-3.452778	NA	-6.6339	6.5416	274.9123	2.4736	-6.6925	65.1197	123.9754	42.2147	41.2821	127.6399	66.6045	179.0308	282.6177	12.2488	9.3644	13.7014	-5.1419	54.1202	123.56	55.26	77.8060	38.74	15.81	81.9702	120.05	49.01
24.710417	16.625	-3.327778	NA	-6.7399	6.544	275.2716	2.4197	-6.7518	65.3386	124.062	42.4369	41.2531	127.8308	66.7176	179.0299	282.6425	12.279	9.3103	13.6629	-5.2117	54.1487	123.75	55.34	77.9398	38.75	15.82	81.9522	120.08	49.02
24.835417	16.75	-3.202778	NA	-6.8432	6.5596	275.572	2.3255	-6.8033	65.6119	124.0952	42.6366	41.2244	128.0104	66.8371	179.0384	282.6396	12.3111	9.3195	13.5999	-5.2471	54.1621	123.91	55.41	78.0693	38.75	15.82	81.9436	120.09	49.02
24.960417	16.875	-3.077778	NA	-6.8925	6.5556	275.9024	2.2152	-6.8478	65.8563	124.1182	42.8433	41.207	128.1356	66.9565	179.0146	282.6489	12.3052	9.2583	13.5385	-5.278	54.1866	124.08	55.49	78.1861	38.73	15.81	81.9146	120.10	49.03
25.085417	17	-2.952778	NA	-6.892	6.5273	276.2642	2.1226	-6.9638	66.1169	124.1321	43.065	41.2821	128.2454	67.0865	179.0063	282.6731	12.2997	9.1397	13.5041	-5.3232	54.2117	124.27	55.57	78.3213	38.68	15.79	81.8833	120.14	49.05
25.210417	17.125	-2.827778	NA	-6.8858	6.483	276.5503	2.0584	-7.1151	66.3742	124.1027	43.2539	41.3621	128.3711	67.1826	178.9872	282.6476	12.3025	9.068	13.4962	-5.3637	54.2182	124.43	55.64	78.4411	38.64	15.77	81.8563	120.14	49.05
25.335417	17.25	-2.702778	NA	-6.9521	6.4157	276.8055	2.0053	-7.2674	66.579	124.0897	43.3738	41.3557	128.4918	67.2007	178.9484	282.584	12.3048	9.0418	13.4308	-5.4443	54.2014	124.58	55.71	78.5151	38.63	15.77	81.8109	120.13	49.04
25.460417	17.375	-2.577778	NA	-7.0832	6.343	277.1003	1.9484	-7.3609	66.7864	124.1101	43.4797	41.3157	128.6366	67.2248	178.9487	282.5213	12.3247	9.0012	13.3329	-5.5203	54.1895	124.75	55.79	78.5922	38.65	15.78	81.7681	120.14	49.05
25.585417	17.5	-2.452778	NA	-7.1432	6.2883	277.4418	1.89	-7.4217	66.9992	124.1167	43.6156	41.3544	128.7924	67.3048	178.9563	282.4707	12.3413	8.9876	13.2637	-5.5509	54.2110	124.93	55.87	78.6972	38.64	15.77	81.7448	120.13	49.04
25.710417	17.625	-2.327778	NA	-7.1291	6.2409	277.8097	1.8314	-7.5169	67.2291	124.1174	43.7626	41.4061	128.9164	67.4043	178.9883	282.4524	12.3553	8.9682	13.2005	-5.5668	54.2472	125.11	55.95	78.8060	38.61	15.76	81.7330	120.14	49.05
25.835417	17.75	-2.202778	NA	-7.1129	6.1947	278.163	1.7836	-7.5791	67.5002	124.1355	43.8827	41.4619	129.0198	67.5233	179.0338	282.4523	12.3856	8.9245	13.1502	-5.5827	54.2899	125.29	56.03	78.9206	38.59	15.75	81.7273	120.16	49.06
25.960417	17.875	-2.077778	NA	-7.1127	6.1773	278.5134	1.7467	-7.5635	67.76	124.1722	43.9752	41.5345	129.1171	67.646	179.0273	282.4706	12.424	8.8863	13.1209	-5.6271	54.3522	125.45	56.10	79.0342	38.57	15.75	81.7170	120.18	49.06
26.085417	18	-1.952778	NA	-7.1353	6.1859	278.8294	1.6946	-7.5769	67.9995	124.2397	44.0649	41.5987	129.2313	67.7268	178.9819	282.4893	12.4399	8.8291	13.099	-5.6628	54.3995	125.60	56.17	79.1435	38.57	15.74	81.6961	120.19	49.07
26.210417	18.125	-1.827778	NA	-7.1643	6.189	279.1174	1.6129	-7.6003	68.2832	124.2915	44.1746	41.6657	129.3991	67.784	178.9932	282.4766	12.4499	8.7775	13.1072	-5.6427	54.4309	125.74	56.23	79.2664	38.57	15.75	81.6936	120.19	49.07
26.335417	18.25	-1.702778	NA	-7.2063	6.1666	279.4018	1.5188	-7.6167	68.5676	124.2969	44.2898	41.7311	129.566	67.8496	179.0359	282.4612	12.4275	8.7112	13.1482	-5.652	54.4528	125.89	56.30	79.3835	38.56	15.74	81.6887	120.20	49.07
26.460417	18.375	-1.577778	NA	-7.2257	6.1223	279.7141	1.4472	-7.6331	68.8685	124.3258	44.4068	41.802	129.7122	67.9183	179.0821	282.492	12.3819	8.5931	13.189	-5.7034	54.4850	126.04	56.37	79.5056	38.55	15.74	81.6724	120.24	49.09
26.585417	18.5	-1.452778	NA	-7.2358	6.0697	279.9835	1.415	-7.6936	69.1697	124.3841	44.5439	41.8713	129.8358	67.9769	179.1077	282.5312	12.3862	8.4731	13.2168	-5.7608	54.5078	126.18	56.43	79.6303	38.54	15.73	81.6590	120.27	49.10
26.710417	18.625	-1.327778	NA	-7.2721	6.0351	280.2645	1.3872	-7.7556	69.4128	124.4258	44.6828	41.9063	129.9732	68.0488	179.1142	282.5802	12.4102	8.3999	13.2352	-5.8118	54.5318	126.32	56.49	79.7416	38.53	15.73	81.6547	120.30	49.11
26.835417	18.75	-1.202778	NA	-7.2794	6.0315	280.5823	1.3772	-7.7593	69.6979	124.4665	44.8191	41.9617	130.1321	68.1565	179.1084	282.5853	12.4579	8.3561	13.2461	-5.824	54.5905	126.47	56.56	79.8723	38.53	15.73	81.6550	120.30	49.11
26.960417	18.875	-1.077778	NA	-7.2598	6.0033	280.9015	1.3805	-7.7431	69.9861	124.4877	44.9484	42.0216	130.2543	68.2622	179.1097	282.6015	12.5355	8.3128	13.2389	-5.8285	54.6565	126.61	56.62	79.9934	38.51	15.72	81.6616	120.31	49.11
27.085417	19	-0.952778	NA	-7.2259	5.9475	281.237	1.3275	-7.7769	70.2019	124.4869	45.0765	42.0633	130.3502	68.3354	179.1002	282.6182	12.5722	8.2694	13.1666	-5.8508	54.7018	126.77	56.69	80.0857	38.48	15.71	81.6460	120.32	49.12
27.210417	19.125	-0.827778	NA	-7.2096	5.9238	281.5773	1.2457	-7.8592	70.4268	124.5184	45.1993	42.1289	130.4023	68.3955	179.0829	282.597	12.5339	8.2117	13.0533	-5.889	54.7356	126.94	56.77	80.1785	38.45	15.70	81.5983	120.34	49.13
27.335417	19.25	-0.702778	NA	-7.2396	5.9322	281.8582	1.173	-7.9409	70.6443	124.5773	45.3155	42.1792	130.4587	68.442	179.081	282.5407	12.4593	8.1677	12.9542	-5.9494	54.7566	127.09	56.84	80.2695	38.44	15.69	81.5422	120.36	49.14
27.460417	19.375	-0.577778	NA	-7.2661	5.9472	282.1189	1.1126	-8.0216	70.8337	124.6479	45.4455	42.1872	130.5478	68.476	179.0626	282.5086	12.4365	8.1293	12.881	-6.0058	54.7782	127.22	56.90	80.3563	38.44	15.69	81.5020	120.37	49.14
27.585417	19.5	-0.452778	NA	-7.2847	5.9504	282.374	1.0473	-8.0988	70.9962	124.7311	45.5768	42.2056	130.6781	68.5085	179.0409	282.518	12.4635	8.0336	12.83	-6.0049	54.7976	127.35	56.95	80.4494	38.46	15.70	81.4802	120.38	49.15
27.710417	19.625	-0.327778	NA	-7.3075	5.9324	282.6279	0.957	-8.1468	71.0966	124.8481	45.67	42.2588	130.8541	68.5518	178.9833	282.5426	12.4966	7.9294	12.7865	-5.9867	54.8126	127.49	57.01	80.5466	38.49	15.72	81.4586	120.39	49.15
27.835417	19.75	-0.202778	NA	-7.3253	5.9132	282.8889	0.8627	-8.1772	71.1671	125.0085	45.7399	42.3066	131.0227	68.6022	178.9092	282.5845	12.53	7.8862	12.7431	-5.9868	54.8325	127.62	57.07	80.6412	38.55	15.74	81.4444	120.40	49.15
27.960417	19.875	-0.077778	NA	-7.3409	5.894	283.15	0.7739	-8.205	71.2372	125.1785	45.8098	42.3543	131.1758	68.6533	178.8334	282.6263	12.5633	7.8462	12.6996	-5.9869	54.8544	127.76	57.13	80.7348	38.60	15.76	81.4303	120.41	49.16
28.038194	19.952778	0	NA	-7.3506	5.8821	283.3124	0.7186	-8.2223	71.2807	125.2844	45.8533	42.3839	131.2711	68.6852	178.7862	282.6524	12.5841	7.8213	12.6725	-5.987	54.8680	127.84	57.17	80.7931	38.63	15.77	81.4216	120.41	49.16
28.163194	20.077778	0.125	NA	-6.0888	6.4094	287.0775	0.9975	-7.6861	76.9926	133.3515	47.0484	43.9411	135.015	72.1271	178.9272	283.2012	13.0931	8.2106	12.9765	-5.7992	56.1419	129.22	57.79	84.7459	40.48	16.53	81.7682	120.45	49.17
28.288194	20.202778	0.25	NA	-4.6228	6.9372	292.4303	1.2798	-7.1317	82.7045	142.8313	48.2436	46.0433	139.0463	75.94	179.0682	283.75	13.6021	8.7081	13.2804	-5.6115	57.7786	131.29	58.71	89.1348	42.71	17.43	82.1329	120.48	49.18
28.413194	20.327778	0.375	NA	-2.8065	7.5436	298.0382	1.5825	-6.6165	90.0655	153.9667	49.9854	48.0579	145.3796	81.2412	179.2092	284.4908	14.111	9.1652	13.5843	-5.4237	59.5483	133.42	59.67	94.7827	45.73	18.67	82.5228	120.57	49.22
28.538194	20.452778	0.5	NA	-1.617	7.6195	302.6572	1.6014	-6.5332	97.203	160.3329	50.9596	49.7022	150.5092	84.9657	179.3502	284.9982	14.8482	9.3889	14.043	-5.236	60.7456	135.33	60.52	98.9454	47.65	19.45	82.8987	120.57	49.22
28.663194	20.577778	0.625	NA	-0.7026	7.6153	306.3437	1.6151	-6.4912	101.4711	163.8927	51.5332	51.0548	154.8906	87.7718	179.4912	285.2949	15.3618	9.5419	14.3782	-4.8931	61.6761	136.87	61.21	101.7690	48.93	19.98	83.1958	120.53	49.21
28.788194	20.702778	0.75	NA	0.1512	7.609	309.627	1.6237	-6.4589	103.9728	167.4524	51.8885	52.0017	158.4531	89.7232	179.6322	285.4892	15.7434	9.664	14.6896	-4.491	62.5104	138.23	61.82	103.9153	50.23	20.51	83.4546	120.47	49.18
28.913194	20.827778	0.875	NA	0.8429	7.5937	312.9102	1.566	-6.4637	105.7734	171.0121	52.1814	52.8083	161.1408	91.1211	179.7732	285.6643	15.9554	9.7662	15.0026	-4.0837	63.2898	139.63	62.44	105.6728	51.41	20.99	83.6797	120.42	49.16
29.038194	20.952778	1	NA	1.4909	7.5783	315.5052	1.5019	-6.4727	107.0789	173.3934	52.4726	53.4701	163.6275	92.3932	180.008	285.8394	16.1509	9.8924	15.3149	-3.6763	63.9207	140.73	62.94	107.0726	52.28	21.34	83.9216	120.38	49.14
29.163194	21.077778	1.125	NA	2.0341	7.5629	317.6491	1.4344	-6.4905	108.0456	174.5136	52.7537	53.9824	165.5807	93.4532	180.2615	286.0156	16.3364	10.003	15.6108	-3.2481	64.4380	141.64	63.34	108.0549	52.77	21.54	84.1632	120.35	49.13
29.288194	21.202778	1.25	NA	2.4999	7.5482	319.4754	1.4031	-6.517	108.8803	175.4535	52.9868	54.387	167.2885	94.4641	180.4846	286.2038	16.4385	10.0667	15.885	-2.8628	64.8819	142.41	63.69	108.9100	53.19	21.71	84.3693	120.34	49.13
29.413194	21.327778	1.375	NA	2.9677	7.542	321.018	1.3699	-6.5459	109.5921	176.2623	53.2315	54.7331	168.7908	95.3581	180.7216	286.3887	16.5437	10.1463	16.2103	-2.4522	65.2703	143.06	63.98	109.6613	53.55	21.86	84.5931	120.32	49.12
29.538194	21.452778	1.5	NA	3.4526	7.5597	322.3083	1.3316	-6.5616	110.226	176.9444	53.5182	55.0453	170.149	96.1633	180.946	286.6033	16.6298	10.2418	16.6074	-1.9909	65.6181	143.59	64.21	110.3410	53.85	21.99	84.8396	120.30	49.11
29.663194	21.577778	1.625	NA	3.9387	7.5793	323.4286	1.2905	-6.5666	110.843	177.5209	53.7993	55.2858	171.3465	96.9056	181.181	286.8288	16.7149	10.3399	17.0104	-1.5403	65.9341	144.04	64.42	110.9502	54.11	22.09	85.0891	120.28	49.10
29.788194	21.702778	1.75	NA	4.4551	7.6085	324.494	1.2417	-6.5654	111.4532	178.0705	54.0911	55.4853	172.3815	97.6025	181.4533	287.0546	16.7934	10.4281	17.4913	-1.0245	66.2468	144.46	64.60	111.5140	54.34	22.18	85.3660	120.25	49.09
29.913194	21.827778	1.875	NA	4.9975	7.6346	325.5333	1.1928	-6.5554	112.0483	178.63	54.4096	55.7055	173.3433	98.2541	181.7394	287.3044	16.9012	10.5047	18.0101	-0.4186	66.5606	144.87	64.79	112.0651	54.55	22.27	85.6735	120.21	49.08
30.038194	21.952778	2	NA	5.5116	7.6469	326.4659	1.1701	-6.5872	112.5639	179.1695	54.6792	55.9065	174.2057	98.8369	181.9705	287.5577	17.0208	10.5283	18.5223	0.1874	66.8415	145.24	64.95	112.5603	54.75	22.35	85.9645	120.17	49.06
30.163194	22.077778	2.125	NA	6.025	7.6333	327.2708	1.1639	-6.6336	113.0571	179.6319	54.8783	56.1263	174.9678	99.3938	182.1451	287.8067	17.1425	10.537	19.0402	0.7933	67.0919	145.55	65.09	113.0092	54.91	22.42	86.2441	120.12	49.04
30.288194	22.202778	2.25	NA	6.487	7.5749	328.0442	1.1434	-6.6724	113.5572	180.0235	55.0523	56.3887	175.7016	99.9013	182.3063	288.0496	17.2784	10.5823	19.5702	1.422	67.3154	145.86	65.23	113.4374	55.06	22.48	86.5348	120.06	49.01
30.413194	22.327778	2.375	NA	6.8804	7.5166	328.8134	1.0966	-6.7039	114.0168	180.3796	55.2733	56.6301	176.4021	100.3974	182.4893	288.2948	17.4602	10.6282	20.1449	2.1012	67.5206	146.18	65.37	113.8499	55.18	22.53	86.8531	119.99	48.98
30.538194	22.452778	2.5	NA	7.3076	7.5197	329.5606	1.0757	-6.7076	114.4798	180.7718	55.536	56.9282	177.0492	100.8545	182.6721	288.5415	17.6658	10.6767	20.8253	2.8251	67.7512	146.47	65.50	114.2699	55.28	22.57	87.2011	119.89	48.95
30.663194	22.577778	2.625	NA	7.7391	7.5285	330.2572	1.0735	-6.7062	114.9498	181.2189	55.8121	57.2826	177.6431	101.3224	182.8356	288.8091	17.8632	10.7069	21.5935	3.5642	67.9784	146.74	65.62	114.7048	55.37	22.61	87.5621	119.79	48.90
30.788194	22.702778	2.75	NA	8.1706	7.5165	330.9421	1.0907	-6.7027	115.4577	181.6694	56.101	57.6435	178.213	101.7849	182.9726	289.0507	18.0724	10.7271	22.4084	4.3115	68.2034	147.00	65.74	115.1449	55.45	22.64	87.9238	119.67	48.86
30.913194	22.827778	2.875	NA	8.6104	7.5213	331.6499	1.138	-6.7164	115.9308	182.1025	56.3916	58.0336	178.8236	102.2449	183.1095	289.2481	18.298	10.7423	23.2427	5.0798	68.4406	147.27	65.86	115.5878	55.53	22.67	88.2867	119.53	48.80
31.038194	22.952778	3	NA	9.023	7.5086	332.3012	1.1104	-6.7491	116.4016	182.4498	56.677	58.4583	179.4053	102.6846	183.2275	289.4561	18.511	10.7039	24.0927	5.8554	68.6388	147.52	65.97	116.0128	55.58	22.69	88.6411	119.40	48.75
31.163194	23.077778	3.125	NA	9.4305	7.4636	332.8615	1.0082	-6.7848	116.8188	182.7731	56.9597	58.8564	179.895	103.0586	183.3587	289.7046	18.6735	10.685	24.9544	6.6333	68.7958	147.75	66.08	116.3936	55.61	22.70	89.0016	119.29	48.70
31.288194	23.202778	3.25	NA	9.8066	7.4082	333.4077	0.94	-6.7889	117.2461	183.1597	57.2188	59.2044	180.3346	103.4088	183.5038	289.9781	18.8271	10.727	25.8082	7.3806	68.9547	147.97	66.18	116.7621	55.65	22.72	89.3708	119.19	48.66
31.413194	23.327778	3.375	NA	10.1304	7.3677	333.9361	0.8899	-6.8271	117.6729	183.5587	57.4417	59.511	180.7684	103.7404	183.593	290.2138	19.0258	10.7371	26.7229	8.0998	69.0994	148.19	66.27	117.1155	55.72	22.75	89.7321	119.06	48.61
31.538194	23.452778	3.5	NA	10.4436	7.3432	334.4634	0.832	-6.889	118.0878	183.946	57.663	59.814	181.255	104.0582	183.7358	290.4376	19.2246	10.7352	27.7226	8.8075	69.2386	148.41	66.37	117.4707	55.80	22.78	90.1106	118.93	48.55
31.663194	23.577778	3.625	NA	10.7908	7.3616	335.0071	0.761	-6.9177	118.5136	184.3541	57.9158	60.085	181.8176	104.3735	183.9511	290.6775	19.4355	10.7547	28.7546	9.5594	69.4006	148.63	66.47	117.8433	55.90	22.82	90.5221	118.81	48.50
31.788194	23.702778	3.75	NA	11.12	7.401	335.5067	0.6777	-6.9315	118.9341	184.7659	58.1911	60.348	182.324	104.6674	184.1374	290.8977	19.6861	10.7743	29.8793	10.3385	69.5548	148.83	66.56	118.2051	55.99	22.86	90.9522	118.66	48.44
31.913194	23.827778	3.875	NA	11.443	7.4271	336.0192	0.5921	-6.9445	119.3355	185.1775	58.4691	60.5775	182.7838	104.9525	184.307	291.1178	19.9672	10.8051	31.1156	11.0965	69.7074	149.04	66.65	118.5493	56.07	22.89	91.4015	118.49	48.37
32.038194	23.952778	4	NA	11.7659	7.4531	336.5317	0.5064	-6.9575	119.737	185.5892	58.747	60.8071	183.2436	105.2375	184.4751	291.338	20.2484	10.836	32.3519	11.8546	69.8599	149.24	66.74	118.8936	56.16	22.93	91.8507	118.33	48.31
32.163194	24.077778	4.125	NA	12.0888	7.4791	337.0442	0.4208	-6.9705	120.1384	186.0008	59.025	61.0367	183.7034	105.5226	184.6433	291.5582	20.5296	10.8669	33.5883	12.6126	70.0125	149.45	66.84	119.2378	56.24	22.96	92.2998	118.16	48.24
32.288194	24.202778	4.25	NA	12.4117	7.5051	337.5567	0.3351	-6.9834	120.5398	186.4125	59.303	61.2662	184.1631	105.8077	184.8115	291.7783	20.8108	10.8977	34.8246	13.3706	70.1650	149.66	66.93	119.5820	56.32	22.99	92.7489	118.00	48.17
32.413194	24.327778	4.375	NA	12.7346	7.5312	338.0692	0.2495	-6.9964	120.9413	186.8242	59.5809	61.4958	184.6229	106.0927	184.9797	291.9985	21.092	10.9286	36.061	14.1287	70.3176	149.86	67.02	119.9263	56.41	23.03	93.1981	117.84	48.11
32.538194	24.452778	4.5	NA	13.0575	7.5572	338.5817	0.1638	-7.0094	121.3427	187.2358	59.8589	61.7253	185.0827	106.3778	185.1478	292.2186	21.3732	10.9595	37.2973	14.8867	70.4702	150.07	67.11	120.2705	56.49	23.06	93.6472	117.68	48.04
32.663194	24.577778	4.625	NA	13.3804	7.5832	339.0942	0.0782	-7.0224	121.7441	187.6475	60.1368	61.9549	185.5425	106.6628	185.316	292.4388	21.6544	10.9903	38.5336	15.6447	70.6227	150.28	67.21	120.6148	56.57	23.10	94.0963	117.52	47.98
32.788194	24.702778	4.75	NA	13.7033	7.6092	339.6067	-0.0075	-7.0354	122.1456	188.0591	60.4148	62.1845	186.0022	106.9479	185.4842	292.659	21.9355	11.0212	39.77	16.4028	70.7753	150.48	67.30	120.9590	56.66	23.13	94.5455	117.37	47.91
32.913194	24.827778	4.875	NA	14.0262	7.6353	340.1192	-0.0931	-7.0484	122.547	188.4708	60.6927	62.414	186.462	107.2329	185.6524	292.8791	22.2167	11.0521	41.0063	17.1608	70.9278	150.69	67.39	121.3032	56.74	23.16	94.9946	117.21	47.85
33.038194	24.952778	5	NA	14.3491	7.6613	340.6317	-0.1788	-7.0614	122.9484	188.8825	60.9777	62.6436	186.9218	107.518	185.8205	293.0982	22.4979	11.0829	42.2648	17.917	71.0804	150.90	67.48	121.6487	56.82	23.20	95.4469	117.06	47.79
33.163194	25.077778	5.125	NA	14.672	7.6845	341.1639	-0.2426	-7.0749	123.356	189.2337	61.2893	62.7972	187.3291	107.8031	185.9948	293.2901	22.795	11.1615	43.6691	18.6503	71.2406	151.11	67.58	121.9681	56.89	23.23	95.9268	116.88	47.71
33.288194	25.202778	5.25	NA	14.905	7.6903	341.6293	-0.274	-7.1056	123.7159	189.5398	61.6103	62.9354	187.6565	108.0519	186.1687	293.5051	23.1618	11.2557	45.1247	19.3941	71.3690	151.31	67.67	122.2516	56.93	23.24	96.4350	116.69	47.64
33.413194	25.327778	5.375	NA	15.0528	7.6688	342.1191	-0.3457	-7.1585	124.0788	189.8503	61.9148	63.0418	187.9889	108.2409	186.3355	293.7172	23.5098	11.358	46.5959	20.088	71.4673	151.53	67.77	122.5192	56.99	23.26	96.9341	116.51	47.56
33.538194	25.452778	5.5	NA	15.2162	7.6638	342.6491	-0.4577	-7.1973	124.4194	190.1831	62.2011	63.1511	188.3036	108.415	186.5109	293.9395	23.9508	11.4419	48.1158	20.7904	71.5748	151.77	67.87	122.7789	57.05	23.29	97.4582	116.32	47.49
33.663194	25.577778	5.625	NA	15.3759	7.7052	343.1101	-0.5622	-7.2143	124.752	190.4816	62.4482	63.3206	188.6246	108.5858	186.7001	294.1473	24.49	11.4618	49.6854	21.4827	71.6829	151.97	67.96	123.0355	57.10	23.31	97.9945	116.12	47.41
33.788194	25.702778	5.75	NA	15.5304	7.7244	343.5638	-0.6283	-7.2448	124.9973	190.7126	62.6946	63.5013	188.9756	108.7743	186.8861	294.3004	24.9786	11.5022	51.2678	22.1396	71.7891	152.17	68.05	123.2759	57.13	23.32	98.5125	115.92	47.32
33.913194	25.827778	5.875	NA	15.7047	7.7222	344.0654	-0.6272	-7.2813	125.2576	190.9478	62.9314	63.6486	189.3568	108.9954	187.0678	294.5161	25.4739	11.6106	52.9112	22.8081	71.9168	152.38	68.15	123.5229	57.18	23.35	99.0646	115.72	47.24
34.038194	25.952778	6	NA	15.8795	7.7072	344.5187	-0.5833	-7.2984	125.5876	191.2113	63.1449	63.7996	189.765	109.2363	187.2595	294.7906	26.0399	11.7607	54.5642	23.4682	72.0447	152.57	68.23	123.7908	57.25	23.37	99.6472	115.53	47.16
34.163194	26.077778	6.125	NA	16.0624	7.7045	344.9536	-0.5328	-7.3075	125.9346	191.4685	63.3658	63.9918	190.2131	109.498	187.4654	295.0653	26.6138	11.9003	56.2742	24.0604	72.1760	152.74	68.31	124.0786	57.32	23.40	100.2299	115.35	47.09
34.288194	26.202778	6.25	NA	16.2495	7.7339	345.3918	-0.5003	-7.3303	126.3045	191.673	63.6188	64.1093	190.6702	109.729	187.6949	295.3446	27.1687	12.015	57.9652	24.6459	72.3089	152.91	68.39	124.3508	57.39	23.43	100.8057	115.18	47.02
34.413194	26.327778	6.375	NA	16.409	7.7733	345.8308	-0.5028	-7.362	126.6414	191.8412	63.8847	64.1836	191.0886	109.9237	187.9313	295.646	27.7369	12.1694	59.6483	25.2956	72.4297	153.10	68.47	124.5939	57.44	23.45	101.4046	115.02	46.95
34.538194	26.452778	6.5	NA	16.5481	7.7948	346.2827	-0.5171	-7.3776	126.95	192.0263	64.1015	64.2863	191.4943	110.1023	188.1659	295.9547	28.3205	12.3153	61.3592	25.9153	72.5462	153.29	68.55	124.8268	57.51	23.48	102.0052	114.85	46.89
34.663194	26.577778	6.625	NA	16.7359	7.8081	346.7808	-0.5482	-7.3744	127.3057	192.2142	64.314	64.3905	191.9184	110.2701	188.4122	296.2578	28.9345	12.4426	63.0517	26.4911	72.6804	153.49	68.64	125.0688	57.57	23.50	102.5983	114.70	46.83
34.788194	26.702778	6.75	NA	17.0019	7.8106	347.2519	-0.5557	-7.351	127.6871	192.4148	64.5332	64.4941	192.3534	110.4592	188.6649	296.5313	29.6021	12.6108	64.7077	27.0473	72.8315	153.68	68.73	125.3236	57.65	23.53	103.1940	114.53	46.76
34.913194	26.827778	6.875	NA	17.2917	7.8424	347.7262	-0.54	-7.3122	128.0511	192.6386	64.7524	64.6163	192.7926	110.6698	188.9213	296.8647	30.3269	12.774	66.3825	27.5886	73.0016	153.85	68.80	125.5868	57.72	23.57	103.8097	114.38	46.69
35.038194	26.952778	7	NA	17.5421	7.8745	348.2216	-0.5233	-7.2477	128.3671	192.8967	64.9816	64.7606	193.2675	110.8814	189.1927	297.2059	31.0731	12.8852	68.0574	28.1141	73.1734	154.04	68.89	125.8591	57.81	23.60	104.4214	114.24	46.64
35.163194	27.077778	7.125	NA	17.7647	7.9065	348.6861	-0.5429	-7.2068	128.641	193.1485	65.2296	64.8935	193.7878	111.0934	189.4559	297.5432	31.8191	12.9915	69.7565	28.6538	73.3215	154.22	68.97	126.1323	57.90	23.64	105.0367	114.10	46.58
35.288194	27.202778	7.25	NA	17.9409	7.9116	349.0907	-0.558	-7.2332	128.8652	193.3552	65.4721	65.0132	194.2494	111.3129	189.6494	297.8388	32.5525	13.1257	71.4654	29.1692	73.4304	154.39	69.04	126.3780	57.97	23.66	105.6335	113.94	46.52
35.413194	27.327778	7.375	NA	18.045	7.8888	349.5223	-0.5685	-7.225	129.0594	193.4859	65.7129	65.1268	194.5926	111.5257	189.8146	298.0759	33.2994	13.2315	73.1357	29.6063	73.5325	154.57	69.13	126.5839	57.99	23.68	106.1939	113.78	46.45
35.538194	27.452778	7.5	NA	18.1848	7.8772	349.9793	-0.5961	-7.2462	129.2731	193.6138	65.9495	65.2345	194.8935	111.7636	189.9908	298.336	34.0129	13.3081	74.7318	29.9986	73.6398	154.77	69.22	126.7880	58.01	23.68	106.7297	113.64	46.39
35.663194	27.577778	7.625	NA	18.3556	7.8678	350.3817	-0.6175	-7.3462	129.5354	193.7927	66.1924	65.3577	195.1636	111.9772	190.1981	298.6797	34.6649	13.3788	76.2839	30.3838	73.7283	154.95	69.30	127.0032	58.03	23.69	107.2649	113.55	46.36
35.788194	27.702778	7.75	NA	18.4996	7.8599	350.7454	-0.6319	-7.4222	129.8146	193.9813	66.3899	65.4902	195.5468	112.169	190.3996	299.019	35.3477	13.432	77.8352	30.7645	73.8102	155.11	69.37	127.2320	58.09	23.71	107.7997	113.47	46.32
35.913194	27.827778	7.875	NA	18.665	7.8358	351.1447	-0.6552	-7.4442	130.0865	194.1764	66.5358	65.6158	195.9656	112.3494	190.6383	299.3091	36.0479	13.4689	79.3854	31.1426	73.9092	155.29	69.45	127.4549	58.16	23.75	108.3320	113.37	46.28
36.038194	27.952778	8	NA	18.8223	7.8084	351.604	-0.7478	-7.4844	130.3671	194.3691	66.6468	65.7639	196.3506	112.5144	190.9271	299.6501	36.7762	13.5128	80.9676	31.5011	74.0005	155.50	69.54	127.6686	58.24	23.78	108.8892	113.30	46.25
36.163194	28.077778	8.125	NA	18.8998	7.7608	352.0602	-0.8585	-7.5441	130.663	194.5365	66.7341	65.9399	196.7798	112.6849	191.2312	300.0188	37.5414	13.5646	82.5616	31.8645	74.0636	155.72	69.64	127.8897	58.32	23.81	109.4637	113.24	46.23
36.288194	28.202778	8.25	NA	18.9874	7.7102	352.4781	-0.9307	-7.5944	130.9654	194.6407	66.856	66.1471	197.1868	112.8581	191.537	300.376	38.3034	13.6275	84.1555	32.2524	74.1301	155.92	69.73	128.1090	58.36	23.83	110.0420	113.17	46.20
36.413194	28.327778	8.375	NA	19.1391	7.6709	352.8858	-0.9594	-7.6382	131.2949	194.7635	66.9677	66.3627	197.5504	113.028	191.7938	300.7531	39.0841	13.6991	85.7364	32.6605	74.2196	156.10	69.81	128.3279	58.40	23.84	110.6212	113.09	46.17
36.538194	28.452778	8.5	NA	19.2811	7.6492	353.2898	-1.0127	-7.6842	131.6589	194.9112	67.0326	66.5506	197.8928	113.1648	192.0151	301.1618	39.8833	13.8092	87.2903	33.087	74.3046	156.28	69.89	128.5351	58.46	23.87	111.2078	113.01	46.14
36.663194	28.577778	8.625	NA	19.4676	7.656	353.6667	-1.0561	-7.7351	132.0236	195.0504	67.1108	66.7287	198.2641	113.3224	192.2654	301.5812	40.7263	13.9317	88.8807	33.5066	74.3998	156.45	69.96	128.7500	58.52	23.89	111.8153	112.94	46.11
36.788194	28.702778	8.75	NA	19.7128	7.683	354.0166	-1.0463	-7.7979	132.3728	195.1896	67.189	66.9172	198.6373	113.4884	192.5912	301.9964	41.5681	14.0522	90.4993	33.9434	74.5136	156.59	70.03	128.9657	58.58	23.91	112.4418	112.87	46.08
36.913194	28.827778	8.875	NA	19.953	7.7135	354.3652	-1.0332	-7.8475	132.7213	195.3164	67.2718	67.1052	199.0614	113.6088	192.9135	302.4149	42.3358	14.1417	92.0545	34.4072	74.6302	156.72	70.09	129.1808	58.65	23.94	113.0446	112.82	46.06
37.038194	28.952778	9	NA	20.1567	7.7442	354.7258	-1.02	-7.877	133.0698	195.3808	67.3556	67.2351	199.4236	113.7279	193.1746	302.8367	43.0828	14.2039	93.5857	34.8787	74.7459	156.86	70.15	129.3655	58.70	23.97	113.6271	112.78	46.04
37.163194	29.077778	9.125	NA	20.3234	7.7431	355.1025	-1.0394	-7.9075	133.4056	195.4439	67.436	67.3137	199.707	113.8608	193.3965	303.2889	43.8486	14.2838	95.0567	35.3179	74.8444	157.02	70.22	129.5278	58.75	23.98	114.1987	112.74	46.02
37.288194	29.202778	9.25	NA	20.5081	7.76	355.4818	-1.0794	-7.9509	133.7213	195.5667	67.45	67.3864	199.9823	114.0059	193.6266	303.7581	44.6037	14.3742	96.5248	35.7263	74.9439	157.19	70.30	129.6854	58.82	24.01	114.7690	112.71	46.01
37.413194	29.327778	9.375	NA	20.6994	7.8326	355.8432	-1.1203	-7.9917	134.0212	195.6679	67.4829	67.4702	200.2252	114.167	193.8722	304.2131	45.314	14.4664	97.9569	36.1217	75.0526	157.33	70.36	129.8391	58.87	24.03	115.3240	112.69	46.01
37.538194	29.452778	9.5	NA	20.8476	7.8799	356.196	-1.1481	-7.9985	134.3094	195.7642	67.586	67.5976	200.4769	114.2628	194.1099	304.6521	46.0229	14.5609	99.3424	36.5397	75.1554	157.48	70.43	129.9995	58.90	24.05	115.8713	112.67	46.00
37.663194	29.577778	9.625	NA	20.9496	7.8968	356.5581	-1.1641	-8.013	134.5595	195.8382	67.7094	67.7672	200.7289	114.3634	194.3775	305.1089	46.7349	14.6457	100.7279	37.0066	75.2455	157.63	70.50	130.1611	58.92	24.05	116.4336	112.65	45.99
37.788194	29.702778	9.75	NA	21.0607	7.9902	356.9038	-1.1801	-8.0954	134.7704	195.9225	67.7943	67.9606	200.9988	114.4836	194.6793	305.5542	47.3823	14.7204	102.0957	37.4572	75.3358	157.78	70.56	130.3217	58.94	24.06	116.9815	112.64	45.99
37.913194	29.827778	9.875	NA	21.1839	8.1152	357.2351	-1.1626	-8.1812	134.9559	196.0287	67.7867	68.1382	201.268	114.5781	194.9764	305.9858	47.9252	14.8009	103.4534	37.8647	75.4381	157.91	70.62	130.4593	58.99	24.08	117.5011	112.66	45.99
38.038194	29.952778	10	NA	21.2864	8.1596	357.5855	-1.1185	-8.3071	135.1494	196.1526	67.7703	68.2816	201.4548	114.6677	195.2016	306.3384	48.4372	14.8764	104.8089	38.2552	75.5212	158.07	70.69	130.5794	59.03	24.10	117.9863	112.64	45.98
38.163194	30.077778	10.125	NA	21.3961	8.1929	357.9572	-1.1225	-8.395	135.3696	196.314	67.7971	68.3947	201.5822	114.7478	195.3918	306.6463	48.9335	14.9238	106.142	38.6563	75.6057	158.23	70.76	130.7009	59.07	24.11	118.4489	112.61	45.97
38.288194	30.202778	10.25	NA	21.5522	8.2607	358.3645	-1.1296	-8.4423	135.6055	196.4618	67.7874	68.4786	201.7461	114.8337	195.5897	306.9335	49.4291	14.9264	107.4479	39.0696	75.7211	158.40	70.84	130.8188	59.12	24.14	118.8994	112.59	45.96
38.413194	30.327778	10.375	NA	21.7172	8.3496	358.8026	-1.1503	-8.4734	135.8651	196.5711	67.7863	68.5555	201.9564	114.9317	195.8124	307.2744	49.9257	14.909	108.7816	39.4308	75.8491	158.58	70.92	130.9444	59.18	24.16	119.3556	112.60	45.97
38.538194	30.452778	10.5	NA	21.8549	8.4263	359.2221	-1.2266	-8.527	136.1175	196.6775	67.8103	68.6323	202.1391	115.0374	196.0483	307.6249	50.4536	14.8994	110.1336	39.7584	75.9499	158.76	71.00	131.0690	59.22	24.18	119.8197	112.61	45.97
38.663194	30.577778	10.625	NA	21.9994	8.4771	359.6415	-1.3521	-8.5992	136.3388	196.765	67.8137	68.7046	202.3333	115.137	196.3382	307.9563	50.936	14.9206	111.4877	40.0826	76.0333	158.96	71.09	131.1821	59.27	24.20	120.2869	112.63	45.98
38.788194	30.702778	10.75	NA	22.1857	8.5243	360.0991	-1.3893	-8.6433	136.5336	196.8317	67.8378	68.8015	202.5463	115.2365	196.6676	308.3189	51.3472	14.9317	112.8066	40.4049	76.1553	159.15	71.17	131.2979	59.31	24.21	120.7462	112.67	46.00
38.913194	30.827778	10.875	NA	22.38	8.5619	360.63	-1.4214	-8.6607	136.7367	196.8632	67.859	68.9086	202.7512	115.3256	196.997	308.6999	51.7423	14.8792	114.1053	40.7249	76.2980	159.37	71.27	131.4074	59.34	24.23	121.1914	112.74	46.03
39.038194	30.952778	11	NA	22.5803	8.5688	361.0728	-1.4558	-8.6438	136.9459	196.8674	67.8499	68.9769	202.9391	115.3994	197.294	309.0208	52.1383	14.8737	115.3379	41.0109	76.4245	159.55	71.35	131.4964	59.37	24.24	121.6126	112.79	46.05
39.163194	31.077778	11.125	NA	22.7321	8.5599	361.5193	-1.5198	-8.6507	137.1226	196.914	67.8449	69.0366	203.0988	115.4317	197.5714	309.3624	52.5206	14.8915	116.5774	41.2981	76.5282	159.75	71.44	131.5748	59.41	24.25	122.0369	112.83	46.06
39.288194	31.202778	11.25	NA	22.8787	8.5714	361.9997	-1.5662	-8.6746	137.2843	197.0057	67.8918	69.1024	203.2448	115.4647	197.8679	309.7231	52.8926	14.9035	117.8752	41.5768	76.6418	159.96	71.54	131.6656	59.44	24.27	122.4732	112.89	46.09
39.413194	31.327778	11.375	NA	23.0575	8.5902	362.5031	-1.6343	-8.7039	137.4118	197.0421	67.9278	69.1644	203.4541	115.482	198.2241	310.037	53.2573	14.901	119.1926	41.8486	76.7625	160.18	71.63	131.7470	59.48	24.28	122.9101	112.95	46.11
39.538194	31.452778	11.5	NA	23.2344	8.6204	363.0469	-1.6988	-8.7328	137.5533	197.0593	67.8896	69.2081	203.673	115.4455	198.5943	310.2996	53.5653	14.9239	120.5383	42.1225	76.8940	160.42	71.74	131.8048	59.54	24.31	123.3406	113.00	46.13
39.663194	31.577778	11.625	NA	23.4397	8.6381	363.612	-1.7571	-8.7484	137.6887	197.1274	67.8533	69.2325	203.8919	115.4158	198.9364	310.5623	53.8108	14.9057	121.9103	42.416	77.0369	160.66	71.85	131.8683	59.62	24.34	123.7569	113.06	46.16
39.788194	31.702778	11.75	NA	23.6597	8.638	364.1862	-1.8157	-8.7636	137.8254	197.1993	67.8606	69.2599	204.1259	115.4535	199.2507	310.8327	54.0356	14.8507	123.267	42.7429	77.1809	160.90	71.96	131.9541	59.68	24.37	124.1633	113.12	46.18
39.913194	31.827778	11.875	NA	23.8798	8.6831	364.7661	-1.8813	-8.7522	137.968	197.3202	67.8802	69.344	204.3238	115.5344	199.5875	311.0879	54.2968	14.806	124.627	43.1078	77.3391	161.15	72.07	132.0618	59.73	24.39	124.5855	113.17	46.20
40.038194	31.952778	12	NA	24.0978	8.7666	365.3508	-1.9457	-8.7065	138.1045	197.4289	67.8861	69.4387	204.493	115.5577	199.8975	311.3045	54.5619	14.8059	125.9966	43.4719	77.5126	161.38	72.17	132.1515	59.78	24.41	125.0064	113.20	46.21
40.163194	32.077778	12.125	NA	24.267	8.8235	365.9206	-1.9982	-8.7037	138.2426	197.4706	67.8748	69.4979	204.6717	115.5368	200.2257	311.4941	54.778	14.8415	127.3877	43.8121	77.6618	161.62	72.28	132.2157	59.83	24.42	125.4232	113.23	46.22
40.288194	32.202778	12.25	NA	24.4613	8.8621	366.4542	-2.0307	-8.7113	138.3689	197.4994	67.8145	69.586	204.8559	115.6043	200.6489	311.7023	55.0098	14.8746	128.7611	44.1515	77.8071	161.85	72.38	132.2882	59.87	24.44	125.8580	113.27	46.24
40.413194	32.327778	12.375	NA	24.6819	8.8888	366.9691	-2.052	-8.6946	138.4714	197.6056	67.7772	69.7046	205.0408	115.7136	201.111	311.9372	55.2413	14.9026	130.0682	44.496	77.9586	162.05	72.47	132.3855	59.92	24.46	126.2927	113.33	46.27
40.538194	32.452778	12.5	NA	24.8784	8.9593	367.4962	-2.086	-8.6654	138.5725	197.7194	67.7536	69.8005	205.2027	115.7846	201.5406	312.1784	55.4432	14.916	131.3797	44.8406	78.1165	162.27	72.57	132.4722	59.96	24.48	126.7164	113.40	46.30
40.663194	32.577778	12.625	NA	25.0749	9.0249	368.0397	-2.1228	-8.6374	138.6652	197.8031	67.7839	69.8827	205.3831	115.8792	201.9186	312.4152	55.6583	14.921	132.7333	45.1606	78.2759	162.49	72.67	132.5662	60.00	24.49	127.1345	113.47	46.32
40.788194	32.702778	12.75	NA	25.2728	9.0119	368.6006	-2.2086	-8.6202	138.7775	197.8488	67.8447	69.9472	205.5668	115.9807	202.3008	312.6643	55.8422	14.8832	134.0655	45.4743	78.4113	162.73	72.77	132.6610	60.02	24.50	127.5384	113.55	46.36
40.913194	32.827778	12.875	NA	25.5069	9.0111	369.2083	-2.2823	-8.6004	138.9452	197.9132	67.8786	70.0069	205.7505	116.0775	202.7309	312.9163	55.9411	14.862	135.358	45.7919	78.5687	162.99	72.89	132.7620	60.06	24.52	127.9334	113.65	46.40
41.038194	32.952778	13	NA	25.7593	9.0581	369.8163	-2.3394	-8.6484	139.0607	197.9741	67.827	70.0199	205.9304	116.1246	203.1201	313.1279	56.0087	14.8588	136.6184	46.0593	78.7292	163.25	73.01	132.8228	60.13	24.55	128.2989	113.74	46.44
41.163194	33.077778	13.125	NA	25.9658	9.1125	370.4472	-2.45	-8.7601	139.1348	197.9848	67.7875	70.0426	206.1134	116.1156	203.4788	313.3214	56.1095	14.8109	137.8522	46.2696	78.8631	163.53	73.13	132.8631	60.18	24.57	128.6404	113.84	46.47
41.288194	33.202778	13.25	NA	26.1456	9.1886	371.1516	-2.5743	-8.8298	139.2254	197.9481	67.7904	70.0954	206.3241	116.1031	203.9095	313.5348	56.2628	14.7407	139.0694	46.4736	79.0163	163.85	73.28	132.9144	60.21	24.58	128.9985	113.95	46.52
41.413194	33.327778	13.375	NA	26.3263	9.2492	371.887	-2.6626	-8.9184	139.3002	198.0081	67.772	70.1503	206.511	116.1436	204.3908	313.763	56.4343	14.6958	140.2663	46.6896	79.1763	164.18	73.42	132.9809	60.26	24.60	129.3733	114.06	46.57
41.538194	33.452778	13.5	NA	26.5283	9.2599	372.6665	-2.7125	-8.9973	139.3653	198.0651	67.7514	70.2199	206.6265	116.2126	204.8708	313.987	56.6243	14.6599	141.4549	46.9072	79.3490	164.53	73.58	133.0401	60.29	24.61	129.7507	114.17	46.61
41.663194	33.577778	13.625	NA	26.7435	9.2713	373.4961	-2.7601	-9.0994	139.4229	198.1221	67.7627	70.283	206.7322	116.2916	205.3419	314.1729	56.7957	14.6333	142.6349	47.1495	79.5303	164.90	73.74	133.1024	60.31	24.62	130.1214	114.27	46.65
41.788194	33.702778	13.75	NA	26.9245	9.309	374.374	-2.8169	-9.2324	139.5037	198.1789	67.7516	70.3308	206.8362	116.356	205.8131	314.3015	56.9774	14.6293	143.7989	47.4025	79.7116	165.30	73.92	133.1595	60.34	24.63	130.4871	114.34	46.68
41.913194	33.827778	13.875	NA	27.1123	9.3408	375.3091	-2.9104	-9.3662	139.5868	198.2325	67.715	70.3776	206.9348	116.4447	206.2843	314.4047	57.2338	14.633	144.9581	47.649	79.8971	165.72	74.11	133.2152	60.37	24.65	130.8605	114.39	46.70
42.038194	33.952778	14	NA	27.2572	9.3684	376.3073	-3.0233	-9.4705	139.6945	198.2923	67.6906	70.4227	207.0327	116.5276	206.6709	314.5236	57.4668	14.6374	146.121	47.8741	80.0878	166.18	74.32	133.2767	60.40	24.66	131.2156	114.45	46.72
42.163194	34.077778	14.125	NA	27.4328	9.4009	377.3307	-3.0985	-9.5478	139.7421	198.2991	67.6818	70.4679	207.1497	116.5738	207.0639	314.6974	57.605	14.6592	147.2618	48.053	80.3036	166.64	74.52	133.3191	60.42	24.67	131.5567	114.54	46.76
42.288194	34.202778	14.25	NA	27.6159	9.408	378.4121	-3.1266	-9.5923	139.8003	198.3167	67.6743	70.5148	207.2759	116.6485	207.5268	314.9147	57.7176	14.6826	148.329	48.2338	80.5434	167.12	74.74	133.3717	60.44	24.68	131.9007	114.65	46.81
42.413194	34.327778	14.375	NA	27.8633	9.3968	379.57	-3.1929	-9.6043	139.8791	198.3502	67.6674	70.5738	207.4012	116.7558	207.9943	315.085	57.8542	14.6692	149.3291	48.4571	80.8066	167.62	74.96	133.4379	60.47	24.69	132.2315	114.75	46.85
42.538194	34.452778	14.5	NA	28.099	9.4252	380.7278	-3.2849	-9.5799	139.9371	198.3495	67.6646	70.6372	207.5159	116.8835	208.4654	315.1714	57.9954	14.6972	150.3147	48.7015	81.0774	168.13	75.19	133.4980	60.48	24.69	132.5576	114.81	46.87
42.663194	34.577778	14.625	NA	28.2718	9.4937	381.8993	-3.3613	-9.5342	139.9876	198.342	67.6653	70.6876	207.6396	117.0098	208.9107	315.2445	58.1294	14.7494	151.3139	48.9571	81.3539	168.63	75.41	133.5553	60.49	24.69	132.8842	114.86	46.89
42.788194	34.702778	14.75	NA	28.4111	9.5282	383.1359	-3.4194	-9.5153	140.0431	198.3521	67.6533	70.7554	207.7349	117.097	209.3785	315.3577	58.2517	14.8017	152.302	49.1934	81.6281	169.17	75.66	133.6060	60.50	24.70	133.2142	114.93	46.92
42.913194	34.827778	14.875	NA	28.6103	9.5156	384.3796	-3.4717	-9.5449	140.1028	198.3656	67.6331	70.8013	207.8041	117.1679	209.89	315.5425	58.3542	14.853	153.2652	49.3738	81.8978	169.72	75.90	133.6458	60.51	24.70	133.5464	115.04	46.96
43.038194	34.952778	15	NA	28.8147	9.5117	385.6635	-3.4982	-9.5671	140.1479	198.3854	67.6559	70.7936	207.9211	117.2737	210.4594	315.7079	58.4349	14.8789	154.2235	49.5508	82.1849	170.29	76.15	133.6963	60.54	24.71	133.8759	115.16	47.01
43.163194	35.077778	15.125	NA	28.9958	9.5279	386.9819	-3.5012	-9.5625	140.197	198.4522	67.6789	70.7532	208.1118	117.423	211.0485	315.8654	58.5006	14.8824	155.1858	49.7577	82.4884	170.86	76.41	133.7694	60.59	24.74	134.2067	115.28	47.06
43.288194	35.202778	15.25	NA	29.2028	9.559	388.2854	-3.4901	-9.5628	140.2637	198.5509	67.6478	70.7266	208.3208	117.6226	211.5976	316.0685	58.5859	14.9146	156.1571	49.9947	82.7989	171.42	76.66	133.8554	60.67	24.77	134.5531	115.40	47.11
43.413194	35.327778	15.375	NA	29.3943	9.5982	389.4646	-3.5081	-9.5724	140.3165	198.6474	67.6068	70.7119	208.5185	117.8053	212.1701	316.3434	58.72	14.9733	157.0878	50.2843	83.0753	171.93	76.89	133.9344	60.74	24.80	134.9298	115.53	47.16
43.538194	35.452778	15.5	NA	29.5797	9.649	390.5552	-3.5162	-9.5958	140.3859	198.7173	67.5936	70.7729	208.6766	117.9704	212.7853	316.6114	58.9014	14.9914	157.973	50.5683	83.3344	172.40	77.10	134.0195	60.78	24.81	135.3051	115.66	47.22
43.663194	35.577778	15.625	NA	29.828	9.6935	391.5906	-3.4639	-9.6231	140.4778	198.7322	67.5889	70.8433	208.8173	118.1903	213.4512	316.8317	59.0588	15.0148	158.8556	50.8355	83.6050	172.83	77.29	134.1083	60.79	24.82	135.6746	115.79	47.27
43.788194	35.702778	15.75	NA	30.0517	9.71	392.4807	-3.4565	-9.6579	140.5322	198.7588	67.5664	70.9061	208.958	118.3987	214.112	317.0229	59.1698	15.0442	159.7444	51.1045	83.8256	173.21	77.46	134.1867	60.82	24.83	136.0330	115.91	47.32
43.913194	35.827778	15.875	NA	30.2814	9.7199	393.3188	-3.5149	-9.6989	140.5625	198.8236	67.5344	70.9633	209.0673	118.5592	214.7387	317.185	59.236	15.0722	160.6458	51.4182	84.0213	173.58	77.63	134.2517	60.84	24.84	136.3827	116.02	47.37
44.038194	35.952778	16	NA	30.5435	9.7374	394.1601	-3.5943	-9.7165	140.5928	198.8555	67.5025	70.9994	209.1473	118.6941	215.4075	317.3818	59.2953	15.0661	161.492	51.7962	84.2260	173.94	77.79	134.2986	60.86	24.85	136.7398	116.15	47.42
44.163194	36.077778	16.125	NA	30.7837	9.7395	394.9522	-3.6772	-9.6764	140.6273	198.8713	67.4709	70.9956	209.2042	118.7911	216.067	317.6036	59.441	14.9878	162.2488	52.162	84.4244	174.28	77.94	134.3267	60.88	24.86	137.0850	116.28	47.47
44.288194	36.202778	16.25	NA	31.0173	9.7615	395.7097	-3.7778	-9.6782	140.7149	198.8972	67.4393	71.0049	209.312	118.8791	216.6883	317.8675	59.6127	14.9453	163.0012	52.4982	84.6065	174.61	78.09	134.3746	60.92	24.87	137.4355	116.42	47.53
44.413194	36.327778	16.375	NA	31.2443	9.8503	396.4496	-3.8656	-9.6967	140.7963	198.937	67.4078	71.0834	209.5024	118.99	217.3442	318.1179	59.7511	14.905	163.7887	52.8396	84.7964	174.93	78.23	134.4528	60.96	24.89	137.7911	116.56	47.59
44.538194	36.452778	16.5	NA	31.4468	9.9172	397.1846	-3.9065	-9.7458	140.8367	198.9518	67.3762	71.1696	209.6539	119.0723	218.0414	318.3591	59.8659	14.919	164.5888	53.18	84.9793	175.25	78.37	134.5101	60.99	24.90	138.1590	116.70	47.64
44.663194	36.577778	16.625	NA	31.6448	9.9107	397.8923	-3.9282	-9.8038	140.9247	198.9386	67.3171	71.2483	209.7417	119.1552	218.7404	318.5593	59.9501	14.8962	165.3832	53.5402	85.1432	175.56	78.51	134.5543	61.00	24.90	138.5116	116.83	47.70
44.788194	36.702778	16.75	NA	31.8409	9.879	398.5729	-3.9259	-9.7955	141.0327	198.9725	67.2444	71.2762	209.8067	119.2635	219.4325	318.7179	60.0266	14.8979	166.1628	53.9497	85.3143	175.85	78.64	134.5993	61.03	24.92	138.8646	116.94	47.74
44.913194	36.827778	16.875	NA	32.0366	9.8734	399.1959	-3.9488	-9.7675	141.1042	199.0229	67.2156	71.2788	209.8682	119.3491	220.0982	318.8853	60.147	14.9399	166.9361	54.3575	85.4779	176.11	78.76	134.6398	61.06	24.93	139.2273	117.04	47.78
45.038194	36.952778	17	NA	32.2627	9.8901	399.7679	-4.0067	-9.7396	141.1717	198.9862	67.2087	71.2815	209.9126	119.4353	220.7938	319.0677	60.2766	14.9435	167.7248	54.6946	85.6349	176.35	78.87	134.6660	61.06	24.93	139.5835	117.16	47.83
45.163194	37.077778	17.125	NA	32.5272	9.9089	400.3419	-4.0439	-9.7116	141.3022	198.8951	67.1843	71.3201	209.9649	119.4981	221.4914	319.2684	60.3589	14.8795	168.5343	54.9926	85.8045	176.58	78.97	134.6941	61.05	24.92	139.9209	117.32	47.89
45.288194	37.202778	17.25	NA	32.8195	9.9345	400.896	-4.0908	-9.6982	141.4358	198.8274	67.1788	71.3698	210.0195	119.5674	222.2707	319.438	60.4337	14.8251	169.352	55.3045	85.9722	176.81	79.07	134.7331	61.04	24.92	140.2707	117.47	47.96
45.413194	37.327778	17.375	NA	33.0656	9.9651	401.4265	-4.1528	-9.7146	141.4828	198.7871	67.1725	71.4877	210.0715	119.6972	223.0156	319.5933	60.5447	14.7711	170.1586	55.6079	86.1180	177.04	79.17	134.7831	61.02	24.91	140.6152	117.62	48.02
45.538194	37.452778	17.5	NA	33.2979	9.9957	401.9537	-4.1833	-9.7342	141.474	198.7816	67.1454	71.6051	210.1661	119.8506	223.7652	319.7804	60.6705	14.7283	170.9723	55.8732	86.2660	177.26	79.27	134.8371	61.01	24.91	140.9650	117.78	48.08
45.663194	37.577778	17.625	NA	33.5512	10.0387	402.4606	-4.196	-9.7526	141.5173	198.8464	67.1182	71.7174	210.3049	119.954	224.5388	320.0071	60.8148	14.6596	171.8165	56.1519	86.4204	177.46	79.36	134.9097	61.04	24.92	141.3314	117.95	48.15
45.788194	37.702778	17.75	NA	33.8158	10.0613	402.9852	-4.2506	-9.7817	141.5648	198.9334	67.0701	71.8261	210.4277	120.0005	225.3369	320.2202	60.9881	14.5933	172.6268	56.4725	86.5660	177.68	79.46	134.9704	61.07	24.93	141.7063	118.11	48.22
45.913194	37.827778	17.875	NA	34.0982	10.0272	403.4974	-4.3705	-9.8275	141.6645	198.9717	67.01	71.9457	210.5266	120.0702	226.1564	320.3916	61.1587	14.5833	173.384	56.757	86.6850	177.92	79.57	135.0315	61.09	24.94	142.0718	118.26	48.28
46.038194	37.952778	18	NA	34.3793	9.9657	404.0096	-4.4589	-9.8938	141.711	199.0017	66.9551	72.0316	210.6349	120.1531	226.9767	320.5388	61.2947	14.5742	174.1715	56.9628	86.8004	178.15	79.67	135.0812	61.12	24.95	142.4198	118.42	48.34
46.163194	38.077778	18.125	NA	34.67	9.9216	404.5108	-4.525	-9.9666	141.6921	199.0316	66.8805	72.0675	210.7226	120.2281	227.8192	320.6945	61.4052	14.5875	174.9933	57.1411	86.9222	178.38	79.77	135.1037	61.15	24.97	142.7735	118.59	48.41
46.288194	38.202778	18.25	NA	34.9551	9.8867	404.9537	-4.6203	-10.0085	141.6573	199.0653	66.7892	72.0939	210.747	120.3003	228.7258	320.8369	61.5032	14.6037	175.7611	57.3259	87.0333	178.57	79.86	135.1088	61.18	24.97	143.1261	118.76	48.48
46.413194	38.327778	18.375	NA	35.2156	9.8224	405.3691	-4.7043	-10.0145	141.6765	199.0732	66.6978	72.1203	210.7713	120.3315	229.5989	320.9734	61.5959	14.6206	176.4755	57.5136	87.1377	178.76	79.94	135.1118	61.20	24.98	143.4630	118.92	48.55
46.538194	38.452778	18.5	NA	35.4933	9.7386	405.7805	-4.7742	-10.0299	141.761	199.1132	66.5999	72.1462	210.8074	120.3272	230.3979	321.1419	61.7126	14.6536	177.1899	57.6882	87.2417	178.94	80.03	135.1258	61.23	25.00	143.7973	119.08	48.61
46.663194	38.577778	18.625	NA	35.7864	9.6539	406.1998	-4.7954	-10.0412	141.8472	199.2112	66.5321	72.1716	210.8723	120.3411	231.2393	321.3335	61.8589	14.669	177.9427	57.8627	87.3607	179.12	80.11	135.1626	61.28	25.02	144.1510	119.25	48.68
46.788194	38.702778	18.75	NA	36.0185	9.6325	406.6229	-4.789	-10.0233	141.8901	199.2759	66.4778	72.2256	210.9513	120.3949	232.1277	321.5155	62.0136	14.6998	178.7455	58.0747	87.4923	179.29	80.18	135.2026	61.31	25.03	144.5295	119.42	48.75
46.913194	38.827778	18.875	NA	36.2384	9.6557	407.0518	-4.7753	-10.0057	141.9048	199.3157	66.4284	72.3475	211.0689	120.4258	233.0777	321.7047	62.1885	14.6942	179.4989	58.3588	87.6330	179.46	80.26	135.2485	61.34	25.04	144.9205	119.60	48.82
47.038194	38.952778	19	NA	36.4852	9.6194	407.5047	-4.7909	-10.0241	141.9226	199.3255	66.4394	72.4543	211.1788	120.4427	234.065	321.9077	62.3809	14.6505	180.2006	58.624	87.7589	179.65	80.34	135.2939	61.34	25.04	145.3048	119.79	48.90
47.163194	39.077778	19.125	NA	36.7371	9.5759	407.9373	-4.8488	-10.0987	141.9827	199.3183	66.4516	72.4607	211.1939	120.5339	234.9938	322.1072	62.5737	14.645	180.933	58.8493	87.8606	179.85	80.43	135.3235	61.33	25.04	145.6837	119.97	48.98
47.288194	39.202778	19.25	NA	37.0278	9.5818	408.3681	-4.9199	-10.1665	142.0676	199.3093	66.4178	72.4516	211.163	120.6602	235.9187	322.3003	62.748	14.6063	181.6835	59.113	87.9783	180.04	80.52	135.3449	61.33	25.04	146.0616	120.15	49.05
47.413194	39.327778	19.375	NA	37.2504	9.5648	408.7992	-5.0093	-10.2015	142.0986	199.3098	66.3791	72.4667	211.1291	120.735	236.8317	322.4916	62.9185	14.5684	182.4395	59.3867	88.0807	180.23	80.60	135.3530	61.32	25.04	146.4394	120.34	49.13
47.538194	39.452778	19.5	NA	37.4501	9.526	409.2861	-5.1074	-10.2287	142.1494	199.2818	66.3659	72.5067	211.0952	120.7787	237.744	322.7154	63.1145	14.5533	183.1973	59.6344	88.1852	180.45	80.70	135.3630	61.30	25.03	146.8265	120.53	49.20
47.663194	39.577778	19.625	NA	37.648	9.5164	409.8477	-5.1894	-10.2559	142.2854	199.3124	66.3619	72.6168	211.1251	120.8504	238.7377	322.9471	63.2975	14.5961	183.9648	59.8597	88.3134	180.71	80.81	135.4253	61.30	25.02	147.2338	120.72	49.28
47.788194	39.702778	19.75	NA	37.9155	9.504	410.3678	-5.2242	-10.2635	142.4194	199.3743	66.3424	72.6648	211.2141	120.9374	239.8055	323.138	63.4553	14.6718	184.7653	60.1458	88.4599	180.93	80.91	135.4921	61.32	25.04	147.6636	120.91	49.36
47.913194	39.827778	19.875	NA	38.2371	9.4882	410.848	-5.2371	-10.2653	142.5534	199.394	66.3485	72.6791	211.2796	121.0208	240.9092	323.3562	63.6264	14.7313	185.552	60.5105	88.6142	181.12	81.00	135.5459	61.34	25.04	148.1143	121.10	49.44
