days.origin	days.water	days.manure	F07	F08	F09	F10	F11	F12	GW01	GW02	GW03	GW04	GW05	GW06	GWL01	GWL02	GWL03	GWL04	GWo01	GWo02	mean.F	sd.F	se.F	mean.GW	sd.GW	se.GW	mean.GWL	sd.GWL	se.GWL
3.125	-4.960417	-24.913194	NA	1.4698	5.3958	0.5057	2.0054	1.8907	2.3047	4.7055	5.0028	0.9429	3.2125	3.5055	1.0523	26.0581	2.7858	1.0562	2.556	24.7321	2.2535	1.85	0.83	3.2790	1.51	0.62	9.7067	12.18	4.97
3.25	-4.835417	-24.788194	NA	0.2764	2.3958	0.3173	0.2088	0.501	1.8632	1.7055	2.9368	0.6656	1.5386	2.0446	0.1565	23.0581	0.4903	0.4705	0.1572	21.7321	0.7399	0.93	0.42	1.7924	0.74	0.30	7.6774	11.41	4.66
3.375	-4.710417	-24.663194	NA	0.287	0.4008	0.33	0.2174	0.5206	1.9335	0.6201	3.05	0.6913	1.5985	2.1231	0.1627	20.0581	0.5099	0.4877	0.1635	18.7321	0.3512	0.12	0.05	1.6694	0.92	0.38	6.6857	9.85	4.02
3.5	-4.585417	-24.538194	NA	0.2973	0.4157	0.3424	0.2263	0.5399	2.0041	0.6436	3.1622	0.7177	1.6584	2.2021	0.1688	17.0581	0.53	0.5042	0.1703	15.7321	0.3643	0.12	0.05	1.7313	0.95	0.39	5.6939	8.30	3.39
3.625	-4.460417	-24.413194	NA	0.3082	0.4307	0.3546	0.2364	0.5593	2.0756	0.6672	3.2741	0.7441	1.7208	2.2812	0.1749	14.0581	0.5501	0.5208	0.1771	12.7321	0.3778	0.12	0.06	1.7938	0.99	0.40	4.7022	6.75	2.76
3.75	-4.335417	-24.288194	NA	0.3193	0.4457	0.3672	0.2481	0.5791	2.1471	0.6905	3.3869	0.7711	1.7867	2.36	0.1809	11.0581	0.5704	0.538	0.184	9.7321	0.3919	0.13	0.06	1.8570	1.02	0.42	3.7106	5.20	2.12
3.875	-4.210417	-24.163194	NA	0.3303	0.4609	0.3793	0.2605	0.5985	2.2177	0.7131	3.4972	0.7991	1.8521	2.4368	0.1867	8.0581	0.5905	0.5551	0.1914	6.7321	0.4059	0.13	0.06	1.9193	1.05	0.43	2.7190	3.65	1.49
4	-4.085417	-24.038194	NA	0.3412	0.4762	0.3913	0.2728	0.6174	2.288	0.7351	3.6042	0.8295	1.9144	2.5119	0.1927	5.0581	0.6099	0.5718	0.1992	3.7321	0.4198	0.13	0.06	1.9805	1.09	0.44	1.7273	2.12	0.86
4.125	-3.960417	-23.913194	NA	0.3516	0.4919	0.4033	0.2845	0.636	2.3582	0.757	3.7098	0.8617	1.9749	2.5857	0.1988	2.0581	0.6289	0.5882	0.2079	0.7321	0.4335	0.14	0.06	2.0412	1.12	0.46	0.7357	0.69	0.28
4.25	-3.835417	-23.788194	NA	0.3616	0.508	0.4152	0.2953	0.6544	2.4288	0.7797	3.8144	0.8934	2.037	2.6588	0.2049	1.5964	0.6479	0.6047	0.2166	0.3398	0.4469	0.14	0.06	2.1020	1.15	0.47	0.6017	0.52	0.21
4.375	-3.710417	-23.663194	NA	0.3715	0.5243	0.4273	0.305	0.6726	2.4997	0.8041	3.9201	0.9257	2.0986	2.7328	0.211	1.6422	0.6673	0.6213	0.2262	0.3482	0.4601	0.14	0.06	2.1635	1.18	0.48	0.6194	0.54	0.22
4.5	-3.585417	-23.538194	NA	0.3811	0.5409	0.4395	0.3138	0.6908	2.5715	0.8296	4.0258	0.9588	2.159	2.8085	0.2173	1.6876	0.6872	0.6377	0.2361	0.3557	0.4732	0.15	0.07	2.2255	1.20	0.49	0.6369	0.55	0.23
4.625	-3.460417	-23.413194	NA	0.3902	0.5573	0.4516	0.3217	0.7088	2.644	0.8552	4.1298	0.9927	2.2208	2.8842	0.2236	1.7324	0.7069	0.6539	0.2453	0.3623	0.4859	0.15	0.07	2.2878	1.23	0.50	0.6541	0.57	0.23
4.75	-3.335417	-23.288194	NA	0.3991	0.5737	0.4637	0.329	0.7272	2.7162	0.8807	4.2332	1.0279	2.2826	2.9584	0.2298	1.7762	0.7258	0.6701	0.2542	0.3704	0.4985	0.16	0.07	2.3498	1.26	0.52	0.6711	0.58	0.24
4.875	-3.210417	-23.163194	NA	0.408	0.5901	0.4757	0.3359	0.7455	2.7878	0.9056	4.3357	1.064	2.3425	3.0305	0.2359	1.8191	0.7438	0.6864	0.2634	0.3785	0.5110	0.16	0.07	2.4110	1.29	0.53	0.6878	0.59	0.24
5	-3.085417	-23.038194	NA	0.4169	0.6068	0.4875	0.3431	0.7637	2.8587	0.9303	4.437	1.1003	2.4018	3.1002	0.2418	1.8611	0.7613	0.7024	0.2728	0.3845	0.5236	0.17	0.07	2.4714	1.32	0.54	0.7040	0.61	0.25
5.125	-2.960417	-22.913194	NA	0.4254	0.6238	0.4993	0.3505	0.7818	2.9291	0.9553	4.5376	1.1367	2.461	3.1683	0.248	1.9025	0.7783	0.7183	0.2822	0.3901	0.5362	0.17	0.08	2.5313	1.34	0.55	0.7199	0.62	0.25
5.25	-2.835417	-22.788194	NA	0.4334	0.6412	0.5111	0.3579	0.7998	2.9996	0.9815	4.6386	1.1741	2.5199	3.2363	0.2544	1.9434	0.7954	0.7341	0.2916	0.3957	0.5487	0.18	0.08	2.5917	1.37	0.56	0.7358	0.63	0.26
5.375	-2.710417	-22.663194	NA	0.4413	0.659	0.5228	0.3651	0.818	3.0707	1.0092	4.7399	1.2129	2.5796	3.305	0.2609	1.9839	0.8127	0.75	0.3015	0.4012	0.5612	0.18	0.08	2.6529	1.40	0.57	0.7517	0.65	0.26
5.5	-2.585417	-22.538194	NA	0.449	0.6769	0.5345	0.3723	0.8366	3.1421	1.0373	4.8408	1.2529	2.6416	3.3743	0.2673	2.024	0.8296	0.7662	0.3114	0.4064	0.5739	0.19	0.08	2.7148	1.42	0.58	0.7675	0.66	0.27
5.625	-2.460417	-22.413194	NA	0.4565	0.695	0.5464	0.3798	0.8549	3.2133	1.0657	4.942	1.2941	2.7061	3.4443	0.2739	2.0631	0.8465	0.7828	0.3216	0.4118	0.5865	0.19	0.09	2.7776	1.45	0.59	0.7833	0.67	0.27
5.75	-2.335417	-22.288194	NA	0.4641	0.7134	0.5586	0.3893	0.873	3.2848	1.0944	5.0431	1.3368	2.7717	3.5145	0.2803	2.1014	0.863	0.7997	0.3323	0.417	0.5997	0.19	0.09	2.8409	1.47	0.60	0.7989	0.68	0.28
5.875	-2.210417	-22.163194	NA	0.4712	0.7319	0.5707	0.4007	0.8908	3.3556	1.1227	5.143	1.3802	2.8358	3.5844	0.2868	2.139	0.879	0.8165	0.3435	0.4221	0.6131	0.20	0.09	2.9036	1.50	0.61	0.8145	0.69	0.28
6	-2.085417	-22.038194	NA	0.478	0.7504	0.5826	0.4125	0.9083	3.4255	1.1505	5.2411	1.4246	2.8971	3.6532	0.2934	2.1755	0.8945	0.8332	0.355	0.4269	0.6264	0.20	0.09	2.9653	1.52	0.62	0.8297	0.71	0.29
6.125	-1.960417	-21.913194	NA	0.4845	0.7692	0.5944	0.4242	0.9256	3.4952	1.1788	5.3387	1.4705	2.956	3.7216	0.2999	2.2118	0.9096	0.8498	0.3666	0.4311	0.6396	0.21	0.09	3.0268	1.54	0.63	0.8448	0.72	0.29
6.25	-1.835417	-21.788194	NA	0.4909	0.7884	0.6061	0.4355	0.9431	3.565	1.2081	5.4367	1.518	3.0143	3.7904	0.306	2.2477	0.925	0.8664	0.3785	0.4356	0.6528	0.21	0.09	3.0888	1.56	0.64	0.8599	0.73	0.30
6.375	-1.710417	-21.663194	NA	0.4971	0.8074	0.6178	0.4467	0.9607	3.6355	1.2387	5.5356	1.5672	3.0728	3.859	0.3119	2.2831	0.9403	0.883	0.3902	0.4401	0.6659	0.22	0.10	3.1515	1.59	0.65	0.8748	0.74	0.30
6.5	-1.585417	-21.538194	NA	0.5032	0.8267	0.6296	0.4578	0.9783	3.7081	1.2703	5.6348	1.6178	3.1321	3.9267	0.3179	2.3181	0.9559	0.8996	0.4018	0.4448	0.6791	0.22	0.10	3.2150	1.61	0.66	0.8897	0.75	0.31
6.625	-1.460417	-21.413194	NA	0.5094	0.846	0.6415	0.4688	0.9957	3.7818	1.3026	5.734	1.6694	3.1932	3.9946	0.3242	2.3529	0.972	0.9161	0.4134	0.4496	0.6923	0.22	0.10	3.2793	1.63	0.67	0.9047	0.76	0.31
6.75	-1.335417	-21.288194	NA	0.5159	0.8664	0.6535	0.48	1.0133	3.8552	1.3351	5.8335	1.7213	3.2569	4.0629	0.3308	2.3866	0.9879	0.9327	0.4246	0.4542	0.7058	0.23	0.10	3.3441	1.65	0.67	0.9195	0.77	0.31
6.875	-1.210417	-21.163194	NA	0.5223	0.8864	0.6656	0.4908	1.0312	3.9279	1.3674	5.9327	1.7734	3.3201	4.1293	0.3375	2.4199	1.0039	0.949	0.4353	0.4589	0.7193	0.23	0.10	3.4085	1.67	0.68	0.9341	0.78	0.32
7	-1.085417	-21.038194	NA	0.5284	0.9047	0.6777	0.5016	1.0489	4.0006	1.3995	6.0315	1.8257	3.3811	4.193	0.344	2.4535	1.0197	0.9652	0.4458	0.4638	0.7323	0.24	0.11	3.4719	1.69	0.69	0.9487	0.79	0.32
7.125	-0.960417	-20.913194	NA	0.5343	0.9231	0.6896	0.5117	1.0666	4.0735	1.4321	6.1294	1.8779	3.4409	4.2554	0.3506	2.4865	1.0352	0.9813	0.4562	0.4688	0.7451	0.24	0.11	3.5349	1.72	0.70	0.9631	0.80	0.33
7.25	-0.835417	-20.788194	NA	0.5401	0.9417	0.7008	0.5217	1.0843	4.1469	1.4659	6.2276	1.9302	3.5002	4.3168	0.3572	2.5186	1.0504	0.9971	0.4668	0.4739	0.7577	0.25	0.11	3.5979	1.74	0.71	0.9773	0.81	0.33
7.375	-0.710417	-20.663194	NA	0.5462	0.9607	0.7115	0.5317	1.102	4.2216	1.5016	6.327	1.9829	3.5593	4.3781	0.3635	2.5506	1.0661	1.012	0.4776	0.479	0.7704	0.25	0.11	3.6618	1.76	0.72	0.9915	0.82	0.33
7.5	-0.585417	-20.538194	NA	0.5526	0.9798	0.7221	0.5421	1.1202	4.2982	1.539	6.4273	2.0364	3.6182	4.4399	0.3699	2.5824	1.0824	1.0268	0.4884	0.4844	0.7834	0.26	0.12	3.7265	1.78	0.73	1.0057	0.83	0.34
7.625	-0.460417	-20.413194	NA	0.5593	0.999	0.7337	0.5529	1.1387	4.3773	1.5776	6.5279	2.0919	3.6779	4.5005	0.3768	2.6139	1.0979	1.0425	0.4996	0.4901	0.7967	0.26	0.12	3.7922	1.80	0.73	1.0201	0.84	0.34
7.75	-0.335417	-20.288194	NA	0.5661	1.0167	0.7462	0.563	1.1569	4.4592	1.617	6.6269	2.1484	3.7369	4.56	0.3842	2.6439	1.1133	1.0591	0.51	0.4945	0.8098	0.27	0.12	3.8581	1.82	0.74	1.0342	0.85	0.35
7.875	-0.210417	-20.163194	NA	0.5725	1.0341	0.7585	0.5732	1.175	4.5425	1.6634	6.7247	2.204	3.7954	4.6193	0.3915	2.6728	1.1282	1.0759	0.52	0.4985	0.8227	0.27	0.12	3.9249	1.83	0.75	1.0478	0.86	0.35
8	-0.085417	-20.038194	NA	0.5781	1.0528	0.7789	0.5841	1.1928	4.6214	1.7279	6.8222	2.2574	3.854	4.6785	0.4019	2.7022	1.1432	1.093	0.5304	0.5034	0.8373	0.28	0.12	3.9936	1.85	0.75	1.0623	0.86	0.35
8.085417	0	-19.952778	NA	0.582	1.0655	0.8022	0.5916	1.205	4.6695	1.7725	6.8888	2.2927	3.8941	4.719	0.4148	2.7225	1.1536	1.105	0.5375	0.5069	0.8493	0.28	0.13	4.0394	1.85	0.76	1.0734	0.87	0.35
8.210417	0.125	-19.827778	NA	0.5897	1.0818	0.8442	0.6026	1.2158	4.7432	1.8824	7.011	2.3447	3.9861	4.7833	0.443	2.7824	1.1654	1.1252	0.5444	0.5135	0.8668	0.28	0.13	4.1251	1.86	0.76	1.0957	0.89	0.36
8.335417	0.25	-19.702778	NA	0.5994	1.1029	0.8872	0.614	1.2234	4.828	2.0102	7.1437	2.3979	4.1066	4.8664	0.4733	2.8472	1.1764	1.1467	0.5506	0.5211	0.8854	0.28	0.13	4.2255	1.87	0.76	1.1192	0.90	0.37
8.460417	0.375	-19.577778	NA	0.6114	1.1383	0.9356	0.6266	1.2296	4.9226	2.1451	7.2953	2.4543	4.2757	4.9941	0.509	2.9407	1.1855	1.1685	0.5552	0.5332	0.9083	0.28	0.13	4.3479	1.89	0.77	1.1487	0.93	0.38
8.585417	0.5	-19.452778	NA	0.6239	1.1829	0.9868	0.6391	1.2371	5.0269	2.2795	7.4392	2.5149	4.4688	5.1598	0.547	3.0335	1.1955	1.1893	0.5609	0.5478	0.9340	0.29	0.13	4.4815	1.91	0.78	1.1790	0.96	0.39
8.710417	0.625	-19.327778	NA	0.6353	1.2197	1.0358	0.649	1.2449	5.1335	2.4004	7.5634	2.576	4.6612	5.3342	0.5822	3.1157	1.2053	1.2082	0.5661	0.5606	0.9569	0.30	0.13	4.6114	1.93	0.79	1.2064	0.99	0.40
8.835417	0.75	-19.202778	NA	0.6446	1.2471	1.0823	0.6571	1.252	5.2378	2.499	7.6716	2.6334	4.8385	5.4957	0.6135	3.1837	1.2138	1.2217	0.5702	0.5703	0.9766	0.31	0.14	4.7293	1.94	0.79	1.2289	1.01	0.41
8.960417	0.875	-19.077778	NA	0.6518	1.2704	1.1265	0.6641	1.2582	5.3337	2.5782	7.773	2.685	5.0012	5.6345	0.6408	3.2499	1.2224	1.2343	0.574	0.5795	0.9942	0.31	0.14	4.8343	1.96	0.80	1.2501	1.03	0.42
9.085417	1	-18.952778	NA	0.6579	1.2861	1.1697	0.6694	1.2634	5.4178	2.6446	7.8592	2.7323	5.1577	5.7617	0.6642	3.3056	1.231	1.247	0.5773	0.5859	1.0093	0.32	0.14	4.9289	1.98	0.81	1.2685	1.05	0.43
9.210417	1.125	-18.827778	NA	0.6635	1.3003	1.2124	0.6742	1.2677	5.4925	2.7033	7.9397	2.7759	5.3121	5.8791	0.6846	3.359	1.2395	1.2596	0.5805	0.5922	1.0236	0.33	0.15	5.0171	2.00	0.82	1.2859	1.06	0.43
9.335417	1.25	-18.702778	NA	0.6685	1.3145	1.2554	0.6787	1.2718	5.5616	2.7595	8.0159	2.8174	5.4645	5.9849	0.7025	3.4129	1.2481	1.2723	0.5832	0.5994	1.0378	0.33	0.15	5.1006	2.02	0.82	1.3031	1.08	0.44
9.460417	1.375	-18.577778	NA	0.6731	1.3295	1.3001	0.6835	1.2761	5.6278	2.8157	8.0891	2.8577	5.6144	6.0864	0.7197	3.4663	1.2567	1.2849	0.586	0.6079	1.0525	0.34	0.15	5.1818	2.03	0.83	1.3202	1.10	0.45
9.585417	1.5	-18.452778	NA	0.6778	1.3449	1.346	0.6889	1.2804	5.6916	2.87	8.1595	2.8968	5.7623	6.1853	0.7355	3.5154	1.2652	1.2975	0.5891	0.6171	1.0676	0.35	0.16	5.2609	2.05	0.84	1.3366	1.11	0.45
9.710417	1.625	-18.327778	NA	0.6824	1.3599	1.3912	0.6943	1.2843	5.7542	2.9203	8.2266	2.9344	5.9078	6.2808	0.7501	3.5583	1.2738	1.3102	0.5923	0.6256	1.0824	0.36	0.16	5.3373	2.07	0.84	1.3517	1.13	0.46
9.835417	1.75	-18.202778	NA	0.6866	1.3732	1.4362	0.6988	1.2878	5.8146	2.9652	8.2878	2.9698	6.0468	6.3711	0.7633	3.5944	1.2824	1.3228	0.5946	0.6322	1.0965	0.37	0.17	5.4092	2.08	0.85	1.3649	1.14	0.46
9.960417	1.875	-18.077778	NA	0.6902	1.3849	1.4793	0.7023	1.2911	5.8714	3.0046	8.3427	3.0032	6.1773	6.4548	0.7752	3.626	1.2909	1.3354	0.5966	0.6369	1.1096	0.38	0.17	5.4757	2.10	0.86	1.3768	1.15	0.47
10.085417	2	-17.952778	NA	0.6932	1.3955	1.5206	0.705	1.2944	5.9253	3.0417	8.3943	3.0351	6.3008	6.5333	0.788	3.6561	1.2995	1.3481	0.5989	0.6412	1.1217	0.39	0.18	5.5384	2.12	0.86	1.3886	1.16	0.47
10.210417	2.125	-17.827778	NA	0.6961	1.4065	1.562	0.7073	1.2977	5.9776	3.0808	8.4452	3.0657	6.4195	6.6102	0.8019	3.6868	1.3079	1.3607	0.6011	0.6457	1.1339	0.41	0.18	5.5998	2.13	0.87	1.4007	1.17	0.48
10.335417	2.25	-17.702778	NA	0.6988	1.4197	1.604	0.7098	1.3011	6.0303	3.1237	8.4972	3.0963	6.5358	6.6895	0.8145	3.7183	1.316	1.3688	0.6032	0.6512	1.1467	0.42	0.19	5.6621	2.15	0.88	1.4120	1.18	0.48
10.460417	2.375	-17.577778	NA	0.7018	1.4356	1.647	0.7125	1.3046	6.0848	3.1673	8.5492	3.1268	6.6533	6.7725	0.8264	3.7484	1.324	1.376	0.6058	0.6583	1.1603	0.43	0.19	5.7256	2.16	0.88	1.4232	1.19	0.48
10.585417	2.5	-17.452778	NA	0.7053	1.4524	1.6901	0.7152	1.3083	6.1392	3.2076	8.5995	3.1578	6.7735	6.8572	0.8376	3.7748	1.332	1.3828	0.6091	0.6658	1.1743	0.44	0.20	5.7891	2.18	0.89	1.4337	1.19	0.49
10.710417	2.625	-17.327778	NA	0.7088	1.4677	1.7301	0.7177	1.3118	6.192	3.2436	8.6478	3.1888	6.8941	6.9398	0.8477	3.7972	1.3401	1.3893	0.6123	0.6723	1.1872	0.46	0.20	5.8510	2.20	0.90	1.4431	1.20	0.49
10.835417	2.75	-17.202778	NA	0.712	1.481	1.77	0.72	1.315	6.2438	3.2762	8.6908	3.2192	7.0106	7.0171	0.8567	3.8163	1.3469	1.3957	0.6151	0.6776	1.1996	0.47	0.21	5.9096	2.21	0.90	1.4514	1.20	0.49
10.960417	2.875	-17.077778	NA	0.7154	1.4924	1.8068	0.722	1.318	6.2944	3.3067	8.7307	3.2487	7.1214	7.0887	0.8647	3.8336	1.3529	1.4017	0.6175	0.6816	1.2109	0.48	0.22	5.9651	2.23	0.91	1.4587	1.21	0.49
11.085417	3	-16.952778	NA	0.7185	1.5028	1.8431	0.724	1.3209	6.3427	3.3379	8.7698	3.2777	7.2294	7.1561	0.8725	3.8512	1.359	1.4072	0.6197	0.6857	1.2219	0.49	0.22	6.0189	2.24	0.92	1.4659	1.22	0.50
11.210417	3.125	-16.827778	NA	0.7212	1.514	1.8806	0.7262	1.3241	6.3893	3.3727	8.8101	3.3064	7.3354	7.2233	0.8804	3.8703	1.3652	1.4126	0.6216	0.6897	1.2332	0.51	0.23	6.0729	2.26	0.92	1.4733	1.22	0.50
11.335417	3.25	-16.702778	NA	0.7238	1.5268	1.9201	0.7289	1.3277	6.4365	3.411	8.8539	3.3352	7.4413	7.2949	0.8883	3.8923	1.3719	1.4181	0.6233	0.6943	1.2455	0.52	0.23	6.1288	2.27	0.93	1.4814	1.23	0.50
11.460417	3.375	-16.577778	NA	0.7267	1.5414	1.9592	0.7318	1.3313	6.4862	3.4497	8.8988	3.3642	7.5485	7.3723	0.8963	3.915	1.3791	1.4235	0.6253	0.6999	1.2581	0.53	0.24	6.1866	2.29	0.93	1.4898	1.23	0.50
11.585417	3.5	-16.452778	NA	0.7296	1.5568	1.997	0.7346	1.3347	6.5372	3.4847	8.9424	3.3929	7.6578	7.4529	0.9049	3.9363	1.3862	1.4285	0.628	0.7057	1.2705	0.55	0.24	6.2447	2.31	0.94	1.4983	1.24	0.51
11.710417	3.625	-16.327778	NA	0.7324	1.5713	2.0329	0.7372	1.338	6.5879	3.5164	8.9833	3.4214	7.7655	7.5329	0.9138	3.956	1.3927	1.4337	0.6309	0.7107	1.2824	0.56	0.25	6.3012	2.32	0.95	1.5063	1.25	0.51
11.835417	3.75	-16.202778	NA	0.735	1.5838	2.0654	0.7393	1.3407	6.6387	3.546	9.0204	3.4497	7.8663	7.6087	0.922	3.9725	1.3986	1.4387	0.6331	0.7148	1.2928	0.57	0.26	6.3550	2.34	0.96	1.5133	1.25	0.51
11.960417	3.875	-16.077778	NA	0.7372	1.5949	2.0945	0.7411	1.343	6.6895	3.5743	9.0548	3.4776	7.9609	7.6794	0.9288	3.9861	1.4041	1.4433	0.6349	0.7183	1.3021	0.58	0.26	6.4061	2.35	0.96	1.5192	1.26	0.51
12.085417	4	-15.952778	NA	0.7393	1.605	2.1223	0.743	1.3462	6.739	3.6028	9.0884	3.5053	8.0495	7.7463	0.9352	3.9998	1.4096	1.4476	0.6368	0.7216	1.3112	0.59	0.26	6.4552	2.37	0.97	1.5251	1.26	0.51
12.210417	4.125	-15.827778	NA	0.7412	1.6152	2.1507	0.7451	1.3501	6.7874	3.6327	9.1228	3.5326	8.135	7.8124	0.9419	4.0156	1.415	1.452	0.6388	0.7249	1.3205	0.60	0.27	6.5038	2.38	0.97	1.5314	1.26	0.52
12.335417	4.25	-15.702778	NA	0.743	1.6267	2.1794	0.7472	1.3541	6.8367	3.6648	9.1598	3.5595	8.2201	7.8815	0.9485	4.0336	1.4205	1.4563	0.641	0.7285	1.3301	0.61	0.27	6.5537	2.40	0.98	1.5381	1.27	0.52
12.460417	4.375	-15.577778	NA	0.745	1.6399	2.2093	0.7494	1.3582	6.8887	3.6974	9.1983	3.5863	8.3049	7.9563	0.9552	4.052	1.4258	1.4605	0.6435	0.7326	1.3404	0.62	0.28	6.6053	2.41	0.98	1.5449	1.27	0.52
12.585417	4.5	-15.452778	NA	0.7474	1.6535	2.239	0.7516	1.362	6.9421	3.7283	9.2367	3.613	8.3888	8.0358	0.9615	4.069	1.4311	1.4651	0.6462	0.7375	1.3507	0.63	0.28	6.6574	2.43	0.99	1.5517	1.28	0.52
12.710417	4.625	-15.327778	NA	0.7494	1.6661	2.2673	0.7535	1.3654	6.9948	3.7575	9.2731	3.6389	8.4709	8.1156	0.9673	4.084	1.4361	1.4696	0.6491	0.7425	1.3603	0.64	0.29	6.7085	2.44	1.00	1.5581	1.28	0.52
12.835417	4.75	-15.202778	NA	0.7512	1.6775	2.2938	0.755	1.3685	7.0479	3.7849	9.3067	3.6642	8.5504	8.1913	0.9734	4.097	1.441	1.4739	0.6519	0.7466	1.3692	0.65	0.29	6.7576	2.46	1.00	1.5640	1.29	0.53
12.960417	4.875	-15.077778	NA	0.7528	1.6874	2.3188	0.7564	1.3725	7.0995	3.8109	9.3382	3.6889	8.6273	8.2617	0.9791	4.1094	1.4461	1.4782	0.6544	0.75	1.3776	0.66	0.30	6.8044	2.47	1.01	1.5695	1.29	0.53
13.085417	5	-14.952778	NA	0.7543	1.696	2.3421	0.7577	1.3769	7.1474	3.8361	9.3679	3.7133	8.7019	8.3283	0.9843	4.1224	1.4513	1.4822	0.657	0.7528	1.3854	0.67	0.30	6.8491	2.49	1.02	1.5750	1.29	0.53
13.210417	5.125	-14.827778	NA	0.7558	1.7042	2.3642	0.7594	1.3808	7.1931	3.8626	9.3973	3.7377	8.7753	8.393	0.9898	4.1365	1.4563	1.4858	0.6598	0.7557	1.3929	0.68	0.30	6.8932	2.50	1.02	1.5806	1.30	0.53
13.335417	5.25	-14.702778	NA	0.7576	1.713	2.3858	0.7615	1.3844	7.2382	3.8908	9.4282	3.7613	8.8506	8.4585	0.9957	4.1514	1.4614	1.4894	0.6625	0.759	1.4005	0.69	0.31	6.9379	2.52	1.03	1.5866	1.30	0.53
13.460417	5.375	-14.577778	NA	0.7596	1.7231	2.4074	0.7634	1.3881	7.2851	3.9194	9.4604	3.7845	8.9295	8.5272	1.0019	4.1666	1.4665	1.4938	0.6651	0.7624	1.4083	0.70	0.31	6.9844	2.53	1.03	1.5927	1.31	0.53
13.585417	5.5	-14.452778	NA	0.7615	1.7343	2.4298	0.7655	1.3919	7.3344	3.948	9.4931	3.8076	9.0109	8.5994	1.0079	4.1816	1.4715	1.4983	0.6676	0.7663	1.4166	0.70	0.31	7.0322	2.55	1.04	1.5989	1.31	0.54
13.710417	5.625	-14.327778	NA	0.7632	1.7454	2.4515	0.7677	1.3956	7.3833	3.9753	9.5253	3.8308	9.0932	8.6747	1.0133	4.1956	1.4764	1.502	0.6705	0.7704	1.4247	0.71	0.32	7.0804	2.56	1.05	1.6047	1.32	0.54
13.835417	5.75	-14.202778	NA	0.7648	1.7551	2.4732	0.7701	1.3992	7.431	4.0007	9.5567	3.8542	9.1747	8.7496	1.0185	4.208	1.4813	1.5057	0.6735	0.7745	1.4325	0.72	0.32	7.1278	2.58	1.05	1.6102	1.32	0.54
13.960417	5.875	-14.077778	NA	0.7666	1.7635	2.4964	0.7725	1.4029	7.4781	4.0248	9.5864	3.8772	9.2539	8.8197	1.0234	4.2197	1.4861	1.5097	0.6761	0.7783	1.4404	0.73	0.33	7.1734	2.60	1.06	1.6156	1.32	0.54
14.085417	6	-13.952778	NA	0.768	1.7713	2.5185	0.775	1.4065	7.5223	4.0493	9.6153	3.8983	9.3295	8.8883	1.0293	4.2313	1.4907	1.5137	0.6781	0.7817	1.4479	0.74	0.33	7.2172	2.61	1.07	1.6208	1.33	0.54
14.210417	6.125	-13.827778	NA	0.7692	1.7788	2.54	0.7775	1.41	7.5659	4.0738	9.6441	3.9196	9.4037	8.957	1.0352	4.2429	1.4952	1.5177	0.6801	0.7852	1.4551	0.74	0.33	7.2607	2.63	1.07	1.6260	1.33	0.54
14.335417	6.25	-13.702778	NA	0.7703	1.7865	2.5605	0.7798	1.413	7.6073	4.0982	9.6731	3.9416	9.4766	9.0227	1.0417	4.2549	1.5004	1.5214	0.6832	0.7885	1.4620	0.75	0.34	7.3033	2.64	1.08	1.6317	1.33	0.54
14.460417	6.375	-13.577778	NA	0.7718	1.7948	2.5824	0.7817	1.4158	7.65	4.123	9.7032	3.9652	9.5507	9.0899	1.0475	4.2681	1.5062	1.5249	0.6878	0.792	1.4693	0.76	0.34	7.3470	2.66	1.09	1.6378	1.34	0.55
14.585417	6.5	-13.452778	NA	0.7735	1.8037	2.6052	0.7838	1.4193	7.695	4.1479	9.7341	3.9898	9.6271	9.1614	1.0531	4.2823	1.5117	1.5287	0.6919	0.7965	1.4771	0.77	0.34	7.3925	2.68	1.09	1.6440	1.34	0.55
14.710417	6.625	-13.327778	NA	0.7754	1.8128	2.6278	0.7861	1.4227	7.742	4.1721	9.7647	4.0156	9.7043	9.2368	1.0593	4.2956	1.5163	1.5337	0.6954	0.8017	1.4850	0.78	0.35	7.4393	2.69	1.10	1.6503	1.34	0.55
14.835417	6.75	-13.202778	NA	0.7774	1.821	2.6494	0.7888	1.4256	7.7885	4.1952	9.7934	4.042	9.7792	9.3116	1.0652	4.3068	1.5203	1.5385	0.6987	0.8064	1.4924	0.78	0.35	7.4850	2.71	1.11	1.6560	1.35	0.55
14.960417	6.875	-13.077778	NA	0.7792	1.8282	2.6705	0.7913	1.4286	7.8345	4.2181	9.8197	4.0682	9.8486	9.3813	1.0702	4.3167	1.5243	1.543	0.702	0.8106	1.4996	0.79	0.35	7.5284	2.72	1.11	1.6611	1.35	0.55
15.085417	7	-12.952778	NA	0.7808	1.8346	2.6899	0.7933	1.4325	7.8781	4.2408	9.8438	4.0938	9.9134	9.4461	1.0749	4.3257	1.5283	1.5463	0.7055	0.8145	1.5062	0.80	0.36	7.5693	2.74	1.12	1.6659	1.35	0.55
15.210417	7.125	-12.827778	NA	0.7823	1.8406	2.7073	0.7951	1.4368	7.9199	4.263	9.8671	4.1183	9.9765	9.5076	1.0793	4.3347	1.5325	1.5497	0.7091	0.8183	1.5124	0.80	0.36	7.6087	2.75	1.12	1.6706	1.35	0.55
15.335417	7.25	-12.702778	NA	0.7836	1.8466	2.7241	0.7967	1.4401	7.9603	4.2866	9.8915	4.1421	10.039	9.5685	1.084	4.3453	1.5367	1.5529	0.7127	0.8224	1.5182	0.81	0.36	7.6480	2.76	1.13	1.6757	1.35	0.55
15.460417	7.375	-12.577778	NA	0.7848	1.8532	2.7417	0.7983	1.4425	8.0003	4.3123	9.9183	4.1656	10.1037	9.6312	1.089	4.3575	1.5409	1.5559	0.7164	0.8272	1.5241	0.82	0.37	7.6886	2.77	1.13	1.6811	1.36	0.55
15.585417	7.5	-12.452778	NA	0.786	1.8602	2.7595	0.8	1.4449	8.0407	4.338	9.9453	4.1896	10.1695	9.6972	1.0945	4.3699	1.545	1.5589	0.7203	0.8327	1.5301	0.82	0.37	7.7301	2.79	1.14	1.6869	1.36	0.56
15.710417	7.625	-12.327778	NA	0.7874	1.8677	2.7766	0.802	1.4477	8.0809	4.3622	9.9709	4.2153	10.2355	9.766	1.0998	4.381	1.5492	1.5622	0.7244	0.8387	1.5363	0.83	0.37	7.7718	2.80	1.14	1.6925	1.36	0.56
15.835417	7.75	-12.202778	NA	0.7889	1.8748	2.7934	0.8042	1.4506	8.1206	4.3844	9.9955	4.2425	10.2997	9.8342	1.1049	4.3907	1.5534	1.5652	0.7285	0.8447	1.5424	0.84	0.37	7.8128	2.82	1.15	1.6979	1.36	0.56
15.960417	7.875	-12.077778	NA	0.79	1.8808	2.8099	0.8063	1.4541	8.1596	4.4051	10.0188	4.2699	10.3624	9.8975	1.1098	4.3992	1.5574	1.5679	0.732	0.8498	1.5482	0.84	0.38	7.8522	2.83	1.15	1.7027	1.37	0.56
16.085417	8	-11.952778	NA	0.7912	1.8863	2.8263	0.8084	1.4577	8.198	4.4259	10.0415	4.2971	10.4248	9.96	1.1143	4.4071	1.5613	1.571	0.7351	0.8542	1.5540	0.85	0.38	7.8912	2.84	1.16	1.7072	1.37	0.56
16.210417	8.125	-11.827778	NA	0.7925	1.8914	2.842	0.8103	1.4612	8.2347	4.4464	10.0643	4.324	10.4879	10.0183	1.1188	4.4147	1.5654	1.5739	0.7378	0.8584	1.5595	0.85	0.38	7.9293	2.85	1.16	1.7115	1.37	0.56
16.335417	8.25	-11.702778	NA	0.7945	1.8968	2.8566	0.812	1.4637	8.2701	4.4682	10.0883	4.3505	10.5533	10.0762	1.1237	4.4224	1.5699	1.5767	0.7405	0.8625	1.5647	0.86	0.38	7.9678	2.87	1.17	1.7159	1.37	0.56
16.460417	8.375	-11.577778	NA	0.7963	1.9034	2.8707	0.8139	1.4664	8.3068	4.4922	10.1146	4.3773	10.6211	10.1365	1.1292	4.4314	1.5749	1.5794	0.7433	0.8675	1.5701	0.86	0.39	8.0081	2.88	1.18	1.7209	1.37	0.56
16.585417	8.5	-11.452778	NA	0.7974	1.9105	2.8853	0.8156	1.4692	8.3456	4.5174	10.1423	4.4044	10.6911	10.2013	1.1351	4.4423	1.5804	1.5821	0.7466	0.8736	1.5756	0.87	0.39	8.0503	2.89	1.18	1.7267	1.38	0.56
16.710417	8.625	-11.327778	NA	0.7986	1.9177	2.9013	0.8171	1.4718	8.3852	4.5419	10.1687	4.4327	10.7618	10.2683	1.1413	4.4535	1.5863	1.585	0.7504	0.8804	1.5813	0.88	0.39	8.0931	2.91	1.19	1.7328	1.38	0.56
16.835417	8.75	-11.202778	NA	0.7999	1.9245	2.9181	0.8184	1.4744	8.4242	4.5646	10.1931	4.4627	10.8306	10.3331	1.1471	4.4631	1.5919	1.588	0.7544	0.8869	1.5871	0.88	0.39	8.1347	2.92	1.19	1.7386	1.38	0.56
16.960417	8.875	-11.077778	NA	0.8014	1.9315	2.9336	0.8206	1.4777	8.4608	4.5866	10.2177	4.4932	10.8966	10.3937	1.1516	4.4864	1.6074	1.5915	0.7697	0.9049	1.5930	0.89	0.40	8.1748	2.93	1.20	1.7519	1.38	0.56
17.085417	9	-10.952778	NA	0.8025	1.9367	2.9477	0.823	1.482	8.4948	4.6076	10.2406	4.5241	10.9583	10.4486	1.1621	4.5241	1.6278	1.6003	0.7905	0.9338	1.5984	0.89	0.40	8.2123	2.94	1.20	1.7731	1.39	0.57
17.210417	9.125	-10.827778	NA	0.8036	1.9398	2.962	0.8253	1.4855	8.5287	4.6287	10.2597	4.5553	11.0192	10.5001	1.1725	4.5443	1.6372	1.6082	0.7977	0.9623	1.6032	0.90	0.40	8.2486	2.95	1.21	1.7870	1.39	0.57
17.335417	9.25	-10.702778	NA	0.8046	1.944	2.9767	0.827	1.4881	8.5627	4.6497	10.2791	4.5871	11.0776	10.5512	1.1766	4.5495	1.6414	1.6109	0.7987	0.9784	1.6081	0.90	0.40	8.2846	2.96	1.21	1.7926	1.39	0.57
17.460417	9.375	-10.577778	NA	0.8059	1.949	2.9918	0.8285	1.4907	8.598	4.672	10.3008	4.6178	11.1365	10.6032	1.1809	4.5573	1.6464	1.6133	0.8013	0.9832	1.6132	0.91	0.41	8.3214	2.97	1.21	1.7971	1.39	0.57
17.585417	9.5	-10.452778	NA	0.807	1.9551	3.0071	0.8305	1.4931	8.6337	4.6944	10.3237	4.6476	11.1974	10.658	1.1863	4.5668	1.652	1.6152	0.8043	0.9889	1.6186	0.91	0.41	8.3591	2.98	1.22	1.8022	1.40	0.57
17.710417	9.625	-10.327778	NA	0.808	1.9622	3.0229	0.8324	1.4959	8.6688	4.7162	10.3457	4.6778	11.2586	10.7133	1.1939	4.5764	1.6572	1.6166	0.807	0.9949	1.6243	0.92	0.41	8.3967	2.99	1.22	1.8077	1.40	0.57
17.835417	9.75	-10.202778	NA	0.809	1.9689	3.0395	0.8343	1.4988	8.7026	4.738	10.367	4.7093	11.3197	10.7686	1.2004	4.5839	1.6615	1.6178	0.8087	1.0008	1.6301	0.93	0.41	8.4342	3.00	1.23	1.8122	1.40	0.57
17.960417	9.875	-10.077778	NA	0.81	1.975	3.0564	0.8359	1.5017	8.7364	4.7592	10.3881	4.7411	11.3792	10.8224	1.2069	4.5901	1.6654	1.619	0.8105	1.0065	1.6358	0.93	0.42	8.4711	3.01	1.23	1.8164	1.40	0.57
18.085417	10	-9.952778	NA	0.8111	1.9804	3.0716	0.8374	1.505	8.769	4.7803	10.4087	4.7725	11.435	10.8736	1.2119	4.5968	1.6697	1.621	0.8134	1.0114	1.6411	0.94	0.42	8.5065	3.02	1.23	1.8207	1.40	0.57
18.210417	10.125	-9.827778	NA	0.8121	1.986	3.0852	0.8392	1.5086	8.8008	4.8021	10.4289	4.8037	11.4886	10.9233	1.2159	4.6038	1.675	1.6229	0.8165	1.0166	1.6462	0.94	0.42	8.5412	3.03	1.24	1.8251	1.40	0.57
18.335417	10.25	-9.702778	NA	0.8134	1.9926	3.0983	0.8411	1.5116	8.8335	4.8255	10.4505	4.8346	11.543	10.9727	1.2197	4.6119	1.6806	1.6249	0.8198	1.0225	1.6514	0.95	0.42	8.5766	3.04	1.24	1.8299	1.40	0.57
18.460417	10.375	-9.577778	NA	0.8149	2	3.1117	0.843	1.514	8.8678	4.8503	10.4744	4.8666	11.599	11.0229	1.2237	4.6218	1.6866	1.627	0.823	1.0289	1.6567	0.95	0.43	8.6135	3.05	1.24	1.8352	1.41	0.57
18.585417	10.5	-9.452778	NA	0.8165	2.0075	3.1249	0.845	1.5163	8.9024	4.8755	10.4989	4.8997	11.6557	11.075	1.2283	4.6334	1.6937	1.629	0.8282	1.0365	1.6620	0.96	0.43	8.6512	3.06	1.25	1.8415	1.41	0.57
18.710417	10.625	-9.327778	NA	0.8185	2.0145	3.1394	0.847	1.5186	8.9369	4.901	10.5221	4.9341	11.7121	11.1281	1.2351	4.6469	1.7028	1.6315	0.8403	1.0497	1.6676	0.96	0.43	8.6890	3.06	1.25	1.8510	1.41	0.58
18.835417	10.75	-9.202778	NA	0.8206	2.0204	3.154	0.8485	1.5208	8.9714	4.9259	10.5427	4.9694	11.7659	11.1806	1.2429	4.6574	1.7099	1.6341	0.85	1.0607	1.6729	0.97	0.43	8.7260	3.07	1.25	1.8592	1.41	0.58
18.960417	10.875	-9.077778	NA	0.8223	2.0254	3.1676	0.8501	1.5231	9.0047	4.9495	10.5617	5.0042	11.8176	11.2313	1.2488	4.6641	1.7141	1.6367	0.8528	1.0651	1.6777	0.97	0.43	8.7615	3.08	1.26	1.8636	1.41	0.58
19.085417	11	-8.952778	NA	0.8235	2.0305	3.1805	0.8518	1.5265	9.0378	4.9725	10.5812	5.0384	11.8681	11.2794	1.2531	4.6709	1.7188	1.639	0.8558	1.0696	1.6826	0.98	0.44	8.7962	3.09	1.26	1.8679	1.41	0.58
19.210417	11.125	-8.827778	NA	0.8248	2.0355	3.1927	0.8535	1.5309	9.0702	4.9955	10.6023	5.0707	11.9173	11.3261	1.2569	4.6773	1.7237	1.6414	0.8589	1.074	1.6875	0.98	0.44	8.8303	3.09	1.26	1.8720	1.41	0.58
19.335417	11.25	-8.702778	NA	0.826	2.0411	3.2047	0.8555	1.535	9.1036	5.0187	10.6257	5.1011	11.9654	11.3725	1.2608	4.6843	1.7283	1.6438	0.8621	1.0788	1.6925	0.99	0.44	8.8645	3.10	1.27	1.8763	1.41	0.58
19.460417	11.375	-8.577778	NA	0.8271	2.0474	3.2171	0.8578	1.5378	9.1385	5.0421	10.6508	5.1317	12.0139	11.4197	1.2646	4.6935	1.7327	1.6461	0.8653	1.0837	1.6974	0.99	0.44	8.8994	3.11	1.27	1.8810	1.42	0.58
19.585417	11.5	-8.452778	NA	0.8279	2.0542	3.23	0.8599	1.5403	9.1736	5.0654	10.6755	5.1631	12.0628	11.4691	1.2685	4.7035	1.7377	1.6482	0.8684	1.0892	1.7025	0.99	0.44	8.9349	3.11	1.27	1.8859	1.42	0.58
19.710417	11.625	-8.327778	NA	0.8291	2.0607	3.2454	0.8615	1.5429	9.2092	5.0895	10.6989	5.1961	12.1106	11.5195	1.2728	4.7133	1.7432	1.6503	0.8718	1.0954	1.7079	1.00	0.45	8.9706	3.12	1.27	1.8911	1.42	0.58
19.835417	11.75	-8.202778	NA	0.8309	2.066	3.2618	0.8629	1.5456	9.2451	5.1141	10.72	5.2301	12.1565	11.5685	1.278	4.7214	1.7485	1.6527	0.8751	1.101	1.7134	1.01	0.45	9.0057	3.13	1.28	1.8961	1.42	0.58
19.960417	11.875	-8.077778	NA	0.8329	2.0704	3.2767	0.8642	1.5482	9.2795	5.1382	10.7389	5.2636	12.2011	11.6152	1.2841	4.7279	1.7531	1.6551	0.8781	1.1052	1.7185	1.01	0.45	9.0394	3.13	1.28	1.9006	1.42	0.58
20.085417	12	-7.952778	NA	0.8346	2.0748	3.291	0.8658	1.5519	9.3136	5.1619	10.7575	5.2966	12.2447	11.6597	1.2897	4.7345	1.7578	1.6574	0.881	1.1091	1.7236	1.02	0.45	9.0723	3.14	1.28	1.9049	1.42	0.58
20.210417	12.125	-7.827778	NA	0.8363	2.0796	3.3045	0.8676	1.5568	9.3462	5.1857	10.7766	5.3286	12.2875	11.7025	1.2944	4.7413	1.763	1.6597	0.884	1.1134	1.7290	1.02	0.46	9.1045	3.14	1.28	1.9093	1.43	0.58
20.335417	12.25	-7.702778	NA	0.8379	2.0852	3.3172	0.8692	1.5613	9.379	5.2104	10.7974	5.3595	12.3299	11.7447	1.2988	4.7489	1.7686	1.6618	0.8871	1.1177	1.7342	1.03	0.46	9.1368	3.15	1.28	1.9138	1.43	0.58
20.460417	12.375	-7.577778	NA	0.8394	2.0914	3.3297	0.8708	1.5646	9.4125	5.2363	10.8201	5.3892	12.3735	11.7882	1.3034	4.7579	1.7741	1.6639	0.8906	1.122	1.7392	1.03	0.46	9.1700	3.15	1.29	1.9186	1.43	0.58
20.585417	12.5	-7.452778	NA	0.8406	2.0972	3.3423	0.8725	1.5671	9.4466	5.2629	10.8436	5.4168	12.4183	11.8336	1.3077	4.7674	1.7794	1.6661	0.8939	1.1269	1.7439	1.04	0.46	9.2036	3.16	1.29	1.9236	1.43	0.58
20.710417	12.625	-7.327778	NA	0.8417	2.1027	3.3557	0.8742	1.5698	9.4813	5.2903	10.8663	5.442	12.4625	11.8798	1.3117	4.7759	1.7846	1.6689	0.8971	1.1322	1.7488	1.04	0.47	9.2370	3.16	1.29	1.9284	1.43	0.59
20.835417	12.75	-7.202778	NA	0.843	2.1076	3.3704	0.8754	1.5731	9.5153	5.3181	10.8873	5.4665	12.5048	11.9254	1.3158	4.7842	1.7897	1.6715	0.9001	1.1369	1.7539	1.05	0.47	9.2696	3.17	1.29	1.9330	1.44	0.59
20.960417	12.875	-7.077778	NA	0.8445	2.1124	3.3858	0.8768	1.5768	9.5482	5.3456	10.9076	5.4907	12.5455	11.9704	1.3196	4.795	1.795	1.6734	0.9032	1.1416	1.7593	1.05	0.47	9.3013	3.18	1.30	1.9380	1.44	0.59
21.085417	13	-6.952778	NA	0.8464	2.1178	3.3999	0.8788	1.5803	9.5847	5.3746	10.9284	5.5186	12.5857	12.015	1.3246	4.8057	1.801	1.6755	0.9067	1.1471	1.7646	1.06	0.47	9.3345	3.18	1.30	1.9434	1.44	0.59
21.210417	13.125	-6.827778	NA	0.8483	2.1231	3.4139	0.8807	1.5838	9.6218	5.4045	10.9491	5.5467	12.6259	12.0596	1.33	4.8165	1.8069	1.6777	0.9103	1.1527	1.7700	1.06	0.47	9.3679	3.19	1.30	1.9490	1.44	0.59
21.335417	13.25	-6.702778	NA	0.8502	2.1285	3.4279	0.8826	1.5873	9.6589	5.4345	10.9699	5.5749	12.6661	12.1043	1.3355	4.8272	1.8129	1.6799	0.9138	1.1582	1.7753	1.07	0.48	9.4014	3.19	1.30	1.9546	1.45	0.59
21.460417	13.375	-6.577778	NA	0.8521	2.1338	3.442	0.8845	1.5908	9.696	5.4645	10.9907	5.6031	12.7063	12.1489	1.341	4.8379	1.8188	1.6821	0.9174	1.1637	1.7806	1.07	0.48	9.4349	3.19	1.30	1.9602	1.45	0.59
21.585417	13.5	-6.452778	NA	0.854	2.1392	3.456	0.8865	1.5943	9.7331	5.4945	11.0115	5.6313	12.7465	12.1935	1.3465	4.8487	1.8248	1.6843	0.921	1.1692	1.7860	1.08	0.48	9.4684	3.20	1.31	1.9657	1.45	0.59
21.710417	13.625	-6.327778	NA	0.856	2.1445	3.47	0.8884	1.5978	9.7702	5.5245	11.0323	5.6594	12.7867	12.2382	1.352	4.8594	1.8307	1.6864	0.9245	1.1748	1.7913	1.08	0.48	9.5019	3.20	1.31	1.9713	1.45	0.59
21.835417	13.75	-6.202778	NA	0.8579	2.1499	3.484	0.8903	1.6013	9.8074	5.5545	11.0531	5.6876	12.8269	12.2828	1.3575	4.8702	1.8367	1.6886	0.9281	1.1803	1.7967	1.09	0.49	9.5354	3.21	1.31	1.9769	1.46	0.59
21.960417	13.875	-6.077778	NA	0.8598	2.1552	3.4981	0.8922	1.6048	9.8445	5.5845	11.0739	5.7158	12.8671	12.3274	1.363	4.8809	1.8426	1.6908	0.9316	1.1858	1.8020	1.09	0.49	9.5689	3.21	1.31	1.9825	1.46	0.60
22.085417	14	-5.952778	NA	0.8617	2.1605	3.5121	0.8942	1.6083	9.8816	5.6145	11.0946	5.7439	12.9073	12.372	1.3684	4.8917	1.8486	1.693	0.9352	1.1913	1.8074	1.10	0.49	9.6023	3.22	1.31	1.9880	1.46	0.60
22.210417	14.125	-5.827778	NA	0.8637	2.1659	3.5261	0.8961	1.6118	9.9187	5.6444	11.1154	5.7721	12.9475	12.4167	1.3739	4.9024	1.8545	1.6951	0.9387	1.1969	1.8127	1.10	0.49	9.6358	3.22	1.31	1.9936	1.46	0.60
22.335417	14.25	-5.702778	NA	0.8656	2.1712	3.5401	0.898	1.6153	9.9558	5.6744	11.1362	5.8003	12.9877	12.4613	1.3794	4.9132	1.8605	1.6973	0.9423	1.2024	1.8180	1.11	0.49	9.6693	3.22	1.32	1.9992	1.47	0.60
22.460417	14.375	-5.577778	NA	0.8675	2.1766	3.5542	0.8999	1.6188	9.9929	5.7044	11.157	5.8284	13.0279	12.5059	1.3849	4.9239	1.8664	1.6995	0.9458	1.2079	1.8234	1.11	0.50	9.7027	3.23	1.32	2.0047	1.47	0.60
22.585417	14.5	-5.452778	NA	0.8694	2.1819	3.5682	0.9019	1.6223	10.03	5.7344	11.1778	5.8566	13.0681	12.5505	1.3904	4.9347	1.8724	1.7017	0.9494	1.2134	1.8287	1.11	0.50	9.7362	3.23	1.32	2.0103	1.47	0.60
22.710417	14.625	-5.327778	NA	0.8714	2.1873	3.5822	0.9038	1.6258	10.0671	5.7644	11.1986	5.8848	13.1083	12.5952	1.3959	4.9454	1.8783	1.7039	0.9529	1.219	1.8341	1.12	0.50	9.7697	3.24	1.32	2.0159	1.47	0.60
22.835417	14.75	-5.202778	NA	0.8733	2.1926	3.5963	0.9057	1.6293	10.1042	5.7944	11.2194	5.9129	13.1485	12.6398	1.4014	4.9561	1.8843	1.706	0.9565	1.2245	1.8394	1.12	0.50	9.8032	3.24	1.32	2.0215	1.48	0.60
22.960417	14.875	-5.077778	NA	0.8752	2.198	3.6103	0.9076	1.6328	10.1413	5.8244	11.2401	5.9411	13.1887	12.6844	1.4069	4.9669	1.8902	1.7082	0.96	1.23	1.8448	1.13	0.51	9.8367	3.25	1.33	2.0270	1.48	0.60
23.085417	15	-4.952778	NA	0.8771	2.2033	3.6243	0.9096	1.6363	10.1784	5.8544	11.2609	5.9693	13.2289	12.729	1.4123	4.9776	1.8962	1.7104	0.9636	1.2356	1.8501	1.13	0.51	9.8701	3.25	1.33	2.0326	1.48	0.60
23.210417	15.125	-4.827778	NA	0.879	2.2087	3.6383	0.9115	1.6398	10.2156	5.8843	11.2817	5.9974	13.2691	12.7737	1.4178	4.9884	1.9021	1.7126	0.9671	1.2411	1.8555	1.14	0.51	9.9036	3.25	1.33	2.0382	1.48	0.61
23.335417	15.25	-4.702778	NA	0.881	2.214	3.6524	0.9134	1.6432	10.2527	5.9143	11.3025	6.0256	13.3093	12.8183	1.4233	4.9991	1.9081	1.7147	0.9707	1.2466	1.8608	1.14	0.51	9.9371	3.26	1.33	2.0438	1.49	0.61
23.460417	15.375	-4.577778	NA	0.8829	2.2194	3.6664	0.9153	1.6467	10.2898	5.9443	11.3233	6.0538	13.3495	12.8629	1.4288	5.0099	1.914	1.7169	0.9742	1.2521	1.8661	1.15	0.51	9.9706	3.26	1.33	2.0493	1.49	0.61
23.585417	15.5	-4.452778	NA	0.8848	2.2247	3.6804	0.9173	1.6502	10.3269	5.9743	11.3441	6.0819	13.3897	12.9075	1.4343	5.0206	1.92	1.7191	0.9778	1.2577	1.8715	1.15	0.52	10.0041	3.27	1.33	2.0549	1.49	0.61
23.710417	15.625	-4.327778	NA	0.8864	2.2302	3.6945	0.9192	1.6533	10.3675	6.0043	11.3649	6.1149	13.43	12.9522	1.4407	5.0313	1.926	1.7212	0.9812	1.2636	1.8767	1.16	0.52	10.0390	3.27	1.34	2.0607	1.49	0.61
23.835417	15.75	-4.202778	NA	0.8879	2.2355	3.7085	0.9212	1.656	10.4071	6.0365	11.3856	6.1493	13.4702	12.9968	1.4469	5.0411	1.932	1.7231	0.9842	1.2706	1.8818	1.16	0.52	10.0742	3.27	1.34	2.0663	1.49	0.61
23.960417	15.875	-4.077778	NA	0.8897	2.2402	3.7225	0.923	1.6592	10.4452	6.0696	11.4065	6.1851	13.5104	13.0414	1.4528	5.0484	1.9378	1.7254	0.9868	1.2763	1.8869	1.17	0.52	10.1097	3.28	1.34	2.0713	1.50	0.61
24.085417	16	-3.952778	NA	0.8917	2.2445	3.7365	0.9247	1.6628	10.4831	6.1026	11.4276	6.2208	13.5506	13.0861	1.4587	5.0554	1.9436	1.7278	0.9899	1.2803	1.8920	1.17	0.53	10.1451	3.28	1.34	2.0759	1.50	0.61
24.210417	16.125	-3.827778	NA	0.8937	2.2489	3.7506	0.9263	1.6665	10.5195	6.1358	11.4479	6.2559	13.5908	13.1307	1.4637	5.0624	1.9494	1.7303	0.9932	1.2843	1.8972	1.18	0.53	10.1801	3.28	1.34	2.0806	1.50	0.61
24.335417	16.25	-3.702778	NA	0.8957	2.2533	3.7645	0.9279	1.6707	10.5552	6.169	11.4673	6.2896	13.631	13.1747	1.4686	5.0695	1.9552	1.7326	0.9967	1.288	1.9024	1.18	0.53	10.2145	3.28	1.34	2.0851	1.50	0.61
24.460417	16.375	-3.577778	NA	0.8975	2.2578	3.7773	0.9295	1.6758	10.5918	6.2024	11.4871	6.3224	13.6712	13.2186	1.4731	5.0768	1.9609	1.7347	1.0003	1.2918	1.9076	1.19	0.53	10.2489	3.29	1.34	2.0896	1.50	0.61
24.585417	16.5	-3.452778	NA	0.8996	2.2621	3.7899	0.931	1.6804	10.6296	6.2361	11.5078	6.3546	13.7114	13.2634	1.4776	5.0847	1.9666	1.7364	1.0039	1.2958	1.9126	1.19	0.53	10.2838	3.29	1.34	2.0942	1.50	0.61
24.710417	16.625	-3.327778	NA	0.9017	2.2665	3.803	0.9324	1.6834	10.6679	6.2703	11.5286	6.387	13.7516	13.309	1.4825	5.0935	1.9724	1.7381	1.0076	1.2999	1.9174	1.20	0.54	10.3191	3.29	1.34	2.0990	1.50	0.61
24.835417	16.75	-3.202778	NA	0.9038	2.2707	3.8165	0.9339	1.6859	10.7056	6.3035	11.5483	6.4192	13.7918	13.3545	1.4877	5.1019	1.9778	1.7401	1.0113	1.3039	1.9222	1.20	0.54	10.3538	3.29	1.34	2.1038	1.51	0.62
24.960417	16.875	-3.077778	NA	0.9059	2.275	3.8299	0.9356	1.6887	10.7415	6.3347	11.5671	6.4507	13.832	13.3985	1.4932	5.1089	1.9831	1.742	1.0153	1.3079	1.9270	1.21	0.54	10.3874	3.30	1.35	2.1084	1.51	0.62
25.085417	17	-2.952778	NA	0.908	2.2793	3.843	0.9372	1.6917	10.7748	6.3649	11.5852	6.4813	13.8708	13.4403	1.4994	5.1152	1.9885	1.7438	1.0196	1.3119	1.9318	1.21	0.54	10.4196	3.30	1.35	2.1131	1.51	0.62
25.210417	17.125	-2.827778	NA	0.9101	2.2837	3.8555	0.9387	1.6952	10.8061	6.3944	11.603	6.5121	13.9078	13.4801	1.5062	5.1215	1.9939	1.7455	1.0237	1.3157	1.9366	1.22	0.54	10.4506	3.30	1.35	2.1178	1.51	0.62
25.335417	17.25	-2.702778	NA	0.9121	2.2882	3.8677	0.9405	1.6992	10.838	6.424	11.6211	6.5442	13.9438	13.5184	1.5131	5.1284	1.9994	1.7475	1.0276	1.3196	1.9415	1.22	0.55	10.4816	3.30	1.35	2.1226	1.51	0.62
25.460417	17.375	-2.577778	NA	0.9139	2.2929	3.8798	0.9423	1.7033	10.8714	6.454	11.6398	6.5769	13.9801	13.5563	1.5192	5.1364	2.0052	1.7493	1.0318	1.3236	1.9464	1.22	0.55	10.5131	3.31	1.35	2.1276	1.51	0.62
25.585417	17.5	-2.452778	NA	0.9155	2.2976	3.891	0.9441	1.7086	10.9057	6.4844	11.6591	6.6093	14.0173	13.5945	1.5248	5.1452	2.0115	1.7508	1.0366	1.3277	1.9514	1.23	0.55	10.5450	3.31	1.35	2.1328	1.51	0.62
25.710417	17.625	-2.327778	NA	0.9171	2.3019	3.9029	0.9459	1.717	10.9409	6.5149	11.6783	6.6426	14.055	13.6334	1.5302	5.154	2.0185	1.7544	1.0416	1.3319	1.9570	1.23	0.55	10.5775	3.31	1.35	2.1384	1.52	0.62
25.835417	17.75	-2.202778	NA	0.9186	2.306	3.9153	0.9476	1.7268	10.9748	6.5454	11.6968	6.6765	14.0913	13.672	1.5357	5.1618	2.0259	1.7584	1.0462	1.3357	1.9629	1.24	0.55	10.6095	3.31	1.35	2.1440	1.52	0.62
25.960417	17.875	-2.077778	NA	0.9204	2.31	3.9271	0.9491	1.7347	11.0057	6.5752	11.7149	6.7087	14.1253	13.709	1.5409	5.1684	2.0331	1.7605	1.0504	1.3389	1.9683	1.24	0.55	10.6398	3.31	1.35	2.1487	1.52	0.62
26.085417	18	-1.952778	NA	0.9225	2.3141	3.9381	0.9506	1.7403	11.0353	6.6047	11.7325	6.7402	14.1576	13.7451	1.5461	5.1746	2.0401	1.7624	1.0545	1.3421	1.9731	1.24	0.56	10.6692	3.31	1.35	2.1533	1.52	0.62
26.210417	18.125	-1.827778	NA	0.9246	2.3183	3.9491	0.9523	1.7447	11.0653	6.6345	11.7497	6.7712	14.1896	13.7811	1.5513	5.181	2.0472	1.7641	1.0585	1.3455	1.9778	1.25	0.56	10.6986	3.31	1.35	2.1579	1.52	0.62
26.335417	18.25	-1.702778	NA	0.9267	2.3229	3.9606	0.9541	1.7489	11.0964	6.664	11.7673	6.8021	14.222	13.8172	1.5573	5.1883	2.0545	1.766	1.0625	1.3489	1.9826	1.25	0.56	10.7282	3.31	1.35	2.1629	1.52	0.62
26.460417	18.375	-1.577778	NA	0.9286	2.3275	3.9721	0.9562	1.7532	11.1282	6.6937	11.7858	6.8328	14.2557	13.8535	1.564	5.1977	2.0624	1.7682	1.0667	1.3524	1.9875	1.25	0.56	10.7583	3.31	1.35	2.1686	1.52	0.62
26.585417	18.5	-1.452778	NA	0.9301	2.3322	3.9843	0.9581	1.7589	11.1602	6.7242	11.8049	6.864	14.2901	13.8898	1.5705	5.2079	2.0708	1.7699	1.0708	1.3562	1.9927	1.26	0.56	10.7889	3.32	1.35	2.1744	1.53	0.62
26.710417	18.625	-1.327778	NA	0.9316	2.3372	3.9964	0.9598	1.7662	11.1921	6.7558	11.8241	6.8968	14.3239	13.9262	1.5764	5.217	2.0794	1.7716	1.0747	1.3604	1.9982	1.26	0.56	10.8198	3.32	1.35	2.1799	1.53	0.62
26.835417	18.75	-1.202778	NA	0.9331	2.3422	4.0088	0.9615	1.7743	11.2235	6.7881	11.8432	6.9303	14.3565	13.9618	1.5823	5.2249	2.0877	1.7738	1.0786	1.3645	2.0040	1.27	0.57	10.8506	3.32	1.35	2.1853	1.53	0.62
26.960417	18.875	-1.077778	NA	0.9349	2.3474	4.0206	0.9633	1.7823	11.2537	6.82	11.8619	6.9643	14.3882	13.9961	1.5883	5.2319	2.0955	1.776	1.0823	1.3683	2.0097	1.27	0.57	10.8807	3.31	1.35	2.1904	1.53	0.62
27.085417	19	-0.952778	NA	0.9371	2.3527	4.032	0.965	1.7882	11.2824	6.8513	11.8799	6.9991	14.4189	14.0292	1.5938	5.2386	2.1027	1.7779	1.0857	1.3719	2.0150	1.27	0.57	10.9101	3.31	1.35	2.1951	1.53	0.62
27.210417	19.125	-0.827778	NA	0.9392	2.3579	4.0437	0.9668	1.7923	11.3103	6.882	11.8974	7.0344	14.4487	14.0616	1.5991	5.2454	2.1094	1.7793	1.089	1.3753	2.0200	1.28	0.57	10.9391	3.31	1.35	2.1996	1.53	0.63
27.335417	19.25	-0.702778	NA	0.9411	2.3634	4.0557	0.9684	1.7952	11.3382	6.9132	11.915	7.071	14.4785	14.0944	1.6043	5.2527	2.116	1.7807	1.0923	1.3787	2.0248	1.28	0.57	10.9684	3.31	1.35	2.2041	1.53	0.63
27.460417	19.375	-0.577778	NA	0.9427	2.3689	4.0675	0.97	1.7981	11.368	6.945	11.9333	7.1094	14.5093	14.1282	1.6101	5.2609	2.1226	1.7826	1.0957	1.3821	2.0294	1.29	0.58	10.9989	3.31	1.35	2.2090	1.54	0.63
27.585417	19.5	-0.452778	NA	0.9445	2.3743	4.0798	0.9718	1.8051	11.3993	6.9766	11.9527	7.1495	14.5407	14.1622	1.616	5.2699	2.1293	1.7846	1.0991	1.3859	2.0351	1.29	0.58	11.0302	3.30	1.35	2.2141	1.54	0.63
27.710417	19.625	-0.327778	NA	0.9464	2.3797	4.093	0.9736	1.8149	11.4309	7.0073	11.9721	7.1912	14.6008	14.1964	1.6232	5.2788	2.136	1.7867	1.1023	1.39	2.0415	1.30	0.58	11.0664	3.31	1.35	2.2195	1.54	0.63
27.835417	19.75	-0.202778	NA	0.9484	2.385	4.1066	0.9754	1.8225	11.4631	7.0375	11.9913	7.2334	14.6814	14.2308	1.6312	5.2874	2.1428	1.7887	1.1056	1.3941	2.0476	1.30	0.58	11.1062	3.32	1.35	2.2250	1.54	0.63
27.960417	19.875	-0.077778	NA	0.9504	2.3904	4.1201	0.9771	1.8289	11.4954	7.0676	12.0105	7.2756	14.762	14.2654	1.6394	5.2959	2.1495	1.7906	1.1089	1.3982	2.0534	1.30	0.58	11.1461	3.33	1.36	2.2304	1.54	0.63
28.038194	19.952778	0	NA	0.9516	2.3937	4.1286	0.9782	1.8329	11.5154	7.0863	12.0225	7.3019	14.8122	14.2869	1.6445	5.3013	2.1537	1.7918	1.1109	1.4008	2.0570	1.31	0.58	11.1709	3.33	1.36	2.2338	1.54	0.63
28.163194	20.077778	0.125	NA	0.9693	2.3988	4.1697	0.9793	1.8368	11.5948	7.1586	12.0849	7.3987	14.8928	14.3799	1.6612	5.3148	2.1625	1.7961	1.125	1.4121	2.0708	1.32	0.59	11.2516	3.33	1.36	2.2453	1.54	0.63
28.288194	20.202778	0.25	NA	0.9911	2.4039	4.2295	0.9804	1.8401	11.7028	7.2465	12.1473	7.5318	14.9802	14.4862	1.6779	5.3283	2.1713	1.8014	1.1391	1.4234	2.0890	1.34	0.60	11.3491	3.32	1.36	2.2569	1.54	0.63
28.413194	20.327778	0.375	NA	1.0239	2.4089	4.3055	0.9809	1.841	11.8482	7.3741	12.257	7.7054	15.1281	14.6621	1.6946	5.346	2.1834	1.8071	1.1617	1.4401	2.1120	1.36	0.61	11.4958	3.33	1.36	2.2721	1.54	0.63
28.538194	20.452778	0.5	NA	1.0566	2.4144	4.3863	0.9813	1.8417	12.0094	7.5153	12.3788	7.9051	15.3082	14.8769	1.7113	5.365	2.1994	1.8122	1.1873	1.4592	2.1361	1.39	0.62	11.6656	3.33	1.36	2.2891	1.54	0.63
28.663194	20.577778	0.625	NA	1.0898	2.4203	4.4685	0.9818	1.8424	12.1802	7.6649	12.5078	8.1318	15.5195	15.1346	1.7281	5.3827	2.2169	1.817	1.2175	1.4806	2.1606	1.42	0.63	11.8565	3.35	1.37	2.3071	1.54	0.63
28.788194	20.702778	0.75	NA	1.1242	2.4256	4.549	0.9828	1.843	12.3574	7.8183	12.6389	8.3792	15.7523	15.4266	1.7448	5.3987	2.2325	1.8217	1.2492	1.5022	2.1849	1.44	0.65	12.0621	3.37	1.38	2.3249	1.54	0.63
28.913194	20.827778	0.875	NA	1.1605	2.4298	4.6283	0.9837	1.8442	12.538	7.9717	12.7712	8.6336	15.9979	15.7288	1.7615	5.4143	2.2459	1.8264	1.2806	1.5237	2.2093	1.47	0.66	12.2735	3.40	1.39	2.3421	1.54	0.63
29.038194	20.952778	1	NA	1.1977	2.4337	4.7046	0.9845	1.8455	12.7232	8.1276	12.904	8.8935	16.2463	16.0318	1.7825	5.4299	2.2589	1.8311	1.3119	1.5452	2.2332	1.49	0.67	12.4877	3.43	1.40	2.3599	1.54	0.63
29.163194	21.077778	1.125	NA	1.2364	2.4366	4.779	0.9847	1.847	12.9139	8.2897	13.0397	9.1625	16.5029	16.3402	1.8063	5.446	2.2701	1.8356	1.3436	1.5656	2.2567	1.52	0.68	12.7081	3.46	1.41	2.3779	1.53	0.63
29.288194	21.202778	1.25	NA	1.2763	2.4391	4.8538	0.985	1.8486	13.1108	8.4587	13.1811	9.4449	16.7659	16.6596	1.8301	5.4634	2.2809	1.8402	1.3745	1.5857	2.2806	1.54	0.69	12.9368	3.49	1.42	2.3958	1.53	0.63
29.413194	21.327778	1.375	NA	1.3178	2.4417	4.9286	0.9854	1.8495	13.3135	8.6327	13.3288	9.7413	17.0358	16.9874	1.8547	5.4812	2.2924	1.845	1.4048	1.6052	2.3046	1.57	0.70	13.1732	3.52	1.44	2.4139	1.53	0.63
29.538194	21.452778	1.5	NA	1.36	2.4447	5.0024	0.9856	1.8503	13.5204	8.8098	13.4821	10.0489	17.3118	17.3208	1.8802	5.499	2.3052	1.8496	1.4365	1.6244	2.3286	1.59	0.71	13.4156	3.55	1.45	2.4325	1.53	0.62
29.663194	21.577778	1.625	NA	1.4033	2.4481	5.0756	0.9859	1.851	13.7312	8.991	13.6416	10.3653	17.5911	17.6602	1.9068	5.5167	2.3183	1.8543	1.4688	1.6433	2.3528	1.62	0.72	13.6634	3.58	1.46	2.4514	1.53	0.62
29.788194	21.702778	1.75	NA	1.4479	2.4516	5.1484	0.9861	1.8513	13.9474	9.1779	13.8079	10.69	17.8707	18.0055	1.9345	5.5352	2.3306	1.8592	1.5009	1.6622	2.3771	1.64	0.73	13.9166	3.61	1.47	2.4704	1.53	0.62
29.913194	21.827778	1.875	NA	1.4931	2.4552	5.2211	0.9862	1.8513	14.1695	9.3681	13.9805	11.0215	18.1496	18.3546	1.9628	5.5553	2.3421	1.8641	1.5321	1.681	2.4014	1.66	0.74	14.1740	3.64	1.49	2.4896	1.53	0.62
30.038194	21.952778	2	NA	1.5387	2.4586	5.2941	0.9861	1.8515	14.3947	9.5656	14.1572	11.3584	18.4287	18.7093	1.9931	5.5755	2.3535	1.8694	1.5626	1.6998	2.4258	1.69	0.76	14.4356	3.67	1.50	2.5090	1.53	0.62
30.163194	22.077778	2.125	NA	1.5849	2.4621	5.3659	0.9862	1.852	14.6217	9.7635	14.3388	11.6992	18.7061	19.0685	2.0237	5.5956	2.3647	1.8747	1.5923	1.7184	2.4502	1.71	0.77	14.6996	3.71	1.51	2.5282	1.53	0.62
30.288194	22.202778	2.25	NA	1.6311	2.4658	5.4371	0.9863	1.8524	14.8497	9.9656	14.5241	12.0428	18.9813	19.4321	2.0535	5.6158	2.3763	1.8796	1.6228	1.7368	2.4745	1.74	0.78	14.9659	3.74	1.53	2.5475	1.53	0.62
30.413194	22.327778	2.375	NA	1.6769	2.4701	5.5089	0.9864	1.8527	15.0787	10.1708	14.7138	12.3893	19.2558	19.8031	2.0838	5.6366	2.3896	1.885	1.656	1.7553	2.4990	1.76	0.79	15.2353	3.77	1.54	2.5677	1.53	0.62
30.538194	22.452778	2.5	NA	1.7226	2.4759	5.5814	0.9868	1.853	15.3103	10.3786	14.9076	12.7376	19.5322	20.1811	2.115	5.6577	2.4053	1.8905	1.6925	1.7745	2.5239	1.79	0.80	15.5079	3.81	1.55	2.5892	1.53	0.62
30.663194	22.577778	2.625	NA	1.7682	2.4822	5.6548	0.9877	1.8534	15.5436	10.5877	15.1076	13.0885	19.8087	20.5624	2.1471	5.6793	2.4232	1.8958	1.7309	1.7943	2.5493	1.82	0.81	15.7831	3.84	1.57	2.6118	1.52	0.62
30.788194	22.702778	2.75	NA	1.8139	2.4885	5.7283	0.9883	1.8542	15.7778	10.7992	15.3118	13.4426	20.0797	20.9441	2.1812	5.702	2.4416	1.9016	1.7683	1.8146	2.5746	1.84	0.82	16.0592	3.88	1.58	2.6349	1.52	0.62
30.913194	22.827778	2.875	NA	1.8591	2.4951	5.8027	0.988	1.856	16.0142	11.0141	15.515	13.798	20.3466	21.3218	2.2152	5.7252	2.4595	1.9079	1.8044	1.835	2.6002	1.87	0.84	16.3349	3.91	1.60	2.6579	1.52	0.62
31.038194	22.952778	3	NA	1.9027	2.5019	5.878	0.9878	1.8577	16.2502	11.2292	15.7184	14.1539	20.6104	21.6953	2.2505	5.7484	2.476	1.9142	1.8405	1.8549	2.6256	1.90	0.85	16.6096	3.94	1.61	2.6808	1.52	0.62
31.163194	23.077778	3.125	NA	1.9453	2.5085	5.9547	0.9878	1.8588	16.4824	11.4427	15.9241	14.5118	20.8704	22.0679	2.2871	5.7715	2.491	1.9212	1.8756	1.8736	2.6510	1.93	0.86	16.8832	3.98	1.62	2.7033	1.52	0.62
31.288194	23.202778	3.25	NA	1.9877	2.5144	6.0342	0.988	1.8594	16.7124	11.6557	16.1321	14.8725	21.1305	22.4419	2.3251	5.7952	2.5064	1.9285	1.9097	1.8919	2.6767	1.96	0.87	17.1575	4.01	1.64	2.7261	1.52	0.62
31.413194	23.327778	3.375	NA	2.0295	2.5201	6.1153	0.988	1.8596	16.9423	11.8688	16.3431	15.2366	21.3917	22.8161	2.3637	5.8192	2.5228	1.9358	1.945	1.9102	2.7025	1.99	0.89	17.4331	4.05	1.65	2.7494	1.53	0.62
31.538194	23.452778	3.5	NA	2.0708	2.5257	6.1994	0.988	1.86	17.1711	12.0825	16.557	15.6057	21.6529	23.1892	2.4034	5.8433	2.5408	1.9432	1.9811	1.9286	2.7288	2.02	0.90	17.7097	4.08	1.67	2.7734	1.53	0.62
31.663194	23.577778	3.625	NA	2.1112	2.532	6.2847	0.9883	1.8608	17.3995	12.2974	16.773	15.9798	21.9152	23.5605	2.4441	5.8676	2.56	1.9517	2.0171	1.9475	2.7554	2.05	0.92	17.9876	4.12	1.68	2.7980	1.53	0.62
31.788194	23.702778	3.75	NA	2.15	2.5385	6.3695	0.9886	1.8616	17.6281	12.5135	16.9909	16.3591	22.1762	23.9281	2.4859	5.8922	2.5794	1.9603	2.0524	1.9669	2.7816	2.09	0.93	18.2660	4.15	1.69	2.8228	1.53	0.62
31.913194	23.827778	3.875	NA	2.1877	2.5447	6.4543	0.9888	1.8622	17.8541	12.7296	17.2098	16.744	22.4318	24.2865	2.5282	5.9168	2.5985	1.9693	2.087	1.986	2.8075	2.12	0.95	18.5426	4.18	1.71	2.8476	1.53	0.62
32.038194	23.952778	4	NA	2.2245	2.5509	6.5391	0.989	1.8627	18.0756	12.9448	17.4292	17.1289	22.6832	24.6372	2.5708	5.9413	2.6176	1.978	2.1215	2.0049	2.8332	2.15	0.96	18.8165	4.21	1.72	2.8723	1.53	0.62
32.163194	24.077778	4.125	NA	2.26	2.5578	6.6256	0.9894	1.8632	18.2926	13.1601	17.6501	17.5203	22.9319	24.9785	2.6146	5.966	2.6371	1.9873	2.1562	2.0237	2.8592	2.19	0.98	19.0889	4.24	1.73	2.8975	1.53	0.62
32.288194	24.202778	4.25	NA	2.2947	2.5652	6.7123	0.9899	1.8639	18.5064	13.3765	17.8732	17.9164	23.181	25.3116	2.6595	5.9914	2.6579	1.9973	2.192	2.0428	2.8852	2.22	0.99	19.3608	4.26	1.74	2.9235	1.53	0.63
32.413194	24.327778	4.375	NA	2.3291	2.5726	6.8012	0.9906	1.8646	18.7166	13.5937	18.0986	18.3142	23.4313	25.6366	2.7059	6.0178	2.6799	2.0079	2.2304	2.0621	2.9116	2.26	1.01	19.6318	4.29	1.75	2.9507	1.53	0.63
32.538194	24.452778	4.5	NA	2.363	2.5805	6.8925	0.9913	1.865	18.924	13.8114	18.326	18.7139	23.6822	25.9532	2.7531	6.0439	2.7028	2.0188	2.2698	2.0809	2.9385	2.29	1.03	19.9018	4.31	1.76	2.9782	1.53	0.63
32.663194	24.577778	4.625	NA	2.396	2.5887	6.9856	0.9915	1.8651	19.1272	14.0289	18.5553	19.1158	23.932	26.2587	2.8006	6.0702	2.7271	2.0302	2.3085	2.0996	2.9654	2.33	1.04	20.1697	4.33	1.77	3.0060	1.53	0.63
32.788194	24.702778	4.75	NA	2.4278	2.5976	7.0802	0.9918	1.8655	19.3248	14.2455	18.7862	19.5211	24.1788	26.5505	2.8484	6.0981	2.7527	2.0425	2.3467	2.1193	2.9926	2.37	1.06	20.4345	4.35	1.77	3.0346	1.54	0.63
32.913194	24.827778	4.875	NA	2.4585	2.6063	7.176	0.9926	1.8662	19.5171	14.4607	19.017	19.928	24.4207	26.8276	2.8973	6.1268	2.7794	2.0552	2.3846	2.1391	3.0199	2.41	1.08	20.6952	4.36	1.78	3.0637	1.54	0.63
33.038194	24.952778	5	NA	2.4884	2.6144	7.2727	0.9932	1.8669	19.7033	14.6742	19.2479	20.3344	24.6587	27.0899	2.947	6.1564	2.8064	2.0685	2.4224	2.1587	3.0471	2.45	1.09	20.9514	4.37	1.79	3.0932	1.54	0.63
33.163194	25.077778	5.125	NA	2.5177	2.6222	7.3705	0.9935	1.8675	19.8831	14.8863	19.4787	20.7416	24.8945	27.3385	2.9974	6.1863	2.8339	2.0823	2.4598	2.1781	3.0743	2.49	1.11	21.2038	4.38	1.79	3.1230	1.54	0.63
33.288194	25.202778	5.25	NA	2.5463	2.6297	7.4697	0.9939	1.8679	20.0576	15.0984	19.7101	21.152	25.1286	27.5757	3.0494	6.2166	2.8626	2.0965	2.4985	2.1975	3.1015	2.53	1.13	21.4537	4.39	1.79	3.1535	1.55	0.63
33.413194	25.327778	5.375	NA	2.5743	2.6374	7.5707	0.9945	1.8683	20.2274	15.3103	19.943	21.5655	25.3616	27.8033	3.1028	6.2481	2.8929	2.1116	2.5405	2.217	3.1290	2.57	1.15	21.7019	4.40	1.80	3.1855	1.55	0.63
33.538194	25.452778	5.5	NA	2.6019	2.6455	7.6727	0.9949	1.869	20.3918	15.5213	20.1765	21.9829	25.5939	28.022	3.1568	6.2806	2.9254	2.1274	2.5837	2.2361	3.1568	2.61	1.17	21.9481	4.41	1.80	3.2183	1.55	0.63
33.663194	25.577778	5.625	NA	2.6288	2.6532	7.7752	0.9952	1.8698	20.5503	15.7314	20.4106	22.4054	25.8261	28.2328	3.2116	6.3143	2.96	2.1444	2.6258	2.2551	3.1844	2.65	1.19	22.1928	4.41	1.80	3.2519	1.55	0.63
33.788194	25.702778	5.75	NA	2.6552	2.6608	7.8772	0.996	1.8707	20.7024	15.9407	20.6455	22.8307	26.0582	28.4358	3.2674	6.349	2.9958	2.1625	2.6669	2.2738	3.2120	2.70	1.21	22.4355	4.42	1.80	3.2859	1.56	0.64
33.913194	25.827778	5.875	NA	2.6811	2.6684	7.979	0.9971	1.8726	20.8473	16.1484	20.881	23.2574	26.2895	28.6305	3.324	6.3842	3.0325	2.1818	2.7082	2.292	3.2396	2.74	1.22	22.6757	4.43	1.81	3.3205	1.56	0.64
34.038194	25.952778	6	NA	2.7071	2.6762	8.0825	0.9981	1.875	20.9853	16.3541	21.116	23.6863	26.518	28.8175	3.381	6.421	3.0706	2.2021	2.7496	2.3105	3.2678	2.78	1.24	22.9129	4.44	1.81	3.3558	1.57	0.64
34.163194	26.077778	6.125	NA	2.733	2.6842	8.1866	0.9989	1.877	21.1172	16.5589	21.3499	24.1176	26.743	28.9984	3.4382	6.4596	3.1105	2.2229	2.7908	2.3294	3.2959	2.82	1.26	23.1475	4.45	1.82	3.3919	1.57	0.64
34.288194	26.202778	6.25	NA	2.759	2.692	8.2905	0.9995	1.8782	21.2441	16.7621	21.5831	24.5495	26.9654	29.1745	3.4957	6.4997	3.1525	2.2442	2.8329	2.3485	3.3238	2.87	1.28	23.3798	4.46	1.82	3.4289	1.58	0.64
34.413194	26.327778	6.375	NA	2.7852	2.6999	8.3951	1.0002	1.8791	21.3662	16.9633	21.8164	24.9805	27.1857	29.3464	3.5539	6.5414	3.1968	2.2664	2.8763	2.3681	3.3519	2.91	1.30	23.6097	4.47	1.83	3.4672	1.58	0.65
34.538194	26.452778	6.5	NA	2.812	2.7083	8.5008	1.0011	1.8799	21.4855	17.1636	22.0483	25.4119	27.4034	29.5143	3.6126	6.5843	3.2428	2.2896	2.9204	2.3877	3.3804	2.95	1.32	23.8378	4.49	1.83	3.5062	1.59	0.65
34.663194	26.577778	6.625	NA	2.8391	2.7177	8.6062	1.002	1.8805	21.6073	17.3637	22.2783	25.8427	27.6196	29.6786	3.6722	6.6281	3.2904	2.3138	2.9646	2.4069	3.4091	3.00	1.34	24.0650	4.50	1.84	3.5460	1.60	0.65
34.788194	26.702778	6.75	NA	2.8656	2.7278	8.7105	1.0027	1.8807	21.7296	17.5625	22.5065	26.2709	27.8356	29.8395	3.7316	6.6736	3.3417	2.3386	3.0102	2.4267	3.4375	3.04	1.36	24.2908	4.52	1.85	3.5871	1.60	0.65
34.913194	26.827778	6.875	NA	2.8917	2.7371	8.8139	1.0027	1.8807	21.8501	17.7602	22.7313	26.6975	28.0512	29.9984	3.7916	6.7346	3.4042	2.3677	3.0654	2.4569	3.4652	3.08	1.38	24.5148	4.54	1.86	3.6367	1.61	0.66
35.038194	26.952778	7	NA	2.9183	2.7464	8.9166	1.0028	1.8821	21.9679	17.957	22.9561	27.1226	28.2627	30.1546	3.8547	6.7954	3.4671	2.4054	3.1184	2.4864	3.4932	3.13	1.40	24.7368	4.57	1.86	3.6879	1.62	0.66
35.163194	27.077778	7.125	NA	2.9451	2.755	9.0178	1.0027	1.8842	22.0848	18.152	23.1763	27.5454	28.4685	30.307	3.919	6.8467	3.5223	2.4395	3.161	2.5084	3.5210	3.17	1.42	24.9557	4.59	1.87	3.7328	1.63	0.67
35.288194	27.202778	7.25	NA	2.973	2.7645	9.1155	1.0033	1.8857	22.1987	18.3433	23.3903	27.961	28.6702	30.4547	3.9816	6.8926	3.5753	2.465	3.2013	2.528	3.5484	3.21	1.43	25.1697	4.62	1.88	3.7740	1.64	0.67
35.413194	27.327778	7.375	NA	3.0003	2.7749	9.2097	1.004	1.8868	22.3083	18.5324	23.6034	28.3675	28.8685	30.599	4.0442	6.9386	3.6275	2.4898	3.2422	2.5477	3.5751	3.25	1.45	25.3799	4.64	1.90	3.8150	1.65	0.67
35.538194	27.452778	7.5	NA	3.0268	2.786	9.3005	1.005	1.8877	22.4125	18.7175	23.8106	28.7654	29.0651	30.7416	4.1058	6.985	3.6803	2.5139	3.2833	2.5673	3.6012	3.28	1.47	25.5855	4.67	1.91	3.8559	1.65	0.68
35.663194	27.577778	7.625	NA	3.0521	2.7996	9.3896	1.006	1.8881	22.5152	18.8985	24.0126	29.1537	29.2592	30.8805	4.168	7.0321	3.7391	2.538	3.3221	2.5869	3.6271	3.32	1.49	25.7866	4.70	1.92	3.8977	1.66	0.68
35.788194	27.702778	7.75	NA	3.077	2.8137	9.4789	1.006	1.8899	22.6215	19.0771	24.2139	29.5357	29.4493	31.017	4.2373	7.0779	3.798	2.5653	3.3602	2.6044	3.6531	3.36	1.50	25.9857	4.73	1.93	3.9405	1.67	0.68
35.913194	27.827778	7.875	NA	3.1021	2.825	9.5674	1.0056	1.893	22.7259	19.2549	24.4088	29.9143	29.635	31.1521	4.3072	7.1217	3.8511	2.5933	3.3968	2.6204	3.6786	3.39	1.52	26.1818	4.77	1.95	3.9817	1.68	0.69
36.038194	27.952778	8	NA	3.1281	2.8358	9.6552	1.0061	1.8959	22.825	19.4286	24.5967	30.2867	29.8155	31.2835	4.3711	7.1663	3.9048	2.6199	3.4339	2.6383	3.7042	3.43	1.53	26.3727	4.80	1.96	4.0224	1.69	0.69
36.163194	28.077778	8.125	NA	3.1542	2.8476	9.7415	1.0068	1.8986	22.9222	19.5999	24.7815	30.6535	29.9934	31.4117	4.435	7.2118	3.961	2.6467	3.4713	2.6582	3.7297	3.46	1.55	26.5604	4.84	1.97	4.0640	1.70	0.69
36.288194	28.202778	8.25	NA	3.1805	2.8594	9.8257	1.0075	1.9004	23.0159	19.7697	24.9636	31.0134	30.1704	31.5384	4.4999	7.2577	4.0181	2.6733	3.5083	2.6789	3.7547	3.50	1.56	26.7452	4.87	1.99	4.1060	1.71	0.70
36.413194	28.327778	8.375	NA	3.2066	2.8724	9.9089	1.0086	1.9015	23.1073	19.9378	25.1428	31.3672	30.3467	31.6652	4.5657	7.3044	4.0753	2.6998	3.545	2.7001	3.7796	3.53	1.58	26.9278	4.91	2.00	4.1484	1.71	0.70
36.538194	28.452778	8.5	NA	3.2321	2.886	9.9913	1.0099	1.9025	23.198	20.1048	25.3199	31.7148	30.5223	31.7931	4.6328	7.3521	4.1325	2.7266	3.5825	2.7215	3.8044	3.57	1.59	27.1088	4.95	2.02	4.1913	1.72	0.70
36.663194	28.577778	8.625	NA	3.258	2.9002	10.0725	1.0117	1.904	23.2881	20.2711	25.4955	32.0572	30.6981	31.9219	4.7028	7.4001	4.1894	2.7533	3.6208	2.7434	3.8293	3.60	1.61	27.2887	4.99	2.04	4.2350	1.73	0.71
36.788194	28.702778	8.75	NA	3.2848	2.9151	10.1524	1.013	1.9053	23.3763	20.4358	25.6687	32.3909	30.8668	32.0503	4.8129	7.4479	4.2454	2.801	3.6584	2.7653	3.8541	3.63	1.62	27.4648	5.02	2.05	4.2885	1.74	0.71
36.913194	28.827778	8.875	NA	3.3113	2.9292	10.2313	1.0127	1.9066	23.461	20.5961	25.8355	32.7157	31.0352	32.1765	5.0492	7.4938	4.2981	2.894	3.6943	2.786	3.8782	3.66	1.64	27.6367	5.06	2.07	4.3692	1.75	0.72
37.038194	28.952778	9	NA	3.3375	2.9431	10.3101	1.0123	1.9079	23.5457	20.7553	26.0011	33.0406	31.2037	32.3025	5.2457	7.5386	4.3499	2.9738	3.7297	2.8063	3.9022	3.70	1.65	27.8082	5.10	2.08	4.4407	1.77	0.72
37.163194	29.077778	9.125	NA	3.3626	2.9572	10.3877	1.0122	1.9093	23.628	20.9085	26.1619	33.3559	31.3609	32.4252	5.3129	7.5821	4.4001	3.0075	3.765	2.827	3.9258	3.73	1.67	27.9734	5.14	2.10	4.4824	1.77	0.72
37.288194	29.202778	9.25	NA	3.3872	2.9724	10.4635	1.0132	1.9105	23.7057	21.0592	26.3207	33.6568	31.5178	32.5454	5.3785	7.6251	4.4497	3.0319	3.8011	2.8491	3.9494	3.76	1.68	28.1343	5.18	2.12	4.5226	1.78	0.73
37.413194	29.327778	9.375	NA	3.4121	2.9882	10.5387	1.0148	1.9119	23.7822	21.209	26.4776	33.956	31.6712	32.6649	5.4438	7.6675	4.4978	3.0558	3.8379	2.8713	3.9731	3.79	1.69	28.2935	5.22	2.13	4.5624	1.79	0.73
37.538194	29.452778	9.5	NA	3.4363	3.0045	10.6126	1.0163	1.913	23.8575	21.3565	26.6334	34.2582	31.8224	32.784	5.508	7.7087	4.5444	3.0787	3.8752	2.8939	3.9965	3.82	1.71	28.4520	5.26	2.15	4.6015	1.80	0.74
37.663194	29.577778	9.625	NA	3.4588	3.0222	10.6851	1.0174	1.9132	23.9332	21.5013	26.7882	34.5581	31.9714	32.9016	5.5725	7.7603	4.591	3.102	3.9165	2.9288	4.0193	3.85	1.72	28.6090	5.31	2.17	4.6452	1.81	0.74
37.788194	29.702778	9.75	NA	3.4804	3.0377	10.757	1.0184	1.9136	24.0105	21.6472	26.9378	34.8532	32.1151	33.0167	5.6411	7.8147	4.6333	3.1284	3.9559	2.9662	4.0414	3.88	1.73	28.7634	5.35	2.18	4.6899	1.82	0.74
37.913194	29.827778	9.875	NA	3.5019	3.0513	10.8285	1.0195	1.9142	24.0842	21.7878	27.0835	35.141	32.2524	33.1308	5.7081	7.8546	4.6702	3.1528	3.9895	2.99	4.0631	3.90	1.75	28.9133	5.39	2.20	4.7275	1.83	0.75
38.038194	29.952778	10	NA	3.5233	3.0671	10.8997	1.0204	1.9156	24.1522	21.9181	27.2282	35.4133	32.3862	33.2436	5.7685	7.889	4.7062	3.1733	4.0237	3.0107	4.0852	3.93	1.76	29.0569	5.43	2.22	4.7619	1.84	0.75
38.163194	30.077778	10.125	NA	3.5442	3.0831	10.9709	1.0211	1.917	24.2179	22.0432	27.3689	35.6732	32.5148	33.3543	5.8257	7.9234	4.7398	3.1933	4.0592	3.0331	4.1073	3.96	1.77	29.1954	5.47	2.23	4.7957	1.85	0.75
38.288194	30.202778	10.25	NA	3.5641	3.1004	11.0421	1.0219	1.9186	24.2824	22.1638	27.5071	35.9265	32.6388	33.4632	5.8811	7.9566	4.7707	3.2127	4.0959	3.0559	4.1294	3.99	1.78	29.3303	5.51	2.25	4.8288	1.85	0.76
38.413194	30.327778	10.375	NA	3.5838	3.1181	11.1123	1.023	1.9203	24.3465	22.2801	27.6433	36.1768	32.7592	33.5708	5.935	7.9885	4.7997	3.2319	4.1328	3.0788	4.1515	4.02	1.80	29.4628	5.55	2.26	4.8611	1.86	0.76
38.538194	30.452778	10.5	NA	3.6034	3.1345	11.178	1.0242	1.9219	24.409	22.3935	27.7766	36.4226	32.877	33.6778	5.9884	8.019	4.8272	3.2494	4.1712	3.1015	4.1724	4.05	1.81	29.5927	5.59	2.28	4.8928	1.87	0.76
38.663194	30.577778	10.625	NA	3.622	3.1506	11.2407	1.0259	1.9236	24.4702	22.5034	27.9103	36.6648	32.9915	33.7836	6.0398	8.0511	4.8557	3.2648	4.2102	3.1257	4.1926	4.07	1.82	29.7206	5.63	2.30	4.9245	1.87	0.76
38.788194	30.702778	10.75	NA	3.6401	3.1668	11.306	1.0277	1.9255	24.5355	22.6081	28.0391	36.9025	33.1008	33.8862	6.09	8.0835	4.8822	3.282	4.2489	3.1496	4.2132	4.10	1.83	29.8454	5.67	2.31	4.9560	1.88	0.77
38.913194	30.827778	10.875	NA	3.6582	3.1828	11.3684	1.0294	1.9277	24.6042	22.7085	28.1649	37.1213	33.2077	33.9869	6.1387	8.1152	4.9072	3.3013	4.2876	3.1729	4.2333	4.12	1.84	29.9656	5.70	2.33	4.9871	1.88	0.77
39.038194	30.952778	11	NA	3.6762	3.1987	11.428	1.0313	1.9305	24.6666	22.8048	28.2823	37.3247	33.3103	34.0849	6.1853	8.1415	4.9272	3.3174	4.3263	3.1931	4.2529	4.14	1.85	30.0789	5.73	2.34	5.0151	1.89	0.77
39.163194	31.077778	11.125	NA	3.6937	3.2143	11.4866	1.0331	1.9334	24.7257	22.8952	28.3963	37.5139	33.4082	34.1792	6.2301	8.1677	4.9468	3.3318	4.3632	3.2135	4.2722	4.17	1.86	30.1864	5.77	2.35	5.0422	1.89	0.77
39.288194	31.202778	11.25	NA	3.7111	3.2299	11.5448	1.0348	1.9364	24.7837	22.9811	28.5063	37.6875	33.5025	34.2716	6.2728	8.1935	4.9653	3.3459	4.3992	3.2339	4.2914	4.19	1.87	30.2888	5.79	2.37	5.0684	1.90	0.77
39.413194	31.327778	11.375	NA	3.7285	3.2457	11.6026	1.0364	1.9394	24.8416	23.0632	28.6131	37.8463	33.595	34.3632	6.3137	8.2188	4.9824	3.3595	4.4357	3.2545	4.3105	4.21	1.88	30.3871	5.82	2.38	5.0941	1.90	0.78
39.538194	31.452778	11.5	NA	3.7458	3.2611	11.6594	1.0379	1.9421	24.8993	23.1409	28.7168	37.9912	33.6855	34.4539	6.3533	8.2435	4.9986	3.3722	4.4717	3.275	4.3293	4.24	1.89	30.4813	5.84	2.38	5.1190	1.91	0.78
39.663194	31.577778	11.625	NA	3.7623	3.2759	11.7151	1.0394	1.9445	24.9567	23.2152	28.8149	38.1228	33.7736	34.5436	6.3918	8.268	5.0144	3.3842	4.5066	3.2958	4.3474	4.26	1.90	30.5711	5.86	2.39	5.1435	1.91	0.78
39.788194	31.702778	11.75	NA	3.7789	3.2903	11.7696	1.0409	1.9468	25.0138	23.287	28.9113	38.2449	33.8583	34.6303	6.4296	8.2924	5.0295	3.3963	4.5402	3.3163	4.3653	4.28	1.91	30.6576	5.88	2.40	5.1674	1.91	0.78
39.913194	31.827778	11.875	NA	3.7949	3.3049	11.8221	1.0422	1.9496	25.0695	23.355	29.003	38.3613	33.9395	34.7135	6.4662	8.3158	5.0439	3.4079	4.5724	3.3355	4.3827	4.30	1.92	30.7403	5.90	2.41	5.1903	1.92	0.78
40.038194	31.952778	12	NA	3.8109	3.3208	11.8727	1.0436	1.953	25.1239	23.4196	29.0905	38.4733	34.018	34.7946	6.5015	8.3383	5.0578	3.4186	4.603	3.3541	4.4002	4.32	1.93	30.8200	5.91	2.41	5.2122	1.92	0.79
40.163194	32.077778	12.125	NA	3.8265	3.3368	11.922	1.0451	1.9565	25.1776	23.4818	29.1741	38.5815	34.0933	34.8726	6.5358	8.3609	5.071	3.4292	4.6326	3.3727	4.4174	4.34	1.94	30.8968	5.93	2.42	5.2337	1.93	0.79
40.288194	32.202778	12.25	NA	3.8411	3.3519	11.9698	1.0467	1.96	25.2306	23.5419	29.2538	38.687	34.1665	34.9476	6.569	8.3835	5.0842	3.4393	4.6621	3.3911	4.4339	4.36	1.95	30.9712	5.94	2.43	5.2549	1.93	0.79
40.413194	32.327778	12.375	NA	3.8552	3.3668	12.0166	1.0481	1.9635	25.2829	23.6004	29.3297	38.792	34.2376	35.0209	6.6015	8.4059	5.0974	3.4491	4.6917	3.4094	4.4500	4.37	1.96	31.0439	5.96	2.43	5.2758	1.94	0.79
40.538194	32.452778	12.5	NA	3.8691	3.3817	12.0626	1.0494	1.9668	25.3347	23.6579	29.4047	38.8976	34.3071	35.0932	6.6338	8.4284	5.1108	3.4586	4.7212	3.4277	4.4659	4.39	1.96	31.1159	5.98	2.44	5.2968	1.94	0.79
40.663194	32.577778	12.625	NA	3.8827	3.3964	12.1087	1.0506	1.9701	25.3879	23.7143	29.478	39.0034	34.3756	35.1641	6.6659	8.4521	5.1246	3.468	4.7525	3.4456	4.4817	4.41	1.97	31.1872	5.99	2.45	5.3181	1.95	0.79
40.788194	32.702778	12.75	NA	3.8963	3.4109	12.1549	1.0517	1.9741	25.4441	23.7696	29.5486	39.1084	34.4427	35.2311	6.6973	8.4767	5.1381	3.478	4.7849	3.4631	4.4976	4.43	1.98	31.2574	6.01	2.45	5.3397	1.95	0.80
40.913194	32.827778	12.875	NA	3.9098	3.4253	12.2001	1.0531	1.9788	25.4987	23.8223	29.615	39.2092	34.5079	35.2979	6.7274	8.4999	5.15	3.4874	4.8157	3.4802	4.5134	4.44	1.99	31.3252	6.02	2.46	5.3601	1.95	0.80
41.038194	32.952778	13	NA	3.9225	3.4395	12.2433	1.0546	1.9834	25.5494	23.872	29.6769	39.303	34.5698	35.3609	6.756	8.5221	5.1609	3.496	4.8449	3.497	4.5287	4.46	2.00	31.3887	6.03	2.46	5.3795	1.96	0.80
41.163194	33.077778	13.125	NA	3.9348	3.4534	12.2844	1.0561	1.9878	25.5996	23.9201	29.736	39.3912	34.6292	35.4209	6.7834	8.5445	5.1718	3.5046	4.8726	3.5137	4.5433	4.48	2.00	31.4495	6.05	2.47	5.3984	1.96	0.80
41.288194	33.202778	13.25	NA	3.9471	3.4674	12.324	1.0574	1.9918	25.6498	23.9678	29.7927	39.4764	34.6872	35.4788	6.8107	8.5663	5.1827	3.513	4.8996	3.5301	4.5575	4.49	2.01	31.5088	6.06	2.47	5.4171	1.97	0.80
41.413194	33.327778	13.375	NA	3.9589	3.481	12.3619	1.0588	1.9954	25.7008	24.0156	29.8479	39.5587	34.744	35.5362	6.838	8.5881	5.1934	3.5211	4.9265	3.5465	4.5712	4.51	2.02	31.5672	6.07	2.48	5.4356	1.97	0.81
41.538194	33.452778	13.5	NA	3.9705	3.4941	12.3987	1.0606	1.9991	25.7517	24.0644	29.9017	39.6384	34.7999	35.5936	6.8644	8.6102	5.2036	3.5289	4.9535	3.5631	4.5846	4.52	2.02	31.6249	6.08	2.48	5.4539	1.98	0.81
41.663194	33.577778	13.625	NA	3.9821	3.5073	12.4348	1.0626	2.003	25.8017	24.1144	29.9539	39.7172	34.8553	35.6505	6.8893	8.6329	5.2138	3.537	4.9804	3.5796	4.5980	4.53	2.03	31.6822	6.09	2.48	5.4722	1.98	0.81
41.788194	33.702778	13.75	NA	3.9933	3.5212	12.4703	1.0643	2.0072	25.8512	24.1644	30.0044	39.7943	34.9092	35.7066	6.9137	8.6566	5.2241	3.5452	5.0074	3.5952	4.6113	4.55	2.03	31.7384	6.09	2.49	5.4904	1.99	0.81
41.913194	33.827778	13.875	NA	4.0044	3.5353	12.5058	1.0658	2.0122	25.9006	24.2141	30.052	39.8725	34.9605	35.7602	6.9382	8.681	5.2341	3.5531	5.0347	3.6105	4.6247	4.56	2.04	31.7933	6.10	2.49	5.5086	1.99	0.81
42.038194	33.952778	14	NA	4.0152	3.5494	12.5407	1.0673	2.0171	25.9496	24.2631	30.0975	39.9544	35.0106	35.811	6.9619	8.7057	5.2439	3.5605	5.0617	3.6259	4.6379	4.57	2.05	31.8477	6.11	2.50	5.5266	2.00	0.82
42.163194	34.077778	14.125	NA	4.0259	3.5635	12.5762	1.069	2.0219	25.9986	24.3115	30.1408	40.0444	35.0599	35.8611	6.9856	8.7312	5.2537	3.5678	5.0875	3.6412	4.6513	4.59	2.05	31.9027	6.12	2.50	5.5445	2.00	0.82
42.288194	34.202778	14.25	NA	4.0365	3.5776	12.6131	1.0711	2.0266	26.0482	24.3598	30.1825	40.1362	35.1088	35.913	7.0096	8.7575	5.2637	3.5751	5.112	3.6563	4.6650	4.60	2.06	31.9581	6.14	2.51	5.5624	2.01	0.82
42.413194	34.327778	14.375	NA	4.0469	3.5915	12.6507	1.0734	2.0313	26.0988	24.4077	30.223	40.2406	35.1575	35.9661	7.033	8.7844	5.2737	3.5818	5.1362	3.671	4.6788	4.61	2.06	32.0156	6.15	2.51	5.5800	2.02	0.82
42.538194	34.452778	14.5	NA	4.0572	3.6055	12.687	1.0752	2.036	26.1508	24.4551	30.2624	40.3505	35.2059	36.0196	7.0562	8.8109	5.2833	3.5885	5.1603	3.6851	4.6922	4.63	2.07	32.0740	6.17	2.52	5.5974	2.02	0.83
42.663194	34.577778	14.625	NA	4.0675	3.6199	12.7213	1.077	2.0406	26.2033	24.502	30.3011	40.4597	35.2552	36.0722	7.0786	8.8369	5.2928	3.5955	5.1847	3.6991	4.7053	4.64	2.07	32.1322	6.19	2.53	5.6146	2.03	0.83
42.788194	34.702778	14.75	NA	4.0776	3.6345	12.7539	1.0794	2.0453	26.2583	24.5481	30.3391	40.5666	35.3041	36.1232	7.1006	8.8627	5.3019	3.6069	5.21	3.7135	4.7181	4.65	2.08	32.1899	6.20	2.53	5.6326	2.03	0.83
42.913194	34.827778	14.875	NA	4.0875	3.649	12.7862	1.0818	2.0505	26.312	24.5931	30.3755	40.6689	35.3507	36.173	7.1225	8.8872	5.3111	3.6186	5.2337	3.7274	4.7310	4.66	2.09	32.2455	6.22	2.54	5.6501	2.04	0.83
43.038194	34.952778	15	NA	4.0976	3.6632	12.8174	1.0838	2.0556	26.3604	24.6367	30.411	40.7657	35.3964	36.221	7.1439	8.9104	5.3203	3.626	5.2559	3.7408	4.7435	4.67	2.09	32.2985	6.23	2.54	5.6662	2.04	0.83
43.163194	35.077778	15.125	NA	4.1077	3.6773	12.8483	1.0857	2.0603	26.4078	24.6789	30.4464	40.859	35.4414	36.2673	7.1653	8.9333	5.3298	3.6333	5.2782	3.7541	4.7559	4.69	2.10	32.3501	6.25	2.55	5.6823	2.05	0.84
43.288194	35.202778	15.25	NA	4.1176	3.6913	12.8789	1.0878	2.0655	26.4548	24.7198	30.4811	40.9478	35.4861	36.3127	7.1867	8.9562	5.3395	3.6403	5.2996	3.7669	4.7682	4.70	2.10	32.4004	6.26	2.56	5.6982	2.05	0.84
43.413194	35.327778	15.375	NA	4.1275	3.7054	12.9098	1.0901	2.0709	26.5014	24.7601	30.5149	41.0325	35.531	36.3589	7.208	8.9786	5.3498	3.6469	5.3201	3.7795	4.7807	4.71	2.11	32.4498	6.27	2.56	5.7138	2.06	0.84
43.538194	35.452778	15.5	NA	4.1372	3.7194	12.9422	1.0926	2.0761	26.5474	24.8001	30.5479	41.114	35.5764	36.4061	7.2293	9.0007	5.3606	3.6538	5.3407	3.792	4.7935	4.72	2.11	32.4986	6.28	2.57	5.7295	2.06	0.84
43.663194	35.577778	15.625	NA	4.1465	3.7336	12.975	1.0952	2.0814	26.5925	24.8396	30.5804	41.1944	35.6226	36.4527	7.2503	9.0229	5.3715	3.6607	5.3612	3.8043	4.8063	4.73	2.12	32.5470	6.30	2.57	5.7451	2.07	0.84
43.788194	35.702778	15.75	NA	4.1567	3.7482	13.0078	1.0977	2.0867	26.6379	24.8805	30.6126	41.2772	35.6692	36.4976	7.272	9.0448	5.382	3.6675	5.3808	3.817	4.8194	4.74	2.12	32.5958	6.31	2.58	5.7607	2.07	0.85
43.913194	35.827778	15.875	NA	4.1666	3.7627	13.0393	1.1	2.0918	26.6827	24.9206	30.6441	41.3641	35.7158	36.5408	7.2939	9.066	5.3921	3.6743	5.3995	3.8296	4.8321	4.75	2.13	32.6447	6.32	2.58	5.7759	2.08	0.85
44.038194	35.952778	16	NA	4.175	3.7768	13.0692	1.1023	2.0963	26.7271	24.9582	30.675	41.4565	35.7621	36.5819	7.3152	9.0869	5.4021	3.681	5.4178	3.8423	4.8439	4.76	2.13	32.6935	6.34	2.59	5.7909	2.08	0.85
44.163194	36.077778	16.125	NA	4.1831	3.7903	13.1	1.1046	2.1008	26.7729	24.9956	30.7052	41.5551	35.8082	36.6213	7.3357	9.1077	5.4121	3.6876	5.4362	3.855	4.8558	4.78	2.14	32.7430	6.35	2.59	5.8057	2.09	0.85
44.288194	36.202778	16.25	NA	4.1917	3.8033	13.1301	1.1069	2.1056	26.8195	25.0337	30.7345	41.6549	35.8549	36.6597	7.356	9.1286	5.4221	3.6942	5.4549	3.8672	4.8675	4.79	2.14	32.7929	6.37	2.60	5.8205	2.09	0.85
44.413194	36.327778	16.375	NA	4.2004	3.8159	13.1578	1.1094	2.1104	26.8665	25.0726	30.7637	41.7516	35.9025	36.6979	7.3771	9.1497	5.4322	3.7005	5.4739	3.8794	4.8788	4.80	2.14	32.8425	6.39	2.61	5.8355	2.10	0.86
44.538194	36.452778	16.5	NA	4.2087	3.8284	13.1845	1.112	2.1151	26.9139	25.1113	30.7927	41.8445	35.9509	36.7362	7.3977	9.171	5.4425	3.7067	5.4926	3.8916	4.8897	4.81	2.15	32.8916	6.40	2.61	5.8503	2.10	0.86
44.663194	36.577778	16.625	NA	4.2166	3.8407	13.2102	1.1146	2.1201	26.9598	25.1493	30.8214	41.9337	36.0002	36.7756	7.4183	9.1924	5.4547	3.7131	5.5125	3.9038	4.9004	4.81	2.15	32.9400	6.42	2.62	5.8658	2.11	0.86
44.788194	36.702778	16.75	NA	4.2245	3.8527	13.2366	1.1171	2.1251	27.0036	25.1873	30.8497	42.0212	36.0498	36.8147	7.4379	9.2138	5.4687	3.7192	5.5344	3.916	4.9112	4.82	2.16	32.9877	6.43	2.63	5.8817	2.11	0.86
44.913194	36.827778	16.875	NA	4.2328	3.8643	13.2648	1.12	2.1301	27.0452	25.2252	30.8776	42.1055	36.0998	36.8516	7.4573	9.2351	5.4794	3.7253	5.555	3.928	4.9224	4.83	2.16	33.0341	6.45	2.63	5.8967	2.12	0.87
45.038194	36.952778	17	NA	4.241	3.8759	13.2949	1.1231	2.1352	27.0845	25.2628	30.9046	42.1856	36.1497	36.8868	7.4768	9.2566	5.4874	3.7314	5.5735	3.9393	4.9340	4.84	2.17	33.0790	6.46	2.64	5.9108	2.12	0.87
45.163194	37.077778	17.125	NA	4.2498	3.8877	13.3253	1.1263	2.1402	27.122	25.3006	30.9311	42.2629	36.1996	36.9212	7.4964	9.2778	5.4953	3.7372	5.5918	3.9504	4.9459	4.85	2.17	33.1229	6.47	2.64	5.9248	2.13	0.87
45.288194	37.202778	17.25	NA	4.2585	3.8994	13.3543	1.1297	2.145	27.1584	25.3386	30.9575	42.3403	36.2495	36.955	7.516	9.2985	5.5034	3.743	5.6098	3.9615	4.9574	4.87	2.18	33.1666	6.48	2.65	5.9387	2.14	0.87
45.413194	37.327778	17.375	NA	4.2667	3.9111	13.3822	1.133	2.1499	27.1957	25.3761	30.9839	42.4207	36.3002	36.9883	7.5354	9.3189	5.5116	3.7491	5.6274	3.9723	4.9686	4.87	2.18	33.2108	6.50	2.65	5.9524	2.14	0.87
45.538194	37.452778	17.5	NA	4.2747	3.9234	13.4086	1.1363	2.1547	27.2338	25.4131	31.01	42.5034	36.3517	37.0211	7.5548	9.3388	5.52	3.7551	5.6446	3.9829	4.9795	4.88	2.18	33.2555	6.51	2.66	5.9660	2.15	0.88
45.663194	37.577778	17.625	NA	4.2834	3.9356	13.4331	1.1397	2.1591	27.2714	25.4508	31.0358	42.5885	36.4026	37.0534	7.576	9.3617	5.5296	3.7603	5.6612	3.9948	4.9902	4.89	2.19	33.3004	6.53	2.67	5.9806	2.15	0.88
45.788194	37.702778	17.75	NA	4.2921	3.9468	13.4567	1.1433	2.1641	27.3107	25.4877	31.0608	42.68	36.4526	37.0847	7.6012	9.3903	5.5398	3.7651	5.6777	4.0081	5.0006	4.90	2.19	33.3461	6.54	2.67	5.9970	2.16	0.88
45.913194	37.827778	17.875	NA	4.3004	3.9573	13.4805	1.1469	2.1696	27.3497	25.5231	31.0853	42.7738	36.5024	37.1149	7.6255	9.4145	5.5484	3.7708	5.6938	4.0189	5.0109	4.91	2.19	33.3915	6.56	2.68	6.0120	2.17	0.88
46.038194	37.952778	18	NA	4.3092	3.9682	13.5047	1.1504	2.1744	27.3859	25.5586	31.11	42.8647	36.5519	37.1447	7.6462	9.4326	5.5558	3.7768	5.7096	4.0279	5.0214	4.92	2.20	33.4360	6.58	2.69	6.0248	2.17	0.89
46.163194	38.077778	18.125	NA	4.3183	3.9793	13.529	1.154	2.1789	27.4211	25.5942	31.1346	42.9572	36.6014	37.1751	7.6663	9.4512	5.5634	3.7826	5.7248	4.0376	5.0319	4.92	2.20	33.4806	6.60	2.69	6.0377	2.18	0.89
46.288194	38.202778	18.25	NA	4.3276	3.9902	13.5536	1.1574	2.1837	27.4553	25.6294	31.1593	43.0551	36.6511	37.2052	7.6863	9.4697	5.571	3.7882	5.74	4.0474	5.0425	4.93	2.21	33.5259	6.62	2.70	6.0504	2.18	0.89
46.413194	38.327778	18.375	NA	4.3368	4.0011	13.5795	1.1609	2.1884	27.4892	25.664	31.184	43.1591	36.7006	37.2351	7.7066	9.4882	5.5785	3.7936	5.755	4.0574	5.0533	4.94	2.21	33.5720	6.64	2.71	6.0632	2.19	0.89
46.538194	38.452778	18.5	NA	4.3464	4.0123	13.6069	1.165	2.1933	27.5228	25.6984	31.2087	43.2651	36.7505	37.2655	7.7269	9.5067	5.5859	3.7988	5.77	4.0676	5.0648	4.95	2.21	33.6185	6.66	2.72	6.0760	2.19	0.90
46.663194	38.577778	18.625	NA	4.3555	4.0236	13.6342	1.1692	2.1983	27.5554	25.731	31.2335	43.3676	36.8005	37.2965	7.746	9.5267	5.5953	3.8036	5.787	4.0795	5.0762	4.96	2.22	33.6641	6.68	2.73	6.0897	2.20	0.90
46.788194	38.702778	18.75	NA	4.3638	4.0343	13.6618	1.1733	2.203	27.589	25.7626	31.258	43.4667	36.8493	37.3271	7.7646	9.5485	5.6058	3.8085	5.8058	4.094	5.0872	4.97	2.22	33.7088	6.70	2.74	6.1045	2.20	0.90
46.913194	38.827778	18.875	NA	4.3725	4.0444	13.6896	1.1771	2.2077	27.6244	25.7943	31.2819	43.5628	36.8971	37.3576	7.7838	9.568	5.6136	3.8143	5.8223	4.1063	5.0983	4.98	2.23	33.7530	6.72	2.75	6.1181	2.21	0.90
47.038194	38.952778	19	NA	4.3808	4.0549	13.716	1.1809	2.2127	27.6594	25.8257	31.3057	43.6548	36.9444	37.3884	7.8025	9.5856	5.6193	3.82	5.8366	4.1156	5.1091	4.99	2.23	33.7964	6.74	2.75	6.1299	2.21	0.90
47.163194	39.077778	19.125	NA	4.3889	4.0662	13.742	1.1851	2.2177	27.6939	25.8572	31.3297	43.7468	36.9918	37.4192	7.8215	9.6036	5.6253	3.826	5.8509	4.1255	5.1200	5.00	2.23	33.8398	6.76	2.76	6.1421	2.22	0.91
47.288194	39.202778	19.25	NA	4.3972	4.0774	13.7675	1.1892	2.2224	27.7281	25.8885	31.3537	43.8422	37.0393	37.4495	7.8405	9.6216	5.6311	3.8319	5.8648	4.1355	5.1307	5.01	2.24	33.8835	6.78	2.77	6.1542	2.22	0.91
47.413194	39.327778	19.375	NA	4.4054	4.0879	13.7924	1.1934	2.2272	27.7622	25.9193	31.3777	43.9411	37.0868	37.479	7.8595	9.6393	5.6373	3.8371	5.8786	4.1458	5.1413	5.01	2.24	33.9277	6.80	2.78	6.1663	2.23	0.91
47.538194	39.452778	19.5	NA	4.4135	4.0977	13.8175	1.1977	2.2322	27.797	25.9499	31.4016	44.0439	37.1339	37.5083	7.8784	9.657	5.6442	3.8423	5.8927	4.1564	5.1517	5.02	2.25	33.9724	6.83	2.79	6.1785	2.23	0.91
47.663194	39.577778	19.625	NA	4.4217	4.1072	13.843	1.2023	2.2369	27.8315	25.9804	31.4255	44.1472	37.1805	37.5377	7.8968	9.6748	5.6513	3.8475	5.9066	4.167	5.1622	5.03	2.25	34.0171	6.85	2.80	6.1907	2.24	0.91
47.788194	39.702778	19.75	NA	4.4299	4.1166	13.8689	1.2068	2.2424	27.8649	26.0108	31.4493	44.2532	37.2264	37.567	7.9153	9.6927	5.6587	3.8527	5.9204	4.1774	5.1729	5.04	2.25	34.0619	6.87	2.81	6.2029	2.24	0.91
47.913194	39.827778	19.875	NA	4.4382	4.126	13.8957	1.2112	2.2486	27.8981	26.0413	31.4728	44.359	37.2716	37.5962	7.9339	9.7105	5.6662	3.8585	5.934	4.1877	5.1839	5.05	2.26	34.1065	6.90	2.82	6.2151	2.25	0.92
