days.origin	days.water	days.manure	F07	F08	F09	F10	F11	F12	GW01	GW02	GW03	GW04	GW05	GW06	GWL01	GWL02	GWL03	GWL04	GWo01	GWo02	mean.F	sd.F	se.F	mean.GW	sd.GW	se.GW	mean.GWL	sd.GWL	se.GWL
3.125	-4.960417	-24.913194	NA	7.5536	12.2083	5.5986	8.5251	7.956	9.7205	12.7054	9.8403	9.8139	12.0306	10.2217	4.575	30.7473	10.3564	9.161	10.854	47.191	8.3683	2.41	1.08	10.7221	1.30	0.53	18.8141	16.60	6.78
3.25	-4.835417	-24.788194	NA	6.5016	9.2083	5.5912	6.8294	6.6927	9.5181	9.7054	7.8313	9.8457	10.5057	8.8923	3.7751	27.7473	8.129	8.8285	8.5187	44.191	6.9646	1.34	0.60	9.3831	0.92	0.38	16.8649	15.79	6.45
3.375	-4.710417	-24.663194	NA	6.7391	7.296	5.79	7.0866	6.9448	9.8585	8.81	8.1325	10.2014	10.9084	9.232	3.9144	24.7473	8.4378	9.1468	8.8406	41.191	6.7713	0.58	0.26	9.5238	1.00	0.41	16.0463	14.23	5.81
3.5	-4.585417	-24.538194	NA	6.9611	7.5563	5.9805	7.3354	7.1882	10.1836	9.13	8.4269	10.549	11.3076	9.5672	4.0488	21.7473	8.7375	9.4535	9.1558	38.191	7.0043	0.61	0.27	9.8607	1.03	0.42	15.2223	12.71	5.19
3.625	-4.460417	-24.413194	NA	7.1696	7.8087	6.166	7.5763	7.4231	10.5003	9.4452	8.7149	10.8902	11.7015	9.8978	4.1796	18.7473	9.0293	9.7528	9.4681	35.191	7.2287	0.64	0.29	10.1916	1.07	0.44	14.3947	11.23	4.58
3.75	-4.335417	-24.288194	NA	7.3695	8.0539	6.3527	7.811	7.6516	10.814	9.7566	8.9979	11.2281	12.0901	10.2262	4.3125	15.7473	9.3153	10.0492	9.7782	32.191	7.4477	0.66	0.30	10.5188	1.10	0.45	13.5656	9.82	4.01
3.875	-4.210417	-24.163194	NA	7.5795	8.301	6.5533	8.048	7.8843	11.1437	10.0715	9.2801	11.5856	12.4778	10.558	4.4468	12.7473	9.601	10.3607	10.0909	29.191	7.6732	0.68	0.30	10.8528	1.13	0.46	12.7396	8.51	3.47
4	-4.085417	-24.038194	NA	7.8046	8.5576	6.761	8.2938	8.1257	11.4874	10.3921	9.5691	11.9554	12.8688	10.8952	4.5859	9.7473	9.8932	10.6835	10.4139	26.191	7.9085	0.70	0.31	11.1947	1.17	0.48	11.9191	7.35	3.00
4.125	-3.960417	-23.913194	NA	8.0458	8.8245	6.9748	8.5498	8.3757	11.8433	10.7204	9.867	12.3339	13.2646	11.2378	4.733	6.7473	10.1959	11.0132	10.7461	23.191	8.1541	0.72	0.32	11.5445	1.20	0.49	11.1044	6.43	2.62
4.25	-3.835417	-23.788194	NA	8.2925	9.0923	7.1872	8.8085	8.6275	12.1998	11.0541	10.1699	12.7125	13.6619	11.5815	4.8816	6.4068	10.5036	11.3412	11.079	23.216	8.4016	0.74	0.33	11.8966	1.24	0.51	11.2380	6.45	2.63
4.375	-3.710417	-23.663194	NA	8.5337	9.3589	7.3852	9.0661	8.8761	12.5429	11.3868	10.4744	13.0763	14.0575	11.9242	5.0252	6.5964	10.8097	11.6582	11.4089	23.6244	8.6440	0.76	0.34	12.2437	1.27	0.52	11.5205	6.53	2.67
4.5	-3.585417	-23.538194	NA	8.7548	9.6152	7.5679	9.3123	9.1126	12.8671	11.7111	10.7687	13.4322	14.4462	12.2596	5.1598	6.7779	11.1063	11.958	11.7304	23.9646	8.8726	0.79	0.35	12.5808	1.30	0.53	11.7828	6.60	2.69
4.625	-3.460417	-23.413194	NA	8.9585	9.8565	7.7512	9.5446	9.338	13.1842	12.0279	11.053	13.7825	14.8275	12.586	5.2905	6.9478	11.3895	12.2501	12.0436	24.2557	9.0898	0.82	0.37	12.9102	1.33	0.54	12.0295	6.65	2.72
4.75	-3.335417	-23.288194	NA	9.1658	10.0947	7.9486	9.7746	9.5637	13.5111	12.346	11.3362	14.1401	15.2056	12.9117	5.4264	7.1131	11.6686	12.55	12.3546	24.5216	9.3095	0.83	0.37	13.2418	1.36	0.56	12.2724	6.69	2.73
4.875	-3.210417	-23.163194	NA	9.391	10.3427	8.1583	10.0135	9.7986	13.8559	12.6719	11.6238	14.5137	15.5866	13.2432	5.5695	7.2831	11.9543	12.8638	12.6751	24.784	9.5408	0.85	0.38	13.5825	1.40	0.57	12.5216	6.73	2.75
5	-3.085417	-23.038194	NA	9.6318	10.6002	8.3695	10.2621	10.0422	14.2117	13.0053	11.9175	14.8951	15.9716	13.5794	5.7155	7.4607	12.249	13.1858	13.0041	25.05	9.7812	0.86	0.39	13.9301	1.43	0.58	12.7775	6.77	2.76
5.125	-2.960417	-22.913194	NA	9.8782	10.861	8.5762	10.5149	10.2883	14.5671	13.3413	12.2154	15.2753	16.3564	13.9175	5.8615	7.6431	12.5482	13.5075	13.3338	25.3151	10.0237	0.88	0.40	14.2788	1.46	0.60	13.0349	6.81	2.78
5.25	-2.835417	-22.788194	NA	10.1239	11.1224	8.7776	10.7678	10.5332	14.9177	13.678	12.514	15.6516	16.7396	14.2563	6.0065	7.8267	12.8478	13.825	13.6607	25.5745	10.2650	0.91	0.41	14.6262	1.49	0.61	13.2902	6.85	2.80
5.375	-2.710417	-22.663194	NA	10.3644	11.3814	8.9716	11.0178	10.7747	15.2605	14.0145	12.8101	16.0215	17.1218	14.5929	6.1482	8.0082	13.1444	14.1361	13.9845	25.8257	10.5020	0.93	0.42	14.9702	1.52	0.62	13.5412	6.88	2.81
5.5	-2.585417	-22.538194	NA	10.5949	11.6338	9.1581	11.261	11.0095	15.5929	14.3468	13.103	16.3846	17.5023	14.9249	6.2851	8.1846	13.4347	14.4398	14.3054	26.067	10.7315	0.96	0.43	15.3091	1.55	0.63	13.7861	6.92	2.82
5.625	-2.460417	-22.413194	NA	10.8141	11.8785	9.3406	11.4972	11.2374	15.9186	14.6735	13.3925	16.7434	17.88	15.2546	6.4188	8.3553	13.7189	14.7416	14.623	26.2978	10.9536	0.98	0.44	15.6438	1.58	0.64	14.0259	6.95	2.84
5.75	-2.335417	-22.288194	NA	11.0297	12.119	9.529	11.7296	11.4621	16.2486	14.9978	13.6793	17.1076	18.2569	15.5841	6.5538	8.5211	13.9987	15.045	14.938	26.5208	11.1739	1.00	0.45	15.9791	1.61	0.66	14.2629	6.98	2.85
5.875	-2.210417	-22.163194	NA	11.2555	12.3641	9.7271	11.9657	11.6911	16.5914	15.326	13.968	17.4833	18.6356	15.9162	6.6946	8.6884	14.281	15.3527	15.2554	26.7467	11.4007	1.02	0.46	16.3201	1.64	0.67	14.5031	7.01	2.86
6	-2.085417	-22.038194	NA	11.4918	12.6163	9.9258	12.2083	11.9261	16.9417	15.6579	14.26	17.8639	19.0155	16.2517	6.8391	8.8621	14.5707	15.6643	15.5808	26.9826	11.6337	1.04	0.46	16.6651	1.67	0.68	14.7499	7.05	2.88
6.125	-1.960417	-21.913194	NA	11.7285	12.8689	10.1208	12.4512	12.1611	17.2928	15.9887	14.5524	18.2421	19.3936	16.5856	6.9823	9.0392	14.8618	15.9756	15.9093	27.2215	11.8661	1.06	0.47	17.0092	1.71	0.70	14.9983	7.08	2.89
6.25	-1.835417	-21.788194	NA	11.9632	13.1199	10.3121	12.6921	12.3937	17.6408	16.3193	14.8448	18.6158	19.7709	16.9172	7.1242	9.2152	15.1502	16.2849	16.2321	27.4563	12.0962	1.08	0.48	17.3515	1.74	0.71	15.2438	7.12	2.91
6.375	-1.710417	-21.663194	NA	12.1956	13.3686	10.4982	12.9311	12.624	17.9819	16.6514	15.1405	18.9865	20.1482	17.2483	7.2649	9.3877	15.4378	16.5893	16.5488	27.6872	12.3235	1.11	0.49	17.6928	1.77	0.72	15.4860	7.16	2.92
6.5	-1.585417	-21.538194	NA	12.4203	13.6133	10.6757	13.1661	12.8501	18.3137	16.9813	15.4344	19.3518	20.5225	17.5777	7.4015	9.5569	15.7239	16.8847	16.8626	27.9128	12.5451	1.13	0.51	18.0302	1.79	0.73	15.7237	7.19	2.94
6.625	-1.460417	-21.413194	NA	12.6309	13.8503	10.8462	13.3939	13.0683	18.6372	17.3051	15.7207	19.7089	20.8914	17.9025	7.5325	9.7192	16.0024	17.1706	17.1702	28.1268	12.7579	1.16	0.52	18.3610	1.82	0.74	15.9536	7.22	2.95
6.75	-1.335417	-21.288194	NA	12.8346	14.0807	11.022	13.6167	13.2815	18.9623	17.6263	16.005	20.0688	21.2557	18.2241	7.6633	9.8757	16.2731	17.4566	17.4749	28.3316	12.9671	1.18	0.53	18.6904	1.85	0.76	16.1792	7.26	2.96
6.875	-1.210417	-21.163194	NA	13.0483	14.3157	11.2087	13.8435	13.4992	19.2997	17.9527	16.2922	20.4398	21.621	18.5481	7.8006	10.0341	16.5455	17.7512	17.783	28.5398	13.1831	1.20	0.54	19.0256	1.88	0.77	16.4090	7.29	2.98
7	-1.085417	-21.038194	NA	13.2734	14.5591	11.3982	14.071	13.7223	19.6479	18.2838	16.5825	20.817	21.9888	18.8754	7.943	10.1981	16.8237	18.0517	18.0969	28.757	13.4048	1.22	0.54	19.3659	1.91	0.78	16.6451	7.32	2.99
7.125	-0.960417	-20.913194	NA	13.5014	14.8041	11.5855	14.3024	13.9463	20.0011	18.6152	16.8743	21.1954	22.3562	19.2035	8.0857	10.3638	17.1052	18.3533	18.4148	28.9788	13.6279	1.24	0.55	19.7076	1.94	0.79	16.8836	7.36	3.00
7.25	-0.835417	-20.788194	NA	13.7299	15.0481	11.7689	14.534	14.1706	20.3523	18.9457	17.1666	21.57	22.7222	19.5302	8.2267	10.5291	17.3911	18.6534	18.7321	29.2014	13.8503	1.26	0.56	20.0478	1.97	0.80	17.1223	7.40	3.02
7.375	-0.710417	-20.663194	NA	13.9544	15.2909	11.9462	14.7643	14.3928	20.6937	19.2753	17.4586	21.936	23.086	19.854	8.3648	10.6944	17.6789	18.9475	19.0449	29.4209	14.0697	1.28	0.57	20.3839	1.99	0.81	17.3586	7.43	3.03
7.5	-0.585417	-20.538194	NA	14.168	15.5283	12.1155	14.9891	14.6086	21.023	19.6022	17.7481	22.2919	23.4474	20.1753	8.4981	10.8571	17.9607	19.2323	19.3523	29.6333	14.2819	1.31	0.59	20.7146	2.02	0.82	17.5890	7.47	3.05
7.625	-0.460417	-20.413194	NA	14.3701	15.7573	12.2794	15.2071	14.8162	21.3445	19.9243	18.0351	22.6401	23.8044	20.493	8.627	11.0134	18.2324	19.5094	19.6561	29.8368	14.4860	1.33	0.60	21.0402	2.04	0.83	17.8125	7.51	3.06
7.75	-0.335417	-20.288194	NA	14.5653	15.9805	12.4447	15.4195	15.018	21.6671	20.243	18.3168	22.985	24.1581	20.8076	8.7547	11.1631	18.5038	19.7833	19.9555	30.0311	14.6856	1.36	0.61	21.3629	2.07	0.84	18.0319	7.54	3.08
7.875	-0.210417	-20.163194	NA	14.7585	16.2026	12.6169	15.6301	15.2191	21.9989	20.5787	18.5959	23.3336	24.5105	21.1208	8.8851	11.311	18.7702	20.0609	20.2545	30.2237	14.8854	1.38	0.61	21.6897	2.09	0.85	18.2509	7.57	3.09
8	-0.085417	-20.038194	NA	14.9518	16.4248	12.8862	15.8407	15.4209	22.3525	20.9626	18.8761	23.6928	24.8617	21.4333	9.0814	11.4592	19.0372	20.3603	20.5555	30.4181	15.1049	1.35	0.61	22.0298	2.11	0.86	18.4853	7.59	3.10
8.085417	0	-19.952778	NA	15.0839	16.5767	13.1684	15.9847	15.5589	22.6097	21.226	19.0675	23.9423	25.1017	21.6469	9.3149	11.5604	19.2197	20.5852	20.7614	30.5513	15.2745	1.30	0.58	22.2657	2.13	0.87	18.6655	7.58	3.10
8.210417	0.125	-19.827778	NA	15.3372	16.7852	13.789	16.1734	15.7802	23.0225	21.6905	19.4716	24.3075	25.4872	21.9828	9.8637	11.8653	19.4794	20.9844	20.9631	30.8248	15.5730	1.13	0.51	22.6604	2.12	0.86	18.9968	7.51	3.07
8.335417	0.25	-19.702778	NA	15.6163	16.9886	14.4002	16.3531	16.0133	23.4352	22.1549	19.8757	24.6727	25.8727	22.3188	10.4146	12.193	19.7361	21.3924	21.1401	31.1111	15.8743	0.97	0.43	23.0550	2.11	0.86	19.3312	7.44	3.04
8.460417	0.375	-19.577778	NA	15.8923	17.1832	14.8772	16.5222	16.2563	23.8576	22.6213	20.3212	25.0366	26.2736	22.6663	10.9259	12.6488	19.9857	21.7651	21.2433	31.4516	16.1462	0.85	0.38	23.4628	2.09	0.85	19.6701	7.37	3.01
8.585417	0.5	-19.452778	NA	16.1528	17.3771	15.3523	16.6928	16.5027	24.2704	23.0887	20.8397	25.3951	26.6885	23.0202	11.4153	13.102	20.2375	22.1234	21.3479	31.7795	16.4155	0.74	0.33	23.8838	2.05	0.84	20.0009	7.30	2.98
8.710417	0.625	-19.327778	NA	16.4059	17.5709	15.8352	16.8654	16.7531	24.6807	23.5472	21.3479	25.757	27.1002	23.3711	11.897	13.5563	20.4989	22.4854	21.4537	32.0993	16.6861	0.64	0.28	24.3007	2.01	0.82	20.3318	7.23	2.95
8.835417	0.75	-19.202778	NA	16.6572	17.765	16.341	17.0394	17.0076	25.0956	23.9979	21.8492	26.121	27.5107	23.7198	12.3828	14.0122	20.7716	22.8292	21.5618	32.416	16.9620	0.53	0.24	24.7157	1.98	0.81	20.6623	7.16	2.92
8.960417	0.875	-19.077778	NA	16.9131	17.9588	16.8473	17.2136	17.2636	25.5179	24.4429	22.3482	26.4789	27.9192	24.0629	12.8879	14.4679	21.0443	23.1697	21.6705	32.7327	17.2393	0.44	0.20	25.1283	1.95	0.80	20.9955	7.09	2.89
9.085417	1	-18.952778	NA	17.1754	18.1517	17.3691	17.3877	17.5178	25.9467	24.8857	22.8427	26.8311	28.3268	24.401	13.409	14.9213	21.317	23.5102	21.7802	33.0488	17.5203	0.37	0.17	25.5390	1.93	0.79	21.3311	7.02	2.86
9.210417	1.125	-18.827778	NA	17.4398	18.3438	17.8912	17.562	17.7707	26.3791	25.328	23.3364	27.1796	28.7356	24.7383	13.9336	15.3687	21.5897	23.8507	21.8897	33.3617	17.8015	0.35	0.16	25.9495	1.90	0.78	21.6657	6.94	2.83
9.335417	1.25	-18.702778	NA	17.7017	18.5348	18.4148	17.7379	18.0236	26.8088	25.7698	23.8281	27.5207	29.1453	25.0753	14.4546	15.8087	21.8624	24.1912	21.9995	33.6714	18.0826	0.38	0.17	26.3580	1.88	0.77	21.9980	6.87	2.81
9.460417	1.375	-18.577778	NA	17.9588	18.7249	18.9299	17.9143	18.2744	27.2305	26.2083	24.3162	27.8522	29.5545	25.4105	14.9744	16.2395	22.1351	24.5317	22.11	33.9778	18.3605	0.45	0.20	26.7620	1.86	0.76	22.3281	6.81	2.78
9.585417	1.5	-18.452778	NA	18.2123	18.915	19.4403	18.089	18.5224	27.6481	26.6422	24.8002	28.1824	29.9631	25.7439	15.4906	16.6631	22.4078	24.8722	22.2208	34.2799	18.6358	0.55	0.25	27.1633	1.84	0.75	22.6557	6.75	2.75
9.710417	1.625	-18.327778	NA	18.4663	19.1056	19.9603	18.2627	18.7687	28.0687	27.0756	25.2825	28.5203	30.3718	26.0783	16.0065	17.0786	22.6805	25.2127	22.3306	34.5785	18.9127	0.67	0.30	27.5662	1.83	0.75	22.9812	6.69	2.73
9.835417	1.75	-18.202778	NA	18.7246	19.2973	20.498	18.4371	19.0133	28.5009	27.5132	25.7659	28.8662	30.7837	26.4174	16.5233	17.4864	22.9532	25.5532	22.4424	34.8742	19.1941	0.80	0.36	27.9746	1.82	0.74	23.3055	6.63	2.71
9.960417	1.875	-18.077778	NA	18.9875	19.4895	21.0498	18.6123	19.2562	28.9477	27.957	26.2528	29.2203	31.2028	26.7611	17.0421	17.8896	23.2259	25.8937	22.5587	35.1696	19.4791	0.94	0.42	28.3903	1.81	0.74	23.6299	6.57	2.68
10.085417	2	-17.952778	NA	19.2533	19.6814	21.6048	18.7878	19.4976	29.4009	28.4044	26.744	29.5788	31.6276	27.1076	17.5635	18.2907	23.4986	26.2342	22.678	35.4646	19.7650	1.08	0.48	28.8105	1.80	0.74	23.9549	6.52	2.66
10.210417	2.125	-17.827778	NA	19.5219	19.873	22.1584	18.9638	19.7379	29.8496	28.8523	27.2384	29.9346	32.0544	27.4567	18.0851	18.6903	23.7741	26.5747	22.7968	35.7562	20.0510	1.23	0.55	29.2310	1.80	0.73	24.2795	6.47	2.64
10.335417	2.25	-17.702778	NA	19.7901	20.0656	22.7075	19.1415	19.9776	30.2892	29.2998	27.734	30.2804	32.482	27.8072	18.6042	19.0851	24.0568	26.8882	22.9156	36.046	20.3365	1.37	0.61	29.6488	1.79	0.73	24.5993	6.41	2.62
10.460417	2.375	-17.577778	NA	20.055	20.2599	23.2493	19.3209	20.2168	30.7178	29.7468	28.2274	30.6257	32.9104	28.1583	19.1189	19.4757	24.3407	27.1968	23.0368	36.3364	20.6204	1.52	0.68	30.0644	1.79	0.73	24.9175	6.37	2.60
10.585417	2.5	-17.452778	NA	20.3188	20.455	23.7889	19.4999	20.4552	31.1364	30.1941	28.7186	30.9679	33.3401	28.51	19.631	19.8634	24.6253	27.5064	23.1604	36.6268	20.9036	1.66	0.74	30.4779	1.78	0.73	25.2355	6.32	2.58
10.710417	2.625	-17.327778	NA	20.5842	20.6502	24.3346	19.6791	20.6926	31.5545	30.6432	29.2098	31.3154	33.7739	28.8618	20.1446	20.2465	24.9073	27.8186	23.283	36.9157	21.1881	1.81	0.81	30.8931	1.79	0.73	25.5526	6.28	2.56
10.835417	2.75	-17.202778	NA	20.8533	20.8466	24.8901	19.8591	20.9284	31.9783	31.0955	29.7032	31.6698	34.2115	29.2155	20.6616	20.6285	25.1897	28.1334	23.4061	37.2054	21.4755	1.96	0.88	31.3123	1.79	0.73	25.8708	6.24	2.55
10.960417	2.875	-17.077778	NA	21.1277	21.0437	25.4521	20.0392	21.1622	32.4086	31.5518	30.2004	32.0298	34.6521	29.5736	21.1814	21.0111	25.4729	28.4476	23.5312	37.4947	21.7650	2.11	0.95	31.7360	1.80	0.73	26.1898	6.20	2.53
11.085417	3	-16.952778	NA	21.4064	21.2406	26.017	20.2199	21.3948	32.8429	32.0133	30.7004	32.392	35.099	29.9357	21.7007	21.3934	25.7546	28.7636	23.6574	37.784	22.0557	2.27	1.01	32.1639	1.80	0.74	26.5089	6.17	2.52
11.210417	3.125	-16.827778	NA	21.6867	21.437	26.581	20.4004	21.6284	33.2786	32.4765	31.2037	32.7547	35.5512	30.2994	22.2191	21.7753	26.0356	29.0798	23.7852	38.0724	22.3467	2.42	1.08	32.5940	1.81	0.74	26.8279	6.13	2.50
11.335417	3.25	-16.702778	NA	21.9683	21.6335	27.1417	20.5817	21.8631	33.7162	32.9398	31.7091	33.1175	36.0091	30.6645	22.7353	22.1571	26.3197	29.3949	23.9119	38.3591	22.6377	2.58	1.15	33.0260	1.83	0.75	27.1463	6.10	2.49
11.460417	3.375	-16.577778	NA	22.2506	21.8306	27.7032	20.7644	22.0976	34.1538	33.4046	32.2175	33.4807	36.4714	31.0314	23.2499	22.5378	26.6073	29.7109	24.0364	38.645	22.9293	2.73	1.22	33.4599	1.84	0.75	27.4645	6.08	2.48
11.585417	3.5	-16.452778	NA	22.5314	22.0294	28.2635	20.9483	22.3302	34.5898	33.872	32.7295	33.8441	36.9364	31.4004	23.7643	22.9168	26.8987	30.0265	24.1613	38.9298	23.2206	2.88	1.29	33.8954	1.86	0.76	27.7829	6.05	2.47
11.710417	3.625	-16.327778	NA	22.8123	22.2303	28.8191	21.1326	22.5605	35.0268	34.3402	33.2419	34.2072	37.4028	31.7688	24.277	23.2947	27.1927	30.3431	24.2873	39.2148	23.5110	3.04	1.36	34.3313	1.88	0.77	28.1016	6.03	2.46
11.835417	3.75	-16.202778	NA	23.0944	22.4326	29.3742	21.3179	22.7895	35.4646	34.8077	33.7523	34.5725	37.871	32.1367	24.7882	23.672	27.4863	30.6621	24.4141	39.5004	23.8017	3.19	1.43	34.7675	1.90	0.78	28.4205	6.01	2.45
11.960417	3.875	-16.077778	NA	23.3789	22.6359	29.9332	21.5046	23.0178	35.9072	35.2774	34.2639	34.9447	38.3404	32.507	25.3	24.0485	27.7779	30.9852	24.5424	39.7862	24.0941	3.34	1.49	35.2068	1.93	0.79	28.7400	5.99	2.45
12.085417	4	-15.952778	NA	23.6669	22.8393	30.4941	21.6905	23.2467	36.3548	35.7517	34.7786	35.3206	38.8104	32.879	25.8119	24.4242	28.0692	31.3105	24.6717	40.0701	24.3875	3.49	1.56	35.6492	1.95	0.80	29.0596	5.98	2.44
12.210417	4.125	-15.827778	NA	23.9547	23.043	31.0531	21.8766	23.4754	36.8038	36.229	35.295	35.6964	39.2841	33.2518	26.3236	24.7985	28.3611	31.6343	24.8021	40.3499	24.6806	3.64	1.63	36.0934	1.98	0.81	29.3783	5.96	2.43
12.335417	4.25	-15.702778	NA	24.2406	23.2472	31.6117	22.0647	23.7032	37.2523	36.7056	35.8128	36.0723	39.7617	33.6258	26.8352	25.1717	28.6532	31.9563	24.934	40.6264	24.9735	3.80	1.70	36.5384	2.01	0.82	29.6961	5.95	2.43
12.460417	4.375	-15.577778	NA	24.5267	23.452	32.1687	22.2545	23.9303	37.7004	37.1828	36.3321	36.452	40.2377	34.0008	27.3443	25.5441	28.9462	32.2789	25.065	40.9028	25.2664	3.95	1.77	36.9843	2.04	0.83	30.0136	5.94	2.43
12.585417	4.5	-15.452778	NA	24.8148	23.6576	32.727	22.4459	24.158	38.1509	37.6624	36.8537	36.8338	40.7161	34.3772	27.8534	25.9143	29.2406	32.6024	25.197	41.1804	25.5607	4.10	1.83	37.4323	2.07	0.84	30.3314	5.93	2.42
12.710417	4.625	-15.327778	NA	25.1032	23.8645	33.2857	22.6384	24.3867	38.6036	38.1424	37.3775	37.2141	41.203	34.7564	28.3614	26.2825	29.537	32.9253	25.334	41.4586	25.8557	4.25	1.90	37.8828	2.10	0.86	30.6498	5.93	2.42
12.835417	4.75	-15.202778	NA	25.3912	24.0729	33.8434	22.831	24.6149	39.0575	38.6233	37.9008	37.5956	41.6949	35.1375	28.8685	26.6494	29.8353	33.2475	25.4746	41.7372	26.1507	4.40	1.97	38.3349	2.14	0.87	30.9688	5.93	2.42
12.960417	4.875	-15.077778	NA	25.6821	24.2834	34.3989	23.0239	24.8448	39.5129	39.1055	38.4256	37.9785	42.1864	35.519	29.3769	27.0147	30.1352	33.5711	25.6182	42.015	26.4466	4.55	2.03	38.7880	2.17	0.89	31.2885	5.93	2.42
13.085417	5	-14.952778	NA	25.9757	24.4953	34.9545	23.2173	25.076	39.9703	39.591	38.9541	38.3622	42.6786	35.9016	29.8847	27.3773	30.4367	33.8967	25.7646	42.2923	26.7438	4.70	2.10	39.2430	2.21	0.90	31.6087	5.93	2.42
13.210417	5.125	-14.827778	NA	26.2708	24.7079	35.5122	23.4114	25.306	40.4294	40.0787	39.4853	38.7472	43.1745	36.2859	30.3925	27.7382	30.7398	34.2252	25.9108	42.5684	27.0417	4.85	2.17	39.7002	2.25	0.92	31.9291	5.93	2.42
13.335417	5.25	-14.702778	NA	26.5681	24.9224	36.0687	23.606	25.5357	40.89	40.5659	40.018	39.1313	43.6734	36.6702	30.9007	28.0984	31.0426	34.5548	26.058	42.8432	27.3402	5.00	2.23	40.1581	2.29	0.94	32.2496	5.94	2.42
13.460417	5.375	-14.577778	NA	26.8657	25.1397	36.6229	23.8018	25.7675	41.3491	41.0541	40.5521	39.5126	44.1716	37.0524	31.4077	28.4582	31.3437	34.8842	26.2072	43.1179	27.6395	5.14	2.30	40.6153	2.34	0.95	32.5698	5.95	2.43
13.585417	5.5	-14.452778	NA	27.161	25.3596	37.1771	23.9997	26.0006	41.8076	41.5454	41.0875	39.8953	44.6688	37.4346	31.9133	28.8171	31.6464	35.2145	26.3564	43.3923	27.9396	5.29	2.37	41.0732	2.38	0.97	32.8900	5.96	2.43
13.710417	5.625	-14.327778	NA	27.4547	25.5806	37.7307	24.1982	26.2332	42.2686	42.0382	41.6235	40.2797	45.1657	37.819	32.4172	29.1745	31.9515	35.5448	26.505	43.6668	28.2395	5.43	2.43	41.5324	2.42	0.99	33.2100	5.97	2.44
13.835417	5.75	-14.202778	NA	27.7491	25.8027	38.2849	24.3972	26.4674	42.7297	42.5319	42.159	40.6618	45.6634	38.2042	32.9212	29.5308	32.2585	35.8763	26.6524	43.9412	28.5403	5.58	2.50	41.9917	2.47	1.01	33.5301	5.99	2.44
13.960417	5.875	-14.077778	NA	28.0435	26.0264	38.8423	24.596	26.7035	43.1922	43.0268	42.6931	41.0431	46.164	38.5953	33.4274	29.8834	32.5697	36.2087	26.7997	44.2156	28.8423	5.73	2.56	42.4524	2.51	1.03	33.8507	6.00	2.45
14.085417	6	-13.952778	NA	28.3372	26.2511	39.4026	24.7949	26.939	43.6656	43.519	43.2264	41.4233	46.6639	38.9883	33.9191	30.2334	32.8832	36.5432	26.9483	44.4906	29.1450	5.87	2.63	42.9144	2.56	1.04	34.1696	6.03	2.46
14.210417	6.125	-13.827778	NA	28.6308	26.4763	39.9586	24.9939	27.1744	44.1408	44.0108	43.7597	41.806	47.1629	39.3814	34.4092	30.5833	33.1967	36.8779	27.097	44.7655	29.4468	6.02	2.69	43.3769	2.60	1.06	34.4883	6.05	2.47
14.335417	6.25	-13.702778	NA	28.9202	26.7024	40.4985	25.1932	27.4067	44.6238	44.4989	44.2916	42.1997	47.655	39.7811	34.8818	30.9316	33.512	37.2138	27.246	45.0398	29.7442	6.16	2.75	43.8417	2.64	1.08	34.8042	6.07	2.48
14.460417	6.375	-13.577778	NA	29.2074	26.9292	41.0247	25.3931	27.6383	45.1056	44.9847	44.8216	42.6057	48.1435	40.1823	35.3548	31.2764	33.8283	37.5491	27.3952	45.3112	30.0385	6.29	2.81	44.3072	2.68	1.10	35.1192	6.10	2.49
14.585417	6.5	-13.452778	NA	29.4959	27.1572	41.55	25.594	27.8711	45.5877	45.4696	45.3471	43.0176	48.6322	40.5852	35.8286	31.6165	34.1448	37.8854	27.5439	45.5791	30.3336	6.43	2.87	44.7732	2.72	1.11	35.4331	6.12	2.50
14.710417	6.625	-13.327778	NA	29.7841	27.3877	42.0749	25.7961	28.1042	46.069	45.9535	45.8686	43.4275	49.1208	40.9904	36.3019	31.9522	34.4638	38.2226	27.6928	45.846	30.6294	6.56	2.93	45.2383	2.76	1.13	35.7465	6.15	2.51
14.835417	6.75	-13.202778	NA	30.0722	27.6211	42.6	25.9984	28.338	46.5446	46.4384	46.3935	43.8247	49.6035	41.3949	36.7705	32.2861	34.7841	38.561	27.8435	46.112	30.9259	6.69	2.99	45.6999	2.79	1.14	36.0595	6.18	2.52
14.960417	6.875	-13.077778	NA	30.3639	27.8574	43.1272	26.201	28.573	47.0199	46.931	46.9241	44.2195	50.0838	41.7975	37.2341	32.6204	35.1028	38.8996	27.9968	46.3775	31.2245	6.82	3.05	46.1626	2.83	1.16	36.3719	6.21	2.54
15.085417	7	-12.952778	NA	30.6585	28.0958	43.6609	26.4048	28.8108	47.4942	47.4313	47.4564	44.6086	50.5716	42.201	37.6966	32.9545	35.4209	39.2397	28.1514	46.6415	31.5262	6.95	3.11	46.6272	2.87	1.17	36.6841	6.25	2.55
15.210417	7.125	-12.827778	NA	30.9558	28.3371	44.1959	26.6091	29.0522	47.9705	47.9343	47.9878	45.0023	51.0642	42.6054	38.1564	33.2869	35.7405	39.5779	28.307	46.9027	31.8300	7.09	3.17	47.0941	2.92	1.19	36.9952	6.28	2.56
15.335417	7.25	-12.702778	NA	31.2532	28.5805	44.7273	26.814	29.2937	48.4464	48.4372	48.5181	45.3953	51.5572	43.0099	38.6134	33.6183	36.0609	39.9138	28.465	47.1627	32.1337	7.22	3.23	47.5607	2.96	1.21	37.3057	6.31	2.58
15.460417	7.375	-12.577778	NA	31.5466	28.8243	45.2591	27.0193	29.5329	48.923	48.9404	49.0479	45.7875	52.0496	43.4136	39.0687	33.9489	36.3807	40.2506	28.6232	47.4233	32.4364	7.35	3.29	48.0270	3.01	1.23	37.6159	6.34	2.59
15.585417	7.5	-12.452778	NA	31.8398	29.0699	45.7901	27.2258	29.7719	49.4016	49.445	49.5779	46.1794	52.5418	43.8192	39.5278	34.2781	36.6996	40.589	28.7795	47.685	32.7395	7.48	3.35	48.4942	3.05	1.24	37.9265	6.38	2.60
15.710417	7.625	-12.327778	NA	32.1356	29.3177	46.3181	27.4335	30.0126	49.8813	49.951	50.1079	46.5715	53.0357	44.2264	39.9885	34.6054	37.0198	40.9289	28.9363	47.9481	33.0435	7.61	3.40	48.9623	3.09	1.26	38.2378	6.42	2.62
15.835417	7.75	-12.202778	NA	32.4307	29.5685	46.8442	27.6413	30.2543	50.3573	50.4574	50.6378	46.9641	53.5309	44.6325	40.446	34.9325	37.3402	41.2688	29.0934	48.2114	33.3478	7.74	3.46	49.4300	3.14	1.28	38.5487	6.45	2.64
15.960417	7.875	-12.077778	NA	32.7363	29.8244	47.3707	27.8509	30.5027	50.8342	50.9735	51.1762	47.3609	54.0363	45.0475	40.9047	35.2633	37.6625	41.6116	29.2509	48.4773	33.6570	7.86	3.52	49.9048	3.19	1.30	38.8617	6.50	2.65
16.085417	8	-11.952778	NA	33.0426	30.0823	47.8987	28.0612	30.7519	51.3155	51.4898	51.7192	47.761	54.5444	45.464	41.382	35.5978	37.9865	41.9664	29.4091	48.7461	33.9673	7.99	3.57	50.3823	3.23	1.32	39.1813	6.54	2.67
16.210417	8.125	-11.827778	NA	33.3565	30.3425	48.4254	28.274	31.0068	51.7971	52.0079	52.2667	48.1476	55.0595	45.8843	41.8653	35.9342	38.3165	42.3195	29.5698	49.0171	34.2810	8.11	3.63	50.8605	3.28	1.34	39.5037	6.59	2.69
16.335417	8.25	-11.702778	NA	33.6638	30.6037	48.9477	28.4869	31.2618	52.2792	52.5135	52.8091	48.5222	55.5708	46.2989	42.3376	36.2699	38.6467	42.6608	29.732	49.2879	34.5928	8.23	3.68	51.3323	3.34	1.36	39.8225	6.63	2.71
16.460417	8.375	-11.577778	NA	33.9707	30.8662	49.4654	28.7001	31.517	52.7604	53.0165	53.3454	48.9001	56.0788	46.7101	42.8075	36.6009	38.9696	42.9986	29.8937	49.5561	34.9039	8.35	3.74	51.8019	3.39	1.38	40.1377	6.68	2.73
16.585417	8.5	-11.452778	NA	34.2777	31.1325	49.9807	28.9156	31.7726	53.2405	53.519	53.8793	49.2796	56.5869	47.1194	43.277	36.9301	39.293	43.3347	30.0557	49.8239	35.2158	8.47	3.79	52.2708	3.44	1.40	40.4524	6.72	2.74
16.710417	8.625	-11.327778	NA	34.5824	31.4028	50.4968	29.1322	32.0298	53.7177	54.0175	54.4121	49.6575	57.0956	47.5289	43.7467	37.2591	39.6215	43.6697	30.2185	50.0912	35.5288	8.59	3.84	52.7382	3.49	1.43	40.7678	6.77	2.76
16.835417	8.75	-11.202778	NA	34.8882	31.676	51.0145	29.3469	32.2885	54.1923	54.5153	54.9442	50.0359	57.6026	47.9383	44.2173	37.587	39.9495	44.0056	30.3806	50.3587	35.8428	8.71	3.89	53.2048	3.55	1.45	41.0831	6.82	2.78
16.960417	8.875	-11.077778	NA	35.1964	31.9531	51.5346	29.5617	32.5497	54.6688	55.0152	55.4762	50.4162	58.11	48.3489	44.6879	37.9126	40.2747	44.3438	30.5423	50.6254	36.1591	8.83	3.95	53.6726	3.60	1.47	41.3978	6.87	2.80
17.085417	9	-10.952778	NA	35.5049	32.2355	52.0559	29.7793	32.8146	55.1477	55.5181	56.0095	50.7988	58.6205	48.7623	45.1588	38.2382	40.6012	44.6833	30.7053	50.8909	36.4780	8.94	4.00	54.1428	3.65	1.49	41.7129	6.92	2.82
17.210417	9.125	-10.827778	NA	35.8128	32.5214	52.5744	29.9977	33.0811	55.6258	56.0225	56.5443	51.1832	59.1329	49.1769	45.6323	38.5649	40.9304	45.0213	30.869	51.156	36.7975	9.06	4.05	54.6143	3.70	1.51	42.0290	6.97	2.85
17.335417	9.25	-10.702778	NA	36.1186	32.8083	53.0889	30.2167	33.3476	56.1032	56.5231	57.0793	51.567	59.6457	49.5898	46.1064	38.8907	41.2613	45.3557	31.0334	51.42	37.1160	9.17	4.10	55.0847	3.75	1.53	42.3446	7.02	2.87
17.460417	9.375	-10.577778	NA	36.4212	33.0962	53.6012	30.4366	33.614	56.5803	57.0217	57.614	51.949	60.1579	50.0021	46.578	39.2157	41.593	45.6867	31.1992	51.6824	37.4338	9.28	4.15	55.5542	3.81	1.55	42.6592	7.07	2.89
17.585417	9.5	-10.452778	NA	36.722	33.3856	54.1118	30.6563	33.8808	57.0521	57.5188	58.1474	52.3287	60.6689	50.4155	47.0464	39.5409	41.9231	46.0153	31.3667	51.9439	37.7513	9.40	4.20	56.0219	3.86	1.58	42.9727	7.13	2.91
17.710417	9.625	-10.327778	NA	37.0227	33.6798	54.6259	30.8764	34.1498	57.5214	58.0134	58.6786	52.7138	61.1788	50.8279	47.5126	39.8662	42.2535	46.343	31.5351	52.2089	38.0709	9.51	4.25	56.4890	3.91	1.60	43.2865	7.18	2.93
17.835417	9.75	-10.202778	NA	37.3425	33.9832	55.1516	31.1007	34.4229	57.9996	58.5159	59.2191	53.1191	61.6963	51.2415	47.9829	40.1943	42.5907	46.6753	31.7065	52.4776	38.4002	9.62	4.30	56.9652	3.96	1.62	43.6046	7.23	2.95
17.960417	9.875	-10.077778	NA	37.6665	34.2906	55.6772	31.3266	34.6964	58.4778	59.0183	59.7659	53.544	62.216	51.6554	48.4533	40.5258	42.932	47.0075	31.8799	52.7471	38.7315	9.74	4.35	57.4462	4.01	1.64	43.9243	7.29	2.97
18.085417	10	-9.952778	NA	37.9842	34.5988	56.212	31.5521	34.972	58.9612	59.5256	60.3124	53.9679	62.7316	52.0693	48.9247	40.8588	43.2724	47.3451	32.0534	53.0205	39.0638	9.85	4.41	57.9280	4.06	1.66	44.2458	7.34	3.00
18.210417	10.125	-9.827778	NA	38.2945	34.9047	56.7384	31.7756	35.2501	59.4379	60.0345	60.85	54.395	63.2411	52.4826	49.3953	41.1857	43.6058	47.6824	32.2249	53.2887	39.3927	9.97	4.46	58.4068	4.10	1.68	44.5638	7.40	3.02
18.335417	10.25	-9.702778	NA	38.6005	35.2114	57.2555	31.9991	35.5293	59.9072	60.5407	61.3855	54.8218	63.7499	52.8947	49.8636	41.5091	43.9425	48.0157	32.3973	53.5544	39.7192	10.08	4.51	58.8833	4.15	1.69	44.8804	7.46	3.04
18.460417	10.375	-9.577778	NA	38.9023	35.5204	57.7644	32.2236	35.8088	60.3705	61.043	61.9187	55.2464	64.2572	53.3056	50.3284	41.831	44.2856	48.3447	32.5708	53.8185	40.0439	10.18	4.55	59.3569	4.19	1.71	45.1965	7.51	3.07
18.585417	10.5	-9.452778	NA	39.2003	35.8308	58.2696	32.4485	36.0884	60.8308	61.5411	62.4487	55.6682	64.7615	53.7138	50.7894	42.151	44.6304	48.6697	32.745	54.0812	40.3675	10.29	4.60	59.8274	4.24	1.73	45.5111	7.57	3.09
18.710417	10.625	-9.327778	NA	39.4974	36.1436	58.7761	32.6734	36.3679	61.2907	62.0359	62.9777	56.0916	65.2645	54.1191	51.2499	42.4685	44.9777	48.9979	32.9196	54.3439	40.6917	10.39	4.65	60.2966	4.28	1.75	45.8263	7.62	3.11
18.835417	10.75	-9.202778	NA	39.7993	36.4591	59.2925	32.8993	36.6491	61.7538	62.5322	63.5086	56.5224	65.7701	54.5243	51.7157	42.7875	45.327	49.3269	33.0959	54.606	41.0199	10.50	4.70	60.7686	4.33	1.77	46.1432	7.68	3.14
18.960417	10.875	-9.077778	NA	40.1085	36.7767	59.8145	33.1284	36.9327	62.2227	63.0324	64.0433	56.9596	66.2798	54.932	52.1865	43.1096	45.6796	49.6615	33.2752	54.8687	41.3522	10.61	4.75	61.2450	4.37	1.78	46.4635	7.74	3.16
19.085417	11	-8.952778	NA	40.422	37.0976	60.3355	33.3601	37.2167	62.6925	63.5352	64.5818	57.3971	66.7914	55.3421	52.6579	43.4334	46.0362	49.9978	33.4581	55.1342	41.6864	10.72	4.79	61.7234	4.42	1.80	46.7863	7.80	3.18
19.210417	11.125	-8.827778	NA	40.737	37.4198	60.8554	33.5949	37.5022	63.1647	64.0389	65.1225	57.8345	67.3029	55.7529	53.1288	43.757	46.3947	50.3327	33.6428	55.3996	42.0219	10.83	4.84	62.2027	4.46	1.82	47.1093	7.85	3.21
19.335417	11.25	-8.702778	NA	41.0495	37.7413	61.3681	33.8322	37.7896	63.6337	64.5409	65.6631	58.2699	67.8133	56.1641	53.5976	44.0806	46.7524	50.6626	33.8305	55.6623	42.3561	10.93	4.89	62.6808	4.51	1.84	47.4310	7.91	3.23
19.460417	11.375	-8.577778	NA	41.3562	38.0638	61.8735	34.069	38.0765	64.0966	65.0383	66.2017	58.6978	68.3202	56.5743	54.0619	44.4043	47.1087	50.9866	34.0194	55.9246	42.6878	11.03	4.93	63.1548	4.55	1.86	47.7509	7.97	3.25
19.585417	11.5	-8.452778	NA	41.6603	38.388	62.3795	34.3047	38.3626	64.555	65.5306	66.7374	59.1217	68.8232	56.9833	54.5238	44.7276	47.4667	51.308	34.208	56.1848	43.0190	11.13	4.98	63.6252	4.60	1.88	48.0698	8.02	3.27
19.710417	11.625	-8.327778	NA	41.9655	38.7131	62.8889	34.5403	38.65	65.0116	66.0209	67.2719	59.548	69.3242	57.3908	54.9873	45.0519	47.8275	51.6298	34.397	56.4455	43.3516	11.23	5.02	64.0946	4.64	1.89	48.3898	8.08	3.30
19.835417	11.75	-8.202778	NA	42.2751	39.0404	63.4077	34.7761	38.9397	65.473	66.5126	67.8079	59.9775	69.8251	57.7978	55.4536	45.3785	48.194	51.9558	34.5877	56.7101	43.6878	11.34	5.07	64.5657	4.68	1.91	48.7133	8.13	3.32
19.960417	11.875	-8.077778	NA	42.5904	39.3701	63.9345	35.0128	39.2312	65.9407	67.0065	68.347	60.4096	70.3263	58.2072	55.9225	45.7067	48.5662	52.2873	34.7788	56.9765	44.0278	11.45	5.12	65.0396	4.73	1.93	49.0397	8.19	3.34
20.085417	12	-7.952778	NA	42.9098	39.7023	64.4614	35.2497	39.5243	66.4099	67.5015	68.8886	60.8442	70.8268	58.6186	56.3926	46.036	48.939	52.6206	34.9707	57.2424	44.3695	11.56	5.17	65.5149	4.77	1.95	49.3669	8.25	3.37
20.210417	12.125	-7.827778	NA	43.2296	40.0358	64.983	35.4872	39.8193	66.8801	67.9954	69.4305	61.2796	71.3255	59.0293	56.8615	46.3658	49.3105	52.9519	35.1644	57.5083	44.7110	11.66	5.22	65.9901	4.81	1.96	49.6937	8.31	3.39
20.335417	12.25	-7.702778	NA	43.5472	40.3692	65.4972	35.726	40.1164	67.3492	68.4887	69.972	61.7134	71.8233	59.439	57.3299	46.6951	49.6847	53.2789	35.3613	57.7725	45.0512	11.76	5.26	66.4643	4.85	1.98	50.0204	8.37	3.42
20.460417	12.375	-7.577778	NA	43.8624	40.7026	66.0082	35.9659	40.4135	67.8106	68.9795	70.5129	62.1444	72.3207	59.8487	57.7942	47.0247	50.0599	53.6029	35.562	58.038	45.3905	11.86	5.31	66.9361	4.90	2.00	50.3469	8.43	3.44
20.585417	12.5	-7.452778	NA	44.1742	41.0348	66.5145	36.2068	40.7095	68.2649	69.4655	71.0506	62.5669	72.8158	60.2572	58.2521	47.3539	50.4373	53.9242	35.7629	58.3078	45.7280	11.96	5.35	67.4035	4.94	2.02	50.6730	8.48	3.46
20.710417	12.625	-7.327778	NA	44.4841	41.3676	67.0207	36.4472	41.0054	68.7191	69.9485	71.5848	62.9852	73.3077	60.6642	58.7079	47.681	50.8142	54.2443	35.962	58.5829	46.0650	12.06	5.39	67.8683	4.98	2.03	50.9987	8.54	3.49
20.835417	12.75	-7.202778	NA	44.7962	41.7045	67.5339	36.6893	41.3035	69.1735	70.4329	72.1191	63.4086	73.7976	61.0709	59.1676	48.007	51.1958	54.5682	36.162	58.8601	46.4055	12.16	5.44	68.3338	5.03	2.05	51.3268	8.60	3.51
20.960417	12.875	-7.077778	NA	45.1135	42.056	68.056	36.9413	41.6193	69.6327	70.9214	72.6571	63.8385	74.2904	61.4845	59.6324	48.3375	51.5905	54.8965	36.3687	59.1377	46.7572	12.26	5.48	68.8041	5.07	2.07	51.6606	8.66	3.53
21.085417	13	-6.952778	NA	45.4377	42.4285	68.5734	37.2053	41.948	70.1037	71.4089	73.1997	64.2554	74.7876	61.9044	60.0962	48.6788	52.0114	55.2213	36.5881	59.4192	47.1186	12.35	5.52	69.2766	5.11	2.09	52.0025	8.71	3.56
21.210417	13.125	-6.827778	NA	45.7648	42.801	69.0905	37.4694	42.2768	70.5766	71.8949	73.7423	64.6711	75.2849	62.3243	60.5591	49.02	52.4323	55.5451	36.8075	59.7007	47.4805	12.44	5.56	69.7490	5.15	2.10	52.3441	8.77	3.58
21.335417	13.25	-6.702778	NA	46.0918	43.1734	69.6075	37.7334	42.6056	71.0496	72.3809	74.2849	65.0868	75.7821	62.7441	61.0219	49.3613	52.8532	55.8689	37.0269	59.9822	47.8423	12.53	5.60	70.2214	5.20	2.12	52.6857	8.82	3.60
21.460417	13.375	-6.577778	NA	46.4189	43.5459	70.1246	37.9974	42.9343	71.5225	72.8669	74.8275	65.5025	76.2794	63.164	61.4848	49.7025	53.2741	56.1927	37.2463	60.2637	48.2042	12.62	5.65	70.6938	5.24	2.14	53.0273	8.88	3.62
21.585417	13.5	-6.452778	NA	46.746	43.9183	70.6417	38.2614	43.2631	71.9954	73.3529	75.3701	65.9181	76.7766	63.5839	61.9476	50.0438	53.695	56.5164	37.4657	60.5453	48.5661	12.71	5.69	71.1662	5.28	2.16	53.3690	8.93	3.65
21.710417	13.625	-6.327778	NA	47.073	44.2908	71.1588	38.5254	43.5919	72.4684	73.8388	75.9127	66.3338	77.2739	64.0038	62.4105	50.3851	54.1159	56.8402	37.6851	60.8268	48.9280	12.80	5.73	71.6386	5.33	2.18	53.7106	8.99	3.67
21.835417	13.75	-6.202778	NA	47.4001	44.6633	71.6758	38.7894	43.9206	72.9413	74.3248	76.4553	66.7495	77.7711	64.4237	62.8733	50.7263	54.5368	57.164	37.9045	61.1083	49.2898	12.90	5.77	72.1110	5.37	2.19	54.0522	9.05	3.69
21.960417	13.875	-6.077778	NA	47.7271	45.0357	72.1929	39.0534	44.2494	73.4142	74.8108	76.9979	67.1652	78.2683	64.8436	63.3362	51.0676	54.9577	57.4878	38.1239	61.3898	49.6517	12.99	5.81	72.5833	5.42	2.21	54.3938	9.11	3.72
22.085417	14	-5.952778	NA	48.0542	45.4082	72.71	39.3174	44.5781	73.8871	75.2968	77.5405	67.5808	78.7656	65.2635	63.799	51.4088	55.3786	57.8116	38.3433	61.6713	50.0136	13.08	5.85	73.0557	5.46	2.23	54.7354	9.16	3.74
22.210417	14.125	-5.827778	NA	48.3812	45.7807	73.2271	39.5815	44.9069	74.3601	75.7828	78.0831	67.9965	79.2628	65.6834	64.2619	51.7501	55.7995	58.1353	38.5627	61.9528	50.3755	13.17	5.89	73.5281	5.51	2.25	55.0770	9.22	3.77
22.335417	14.25	-5.702778	NA	48.7083	46.1531	73.7441	39.8455	45.2357	74.833	76.2688	78.6257	68.4122	79.7601	66.1033	64.7247	52.0913	56.2204	58.4591	38.7821	62.2343	50.7373	13.26	5.93	74.0005	5.55	2.27	55.4186	9.28	3.79
22.460417	14.375	-5.577778	NA	49.0353	46.5256	74.2612	40.1095	45.5644	75.3059	76.7548	79.1683	68.8278	80.2573	66.5231	65.1876	52.4326	56.6413	58.7829	39.0015	62.5159	51.0992	13.35	5.97	74.4729	5.59	2.28	55.7603	9.34	3.81
22.585417	14.5	-5.452778	NA	49.3624	46.898	74.7783	40.3735	45.8932	75.7789	77.2408	79.7109	69.2435	80.7545	66.943	65.6504	52.7738	57.0622	59.1067	39.2209	62.7974	51.4611	13.44	6.01	74.9453	5.64	2.30	56.1019	9.40	3.84
22.710417	14.625	-5.327778	NA	49.6894	47.2705	75.2954	40.6375	46.222	76.2518	77.7267	80.2535	69.6592	81.2518	67.3629	66.1132	53.1151	57.4831	59.4305	39.4403	63.0789	51.8230	13.53	6.05	75.4176	5.68	2.32	56.4435	9.46	3.86
22.835417	14.75	-5.202778	NA	50.0165	47.643	75.8124	40.9015	46.5507	76.7247	78.2127	80.7961	70.0749	81.749	67.7828	66.5761	53.4563	57.904	59.7542	39.6597	63.3604	52.1848	13.63	6.09	75.8900	5.73	2.34	56.7851	9.52	3.89
22.960417	14.875	-5.077778	NA	50.3435	48.0154	76.3295	41.1655	46.8795	77.1977	78.6987	81.3387	70.4905	82.2463	68.2027	67.0389	53.7976	58.3249	60.078	39.8791	63.6419	52.5467	13.72	6.13	76.3624	5.77	2.36	57.1267	9.59	3.91
23.085417	15	-4.952778	NA	50.6706	48.3879	76.8466	41.4295	47.2083	77.6706	79.1847	81.8814	70.9062	82.7435	68.6226	67.5018	54.1388	58.7458	60.4018	40.0985	63.9234	52.9086	13.81	6.18	76.8348	5.82	2.37	57.4684	9.65	3.94
23.210417	15.125	-4.827778	NA	50.9976	48.7604	77.3637	41.6936	47.537	78.1435	79.6707	82.424	71.3219	83.2408	69.0425	67.9646	54.4801	59.1667	60.7256	40.3179	64.2049	53.2705	13.90	6.22	77.3072	5.86	2.39	57.8100	9.71	3.96
23.335417	15.25	-4.702778	NA	51.3247	49.1328	77.8807	41.9576	47.8658	78.6164	80.1567	82.9666	71.7376	83.738	69.4624	68.4275	54.8213	59.5876	61.0494	40.5373	64.4865	53.6323	13.99	6.26	77.7796	5.91	2.41	58.1516	9.77	3.99
23.460417	15.375	-4.577778	NA	51.6517	49.5053	78.3978	42.2216	48.1946	79.0894	80.6427	83.5092	72.1532	84.2352	69.8823	68.8903	55.1626	60.0085	61.3731	40.7567	64.768	53.9942	14.08	6.30	78.2520	5.95	2.43	58.4932	9.84	4.02
23.585417	15.5	-4.452778	NA	51.9788	49.8778	78.9149	42.4856	48.5233	79.5623	81.1287	84.0518	72.5689	84.7325	70.3021	69.3532	55.5038	60.4294	61.6969	40.9761	65.0495	54.3561	14.18	6.34	78.7244	6.00	2.45	58.8348	9.90	4.04
23.710417	15.625	-4.327778	NA	52.3058	50.2502	79.432	42.7496	48.8521	80.0352	81.6147	84.5944	72.9846	85.2297	70.722	69.816	55.8451	60.8503	62.0207	41.1955	65.331	54.7179	14.27	6.38	79.1968	6.04	2.47	59.1764	9.96	4.07
23.835417	15.75	-4.202778	NA	52.6329	50.6227	79.949	43.0136	49.1809	80.5082	82.1006	85.137	73.4003	85.727	71.1419	70.2789	56.1863	61.2712	62.3445	41.4149	65.6125	55.0798	14.36	6.42	79.6692	6.09	2.48	59.5181	10.03	4.09
23.960417	15.875	-4.077778	NA	52.9599	50.9951	80.4661	43.2776	49.5096	80.9811	82.5866	85.6796	73.8159	86.2242	71.5618	70.7417	56.5276	61.6921	62.6683	41.6343	65.894	55.4417	14.45	6.46	80.1415	6.13	2.50	59.8597	10.09	4.12
24.085417	16	-3.952778	NA	53.287	51.3676	80.9832	43.5417	49.8384	81.454	83.0726	86.2222	74.2316	86.7214	71.9817	71.2046	56.8688	62.1129	62.992	41.8537	66.1755	55.8036	14.54	6.50	80.6139	6.18	2.52	60.2013	10.16	4.15
24.210417	16.125	-3.827778	NA	53.614	51.7401	81.5003	43.8057	50.1672	81.927	83.5586	86.7648	74.6473	87.2187	72.4016	71.6674	57.2101	62.5338	63.3158	42.0731	66.4571	56.1655	14.63	6.54	81.0863	6.22	2.54	60.5429	10.22	4.17
24.335417	16.25	-3.702778	NA	53.9411	52.1125	82.0173	44.0697	50.4959	82.3999	84.0446	87.3074	75.063	87.7159	72.8215	72.1303	57.5513	62.9547	63.6396	42.2925	66.7386	56.5273	14.73	6.59	81.5587	6.27	2.56	60.8845	10.29	4.20
24.460417	16.375	-3.577778	NA	54.2681	52.485	82.5344	44.3337	50.8247	82.8728	84.5306	87.85	75.4786	88.2132	73.2414	72.5931	57.8926	63.3756	63.9634	42.5119	67.0201	56.8892	14.82	6.63	82.0311	6.31	2.58	61.2261	10.36	4.23
24.585417	16.5	-3.452778	NA	54.5952	52.8575	83.0515	44.5977	51.1535	83.3457	85.0166	88.3926	75.8943	88.7104	73.6612	73.0559	58.2338	63.7965	64.2872	42.7313	67.3016	57.2511	14.91	6.67	82.5035	6.36	2.60	61.5677	10.42	4.25
24.710417	16.625	-3.327778	NA	54.9222	53.2299	83.5686	44.8617	51.4822	83.8187	85.5026	88.9352	76.31	89.2077	74.0811	73.5188	58.5751	64.2174	64.6109	42.9507	67.5831	57.6129	15.00	6.71	82.9759	6.40	2.61	61.9093	10.49	4.28
24.835417	16.75	-3.202778	NA	55.2493	53.6024	84.0856	45.1257	51.811	84.2916	85.9886	89.4778	76.7257	89.7049	74.501	73.9816	58.9163	64.6383	64.9347	43.1701	67.8646	57.9748	15.09	6.75	83.4483	6.45	2.63	62.2509	10.56	4.31
24.960417	16.875	-3.077778	NA	55.5763	53.9748	84.6027	45.3897	52.1397	84.7645	86.4745	90.0204	77.1413	90.2021	74.9209	74.4445	59.2576	65.0592	65.2585	43.3895	68.1461	58.3366	15.19	6.79	83.9206	6.49	2.65	62.5926	10.62	4.34
25.085417	17	-2.952778	NA	55.9034	54.3473	85.1198	45.6538	52.4685	85.2375	86.9605	90.563	77.557	90.6994	75.3408	74.9073	59.5989	65.4801	65.5823	43.6089	68.4277	58.6986	15.28	6.83	84.3930	6.54	2.67	62.9342	10.69	4.37
25.210417	17.125	-2.827778	NA	56.2305	54.7198	85.6369	45.9178	52.7973	85.7104	87.4465	91.1056	77.9727	91.1966	75.7607	75.3702	59.9401	65.901	65.9061	43.8283	68.7092	59.0605	15.37	6.87	84.8654	6.58	2.69	63.2758	10.76	4.39
25.335417	17.25	-2.702778	NA	56.5575	55.0922	86.1539	46.1818	53.126	86.1833	87.9325	91.6482	78.3884	91.6939	76.1806	75.833	60.2814	66.3219	66.2299	44.0478	68.9907	59.4223	15.46	6.92	85.3378	6.63	2.71	63.6174	10.83	4.42
25.460417	17.375	-2.577778	NA	56.8846	55.4647	86.671	46.4458	53.4548	86.6563	88.4185	92.1908	78.804	92.1911	76.6005	76.2959	60.6226	66.7428	66.5536	44.2672	69.2722	59.7842	15.56	6.96	85.8102	6.68	2.73	63.9591	10.90	4.45
25.585417	17.5	-2.452778	NA	57.2116	55.8372	87.1881	46.7098	53.7836	87.1292	88.9045	92.7335	79.2197	92.6883	77.0204	76.7587	60.9639	67.1637	66.8774	44.4866	69.5537	60.1461	15.65	7.00	86.2826	6.72	2.74	64.3007	10.97	4.48
25.710417	17.625	-2.327778	NA	57.5406	56.2247	87.7044	46.9845	54.1287	87.6115	89.3905	93.2775	79.6347	93.1894	77.4479	77.2162	61.307	67.5975	67.1958	44.7099	69.8368	60.5166	15.74	7.04	86.7586	6.77	2.76	64.6439	11.03	4.50
25.835417	17.75	-2.202778	NA	57.8718	56.6306	88.2138	47.2689	54.4803	88.0995	89.8701	93.8222	80.037	93.6926	77.8786	77.6753	61.6568	68.0537	67.5202	44.9397	70.1243	60.8931	15.82	7.07	87.2333	6.81	2.78	64.9950	11.10	4.53
25.960417	17.875	-2.077778	NA	58.2075	57.0408	88.7315	47.5554	54.8309	88.5965	90.3492	94.367	80.4443	94.1956	78.3093	78.1391	62.0106	68.5166	67.8539	45.1681	70.4136	61.2732	15.90	7.11	87.7103	6.86	2.80	65.3503	11.17	4.56
26.085417	18	-1.952778	NA	58.5468	57.4532	89.2517	47.8444	55.1807	89.0957	90.8287	94.9138	80.8495	94.6974	78.7401	78.6034	62.3682	68.9893	68.1914	45.3988	70.7055	61.6554	15.98	7.15	88.1875	6.91	2.82	65.7094	11.24	4.59
26.210417	18.125	-1.827778	NA	58.8866	57.8639	89.769	48.1343	55.5297	89.5959	91.3055	95.46	81.2515	95.1969	79.17	79.065	62.7245	69.4689	68.5287	45.6316	71.0005	62.0367	16.06	7.18	88.6633	6.95	2.84	66.0699	11.31	4.62
26.335417	18.25	-1.702778	NA	59.2226	58.2729	90.2775	48.4239	55.878	90.0903	91.7767	96.0039	81.6461	95.694	79.5981	79.5222	63.0775	69.9486	68.8612	45.863	71.2951	62.4150	16.14	7.22	89.1349	7.00	2.86	66.4279	11.38	4.65
26.460417	18.375	-1.577778	NA	59.5521	58.6824	90.7715	48.7128	56.226	90.5735	92.2395	96.5436	82.0291	96.1858	80.0228	79.9715	63.4274	70.4244	69.1838	46.0904	71.5862	62.7890	16.21	7.25	89.5991	7.05	2.88	66.7806	11.45	4.67
26.585417	18.5	-1.452778	NA	59.8781	59.092	91.264	49.0014	56.5742	91.0531	92.6985	97.0782	82.4099	96.6722	80.4442	80.4184	63.7752	70.8993	69.5048	46.3149	71.8741	63.1619	16.29	7.28	90.0593	7.10	2.90	67.1311	11.52	4.70
26.710417	18.625	-1.327778	NA	60.2029	59.5032	91.7637	49.2909	56.9228	91.5309	93.1569	97.6101	82.7924	97.1562	80.8632	80.8677	64.1243	71.3737	69.8299	46.5415	72.1612	63.5367	16.36	7.32	90.5183	7.14	2.92	67.4830	11.59	4.73
26.835417	18.75	-1.202778	NA	60.5309	59.9176	92.2704	49.5833	57.2714	92.01	93.6147	98.1409	83.1763	97.6401	81.2813	81.319	64.4747	71.8508	70.16	46.7702	72.4461	63.9147	16.44	7.35	90.9772	7.19	2.94	67.8368	11.66	4.76
26.960417	18.875	-1.077778	NA	60.8677	60.3338	92.7869	49.8803	57.621	92.4977	94.0748	98.6732	83.5674	98.1262	81.7025	81.7753	64.8276	72.3347	70.4988	46.9995	72.7327	64.2979	16.52	7.39	91.4403	7.24	2.95	68.1948	11.73	4.79
27.085417	19	-0.952778	NA	61.2096	60.7511	93.3053	50.1791	57.9716	92.9902	94.5352	99.2081	83.9601	98.6128	82.1265	82.2334	65.1838	72.8222	70.8425	47.2304	73.0254	64.6833	16.60	7.42	91.9055	7.28	2.97	68.5563	11.80	4.82
27.210417	19.125	-0.827778	NA	61.5498	61.1679	93.8174	50.4768	58.3239	93.4839	94.9926	99.7425	84.3496	99.0957	82.5497	82.6882	65.5392	73.3157	71.1851	47.4654	73.3216	65.0672	16.68	7.46	92.3690	7.33	2.99	68.9192	11.88	4.85
27.335417	19.25	-0.702778	NA	61.8859	61.5833	94.3195	50.7757	58.6787	93.9736	95.4463	100.2749	84.7322	99.5748	82.9715	83.1379	65.8924	73.8172	71.5232	47.7055	73.6171	65.4486	16.75	7.49	92.8289	7.37	3.01	69.2822	11.94	4.88
27.460417	19.375	-0.577778	NA	62.211	61.998	94.8011	51.0754	59.0316	94.4435	95.8903	100.8013	85.1069	100.0478	83.3885	83.5818	66.2427	74.3153	71.8479	47.9466	73.909	65.8234	16.82	7.52	93.2797	7.42	3.03	69.6406	12.01	4.90
27.585417	19.5	-0.452778	NA	62.5269	62.4121	95.2799	51.3738	59.3825	94.9053	96.3264	101.3176	85.4813	100.5138	83.7993	84.0248	66.5867	74.8097	72.1693	48.1841	74.1958	66.1950	16.88	7.55	93.7240	7.46	3.05	69.9951	12.08	4.93
27.710417	19.625	-0.327778	NA	62.8454	62.827	95.7713	51.6728	59.7357	95.372	96.7624	101.8289	85.8523	100.9776	84.208	84.4663	66.9269	75.3117	72.5001	48.4187	74.4813	66.5704	16.95	7.58	94.1669	7.50	3.06	70.3508	12.15	4.96
27.835417	19.75	-0.202778	NA	63.1676	63.2425	96.2636	51.9743	60.0905	95.8376	97.1991	102.3402	86.2217	101.4417	84.6161	84.9082	67.2687	75.8192	72.8334	48.6534	74.7691	66.9477	17.02	7.61	94.6094	7.55	3.08	70.7087	12.22	4.99
27.960417	19.875	-0.077778	NA	63.4905	63.6581	96.7558	52.2768	60.4454	96.3033	97.6359	102.8515	86.5911	101.906	85.0239	85.3501	67.6105	76.3267	73.1669	48.888	75.0568	67.3253	17.09	7.64	95.0520	7.59	3.10	71.0665	12.30	5.02
28.038194	19.952778	0	NA	63.6915	63.9167	97.0621	52.465	60.6662	96.593	97.9077	103.1696	86.821	102.1949	85.2777	85.6251	67.8231	76.6425	73.3744	49.034	75.2359	67.5603	17.13	7.66	95.3273	7.62	3.11	71.2892	12.34	5.04
28.163194	20.077778	0.125	NA	64.362	64.3128	98.0679	52.6715	60.9841	97.5497	98.751	104.0532	87.6121	102.9723	86.0503	86.1764	68.2927	77.1511	73.7653	49.5729	75.7707	68.0797	17.43	7.79	96.1648	7.65	3.12	71.7882	12.34	5.04
28.288194	20.202778	0.25	NA	65.1073	64.709	99.2618	52.8705	61.3019	98.6708	99.6949	104.9369	88.5584	103.7875	86.876	86.7277	68.7622	77.6597	74.1679	50.1118	76.3056	68.6501	17.81	7.96	97.0874	7.65	3.12	72.2892	12.34	5.04
28.413194	20.327778	0.375	NA	66.0439	65.1	100.4613	52.9746	61.6197	99.933	100.8588	106.1628	89.5414	104.9216	87.9559	87.279	69.3832	78.2132	74.5873	50.9443	77.0689	69.2399	18.20	8.14	98.2289	7.73	3.15	72.9126	12.24	5.00
28.538194	20.452778	0.5	NA	66.9891	65.5692	101.6497	53.0881	61.9376	101.1758	102.0229	107.4604	90.5229	106.0577	89.0479	87.8302	70.1556	78.8988	75.071	51.9337	77.9868	69.8467	18.58	8.31	99.3813	7.81	3.19	73.6460	12.11	4.94
28.663194	20.577778	0.625	NA	68.0232	66.147	102.9441	53.2016	62.2479	102.4228	103.156	108.8671	91.6091	107.2113	90.1941	88.3815	70.9122	79.5961	75.6615	53.0115	78.8099	70.5128	19.01	8.50	100.5767	7.89	3.22	74.3954	11.94	4.88
28.788194	20.702778	0.75	NA	69.0301	66.7159	104.1718	53.3151	62.5292	103.5196	104.1135	110.1639	92.6223	108.3406	91.248	88.9328	71.4466	80.2933	76.2511	54.0018	79.6044	71.1524	19.41	8.68	101.6680	7.96	3.25	75.0883	11.82	4.82
28.913194	20.827778	0.875	NA	69.9129	67.1645	105.3288	53.4286	62.8099	104.4659	105.0711	111.1433	93.5467	109.2637	92.1055	89.4841	71.9195	80.8257	76.7902	54.7958	80.3988	71.7289	19.80	8.85	102.5994	7.99	3.26	75.7023	11.75	4.80
29.038194	20.952778	1	NA	70.7085	67.595	106.2861	53.5421	63.0934	105.257	105.8774	112.0765	94.265	110.1145	92.8928	90.0668	72.3924	81.3301	77.2425	55.5521	81.1918	72.2450	20.10	8.99	103.4139	8.05	3.29	76.2960	11.71	4.78
29.163194	21.077778	1.125	NA	71.3629	67.9487	107.1145	53.6556	63.384	105.9415	106.5113	112.8214	94.8715	110.7823	93.5404	90.6234	72.7222	81.739	77.612	56.1638	81.7195	72.6931	20.36	9.11	104.0781	8.08	3.30	76.7633	11.69	4.77
29.288194	21.202778	1.25	NA	71.9425	68.2711	107.8762	53.7691	63.6762	106.581	107.1048	113.5173	95.4331	111.4073	94.1392	91.1159	73.0351	82.1205	77.9353	56.7194	82.1996	73.1070	20.59	9.21	104.6971	8.12	3.31	77.1876	11.66	4.76
29.413194	21.327778	1.375	NA	72.479	68.5744	108.5986	53.8826	63.9577	107.1946	107.6713	114.1859	95.9685	112.0209	94.7079	91.5775	73.336	82.482	78.2279	57.2409	82.6517	73.4985	20.82	9.31	105.2915	8.16	3.33	77.5860	11.64	4.75
29.538194	21.452778	1.5	NA	72.9919	68.8675	109.2997	53.9962	64.2237	107.7947	108.2209	114.8375	96.4888	112.606	95.2568	92.0237	73.6181	82.8318	78.5005	57.7355	83.0891	73.8758	21.03	9.40	105.8675	8.19	3.34	77.9665	11.63	4.75
29.663194	21.577778	1.625	NA	73.4906	69.1545	109.9879	54.1097	64.4752	108.3876	108.7596	115.4778	96.9982	113.1835	95.7928	92.4644	73.8889	83.1778	78.761	58.215	83.5144	74.2436	21.24	9.50	106.4333	8.23	3.36	78.3369	11.62	4.74
29.788194	21.702778	1.75	NA	73.9847	69.4392	110.6671	54.2232	64.715	108.9782	109.2985	116.1114	97.4998	113.7578	96.326	92.9087	74.1553	83.5215	79.0202	58.6887	83.9269	74.6058	21.45	9.59	106.9953	8.27	3.38	78.7036	11.61	4.74
29.913194	21.827778	1.875	NA	74.4808	69.7262	111.3445	54.3367	64.9493	109.5974	109.8424	116.7503	97.9967	114.336	96.8632	93.3558	74.4242	83.8713	79.2802	59.1621	84.347	74.9675	21.66	9.69	107.5643	8.31	3.39	79.0734	11.60	4.74
30.038194	21.952778	2	NA	74.9776	70.0149	112.0207	54.4502	65.1773	110.232	110.3924	117.3915	98.4916	114.9176	97.3985	93.8054	74.6967	84.2251	79.5374	59.6341	84.7685	75.3281	21.87	9.78	108.1373	8.36	3.41	79.4445	11.60	4.73
30.163194	22.077778	2.125	NA	75.466	70.3051	112.6928	54.5637	65.398	110.8433	110.9328	118.03	98.982	115.4968	97.9257	94.2384	74.9772	84.586	79.7867	60.1049	85.1912	75.6851	22.08	9.88	108.7018	8.41	3.43	79.8141	11.59	4.73
30.288194	22.202778	2.25	NA	75.9563	70.5984	113.364	54.6883	65.6142	111.4556	111.4711	118.668	99.4732	116.0757	98.4537	94.6679	75.2634	84.9571	80.0383	60.5785	85.6185	76.0442	22.29	9.97	109.2662	8.45	3.45	80.1873	11.58	4.73
30.413194	22.327778	2.375	NA	76.4519	70.8958	114.0368	54.8163	65.8263	112.0656	112.0088	119.309	99.9662	116.6554	98.9851	95.0997	75.5521	85.3358	80.2937	61.0585	86.0565	76.4054	22.50	10.06	109.8317	8.50	3.47	80.5661	11.57	4.73
30.538194	22.452778	2.5	NA	76.9528	71.1974	114.7085	54.9429	66.0356	112.6691	112.5453	119.9513	100.4586	117.2365	99.5193	95.5363	75.8408	85.7193	80.5517	61.5435	86.5031	76.7674	22.70	10.15	110.3967	8.54	3.49	80.9491	11.57	4.72
30.663194	22.577778	2.625	NA	77.4558	71.5036	115.3806	55.0688	66.2433	113.2658	113.0806	120.5935	100.952	117.8157	100.0541	95.9755	76.1305	86.1108	80.8133	62.0272	86.9543	77.1304	22.91	10.25	110.9603	8.59	3.51	81.3353	11.57	4.72
30.788194	22.702778	2.75	NA	77.9597	71.815	116.054	55.1948	66.449	113.8605	113.6144	121.2348	101.4483	118.3902	100.5879	96.4381	76.4241	86.5092	81.08	62.5136	87.4053	77.4945	23.12	10.34	111.5227	8.63	3.52	81.7284	11.57	4.72
30.913194	22.827778	2.875	NA	78.4755	72.1323	116.7327	55.3221	66.6538	114.48	114.1575	121.8797	101.9498	118.9686	101.1264	96.9007	76.7217	86.91	81.3573	63.0047	87.8548	77.8633	23.33	10.44	112.0937	8.67	3.54	82.1249	11.57	4.72
31.038194	22.952778	3	NA	78.9951	72.4535	117.4124	55.4502	66.8577	115.099	114.6981	122.526	102.4517	119.5495	101.6659	97.3725	77.0201	87.3105	81.6383	63.497	88.304	78.2338	23.54	10.53	112.6650	8.72	3.56	82.5237	11.57	4.73
31.163194	23.077778	3.125	NA	79.5062	72.7756	118.0984	55.5782	67.0581	115.6824	115.2224	123.164	102.9566	120.1233	102.1985	97.8361	77.3189	87.7113	81.9119	63.9867	88.751	78.6033	23.76	10.63	113.2245	8.76	3.58	82.9193	11.58	4.73
31.288194	23.202778	3.25	NA	80.0114	73.0971	118.7787	55.706	67.2549	116.2508	115.7371	123.7902	103.4556	120.6887	102.7229	98.2977	77.6132	88.1125	82.1836	64.4653	89.1913	78.9696	23.97	10.72	113.7742	8.79	3.59	83.3106	11.59	4.73
31.413194	23.327778	3.375	NA	80.5104	73.4183	119.449	55.8332	67.4493	116.8187	116.2437	124.4079	103.9458	121.2471	103.2394	98.7516	77.9014	88.509	82.4526	64.9352	89.6221	79.3320	24.18	10.81	114.3171	8.83	3.61	83.6953	11.59	4.73
31.538194	23.452778	3.5	NA	81.0028	73.7384	120.1126	55.9597	67.6421	117.3766	116.7436	125.0187	104.431	121.8001	103.7495	99.2016	78.1854	88.9018	82.7196	65.3997	90.047	79.6911	24.39	10.91	114.8533	8.87	3.62	84.0759	11.60	4.74
31.663194	23.577778	3.625	NA	81.4909	74.0567	120.7707	56.0853	67.8329	117.9322	117.2382	125.6244	104.9134	122.352	104.2543	99.6511	78.4714	89.2961	82.9837	65.8594	90.475	80.0473	24.60	11.00	115.3858	8.91	3.64	84.4561	11.61	4.74
31.788194	23.702778	3.75	NA	81.9714	74.3742	121.4214	56.2088	68.0206	118.4858	117.7185	126.2223	105.3905	122.8981	104.7465	100.1016	78.7548	89.694	83.2479	66.3129	90.901	80.3993	24.80	11.09	115.9103	8.95	3.65	84.8354	11.63	4.75
31.913194	23.827778	3.875	NA	82.4504	74.6914	122.0588	56.3314	68.2076	119.0309	118.1961	126.8145	105.8619	123.4407	105.2339	100.5467	79.033	90.0963	83.5105	66.7613	91.3149	80.7479	25.00	11.18	116.4297	8.99	3.67	85.2104	11.64	4.75
32.038194	23.952778	4	NA	82.9294	75.0087	122.6961	56.4539	68.3945	119.576	118.6738	127.4068	106.3334	123.9833	105.7213	100.9912	79.3112	90.4986	83.7732	67.2097	91.7288	81.0965	25.20	11.27	116.9491	9.03	3.69	85.5855	11.66	4.76
32.163194	24.077778	4.125	NA	83.4083	75.3259	123.3334	56.5765	68.5814	120.1211	119.1515	127.999	106.8049	124.5259	106.2087	101.4358	79.5893	90.9009	84.0358	67.6581	92.1428	81.4451	25.40	11.36	117.4685	9.07	3.70	85.9604	11.67	4.77
32.288194	24.202778	4.25	NA	83.8873	75.6432	123.9708	56.699	68.7683	120.6662	119.6292	128.5913	107.2764	125.0686	106.6961	101.8803	79.8675	91.3033	84.2985	68.1065	92.5567	81.7937	25.60	11.45	117.9880	9.11	3.72	86.3355	11.69	4.77
32.413194	24.327778	4.375	NA	84.3662	75.9604	124.6081	56.8216	68.9552	121.2113	120.1069	129.1836	107.7479	125.6112	107.1836	102.3248	80.1457	91.7056	84.5611	68.5549	92.9706	82.1423	25.80	11.54	118.5074	9.15	3.73	86.7105	11.71	4.78
32.538194	24.452778	4.5	NA	84.8452	76.2777	125.2454	56.9441	69.1421	121.7564	120.5845	129.7758	108.2144	126.1538	107.671	102.7694	80.4239	92.1079	84.8238	69.0033	93.3846	82.4909	25.99	11.63	119.0260	9.19	3.75	87.0855	11.72	4.79
32.663194	24.577778	4.625	NA	85.3242	76.5949	125.8828	57.0667	69.329	122.3014	121.0622	130.3681	108.68	126.6964	108.1584	103.2139	80.7021	92.5102	85.0864	69.4517	93.7985	82.8395	26.19	11.71	119.5444	9.23	3.77	87.4605	11.74	4.79
32.788194	24.702778	4.75	NA	85.8031	76.9122	126.5201	57.1892	69.5159	122.8465	121.5399	130.9604	109.1455	127.2391	108.6458	103.6584	80.9802	92.9125	85.3491	69.9001	94.2124	83.1881	26.39	11.80	120.0629	9.27	3.78	87.8354	11.76	4.80
32.913194	24.827778	4.875	NA	86.2821	77.2294	127.1574	57.3118	69.7029	123.3916	122.0176	131.5526	109.611	127.7817	109.1332	104.103	81.2584	93.3148	85.6117	70.3485	94.6264	83.5367	26.60	11.89	120.5813	9.31	3.80	88.2105	11.78	4.81
33.038194	24.952778	5	NA	86.761	77.5467	127.7948	57.4343	69.8898	123.9367	122.4953	132.1439	110.0766	128.3243	109.6206	104.5475	81.5365	93.7196	85.8744	70.7965	95.039	83.8853	26.80	11.98	121.0996	9.35	3.82	88.5856	11.80	4.82
33.163194	25.077778	5.125	NA	87.2357	77.8641	128.4168	57.5567	70.0749	124.475	122.9654	132.7322	110.5389	128.8632	110.102	104.9862	81.8116	94.1364	86.1369	71.2417	95.4351	84.2296	26.99	12.07	121.6128	9.40	3.84	88.9580	11.82	4.83
33.288194	25.202778	5.25	NA	87.7051	78.1826	129.032	57.6786	70.2573	125.0106	123.4292	133.3205	110.9992	129.3946	110.5744	105.4209	82.0844	94.5529	86.399	71.6864	95.829	84.5711	27.18	12.16	122.1214	9.44	3.85	89.3288	11.84	4.83
33.413194	25.327778	5.375	NA	88.1715	78.5028	129.6456	57.8003	70.4385	125.5434	123.8907	133.9052	111.4583	129.923	111.0449	105.8554	82.3585	94.9716	86.6617	72.1293	96.2224	84.9117	27.37	12.24	122.6276	9.48	3.87	89.6998	11.86	4.84
33.538194	25.452778	5.5	NA	88.6367	78.8243	130.2588	57.9218	70.6198	126.075	124.3495	134.4876	111.9151	130.4492	111.5146	106.2899	82.6361	95.3928	86.9274	72.5763	96.6161	85.2523	27.57	12.33	123.1318	9.52	3.89	90.0731	11.88	4.85
33.663194	25.577778	5.625	NA	89.1003	79.1496	130.8695	58.0438	70.8005	126.6035	124.8065	135.0672	112.371	130.975	111.9819	106.7251	82.9123	95.8117	87.1952	73.0285	97.0051	85.5927	27.76	12.41	123.6342	9.56	3.90	90.4463	11.90	4.86
33.788194	25.702778	5.75	NA	89.562	79.4783	131.4759	58.1669	70.9795	127.1287	125.2615	135.6437	112.8273	131.4993	112.4458	107.1605	83.1863	96.2315	87.462	73.483	97.3884	85.9325	27.94	12.50	124.1344	9.61	3.92	90.8186	11.91	4.86
33.913194	25.827778	5.875	NA	90.0236	79.8089	132.0799	58.2911	71.1574	127.6536	125.7153	136.2171	113.2846	132.0221	112.9079	107.5964	83.4598	96.6494	87.7285	73.9375	97.7716	86.2722	28.13	12.58	124.6334	9.65	3.94	91.1905	11.93	4.87
34.038194	25.952778	6	NA	90.4869	80.1431	132.6877	58.4157	71.3364	128.1781	126.1695	136.7876	113.7425	132.5445	113.3691	108.0368	83.7306	97.0665	87.9961	74.3931	98.1551	86.6140	28.32	12.67	125.1319	9.69	3.95	91.5630	11.95	4.88
34.163194	26.077778	6.125	NA	90.9522	80.4783	133.2953	58.5404	71.5172	128.7005	126.6226	137.3558	114.1974	133.0664	113.8296	108.479	84.0068	97.4867	88.2642	74.8475	98.5375	86.9567	28.51	12.75	125.6287	9.73	3.97	91.9369	11.97	4.89
34.288194	26.202778	6.25	NA	91.4171	80.813	133.8945	58.6659	71.6976	129.2212	127.0728	137.9219	114.6493	133.5872	114.2888	108.9175	84.2891	97.9101	88.532	75.2982	98.9189	87.2976	28.69	12.83	126.1235	9.77	3.99	92.3110	11.99	4.90
34.413194	26.327778	6.375	NA	91.8818	81.1487	134.4877	58.7918	71.8766	129.7416	127.5218	138.4862	115.0996	134.1084	114.7455	109.3572	84.5713	98.3293	88.7994	75.7474	99.2992	87.6373	28.88	12.91	126.6172	9.81	4.00	92.6840	12.01	4.90
34.538194	26.452778	6.5	NA	92.3469	81.4842	135.0812	58.9173	72.0547	130.26	127.9692	139.0481	115.5486	134.6292	115.1999	109.7995	84.8522	98.7441	89.0667	76.2002	99.6782	87.9769	29.06	13.00	127.1092	9.85	4.02	93.0568	12.03	4.91
34.663194	26.577778	6.625	NA	92.8087	81.8193	135.673	59.0432	72.232	130.773	128.4138	139.6067	115.9957	135.1472	115.6526	110.239	85.1321	99.1623	89.333	76.6552	100.0569	88.3152	29.24	13.08	127.5982	9.89	4.04	93.4297	12.05	4.92
34.788194	26.702778	6.75	NA	93.266	82.157	136.262	59.1696	72.4112	131.2816	128.8551	140.1615	116.4397	135.6642	116.1048	110.6733	85.4124	99.5831	89.5998	77.1088	100.4353	88.6532	29.42	13.16	128.0845	9.93	4.05	93.8021	12.07	4.93
34.913194	26.827778	6.875	NA	93.7226	82.4978	136.8507	59.2966	72.5929	131.7894	129.2949	140.7138	116.8834	136.1816	116.557	111.1063	85.6934	100.005	89.8676	77.5629	100.8137	88.9921	29.60	13.24	128.5700	9.97	4.07	94.1748	12.09	4.94
35.038194	26.952778	7	NA	94.1838	82.8396	137.4393	59.4248	72.7765	132.2977	129.7348	141.2654	117.3282	136.7005	117.0064	111.5428	85.974	100.4239	90.1367	78.0169	101.1939	89.3328	29.78	13.32	129.0555	10.01	4.09	94.5480	12.11	4.95
35.163194	27.077778	7.125	NA	94.6479	83.1838	138.0264	59.553	72.9572	132.8065	130.1755	141.8162	117.7746	137.222	117.4548	111.9863	86.256	100.8433	90.405	78.4714	101.5735	89.6737	29.96	13.40	129.5416	10.05	4.10	94.9226	12.14	4.96
35.288194	27.202778	7.25	NA	95.1127	83.53	138.6088	59.6809	73.1369	133.3159	130.6155	142.3635	118.2206	137.7431	117.9024	112.4353	86.5393	101.2655	90.6722	78.9282	101.9486	90.0139	30.14	13.48	130.0268	10.09	4.12	95.2982	12.16	4.97
35.413194	27.327778	7.375	NA	95.5756	83.8763	139.1846	59.8084	73.3162	133.8239	131.0534	142.9103	118.6631	138.2635	118.3485	112.8877	86.8216	101.69	90.938	79.3848	102.3223	90.3522	30.32	13.56	130.5104	10.13	4.14	95.6741	12.19	4.98
35.538194	27.452778	7.5	NA	96.0365	84.2233	139.7548	59.9355	73.4947	134.3296	131.4876	143.4523	119.1007	138.783	118.7943	113.3375	87.1018	102.1185	91.2026	79.8365	102.6974	90.6890	30.49	13.64	130.9913	10.17	4.15	96.0490	12.22	4.99
35.663194	27.577778	7.625	NA	96.4932	84.5685	140.3241	60.0617	73.6721	134.8315	131.9193	143.9891	119.5354	139.3009	119.2381	113.7829	87.3798	102.5462	91.4659	80.2842	103.0708	91.0239	30.67	13.71	131.4691	10.21	4.17	96.4216	12.25	5.00
35.788194	27.702778	7.75	NA	96.9476	84.9135	140.8958	60.1876	73.85	135.33	132.3498	144.523	119.9711	139.8179	119.6793	114.2294	87.6568	102.9784	91.7288	80.7324	103.4433	91.3589	30.84	13.79	131.9452	10.25	4.19	96.7948	12.28	5.01
35.913194	27.827778	7.875	NA	97.4036	85.2587	141.4687	60.314	74.0277	135.8285	132.7802	145.0561	120.4103	140.3342	120.1204	114.6798	87.9324	103.4144	91.9929	81.1801	103.8194	91.6945	31.02	13.87	132.4216	10.29	4.20	97.1698	12.31	5.03
36.038194	27.952778	8	NA	97.8627	85.6054	142.0424	60.441	74.2038	136.3311	133.2115	145.5885	120.852	140.8505	120.5605	115.1314	88.2059	103.8488	92.2599	81.6293	104.1975	92.0311	31.19	13.95	132.8990	10.33	4.22	97.5455	12.34	5.04
36.163194	28.077778	8.125	NA	98.3242	85.9533	142.6158	60.5686	74.3792	136.8382	133.6427	146.1203	121.2922	141.368	120.9993	115.5802	88.4804	104.2919	92.5282	82.0816	104.5749	92.3682	31.37	14.03	133.3768	10.37	4.23	97.9229	12.38	5.05
36.288194	28.202778	8.25	NA	98.7848	86.3015	143.1852	60.6962	74.5553	137.3456	134.074	146.6513	121.7297	141.8872	121.4402	116.0261	88.7601	104.7402	92.7965	82.5319	104.9521	92.7046	31.54	14.11	133.8547	10.41	4.25	98.3011	12.41	5.07
36.413194	28.327778	8.375	NA	99.2426	86.6511	143.748	60.8235	74.7321	137.8473	134.503	147.1793	122.1619	142.4053	121.8792	116.4691	89.0449	105.1862	93.0634	82.9764	105.3276	93.0395	31.72	14.18	134.3293	10.45	4.27	98.6779	12.44	5.08
36.538194	28.452778	8.5	NA	99.6952	87.0002	144.3033	60.9503	74.9085	138.3405	134.927	147.7026	122.5884	142.9194	122.3143	116.9106	89.3306	105.6327	93.3268	83.4197	105.6996	93.3715	31.89	14.26	134.7987	10.49	4.28	99.0533	12.47	5.09
36.663194	28.577778	8.625	NA	100.1435	87.3523	144.8534	61.0768	75.0834	138.828	135.3477	148.2233	123.0129	143.431	122.748	117.3527	89.6137	106.0851	93.5884	83.8649	106.0685	93.7019	32.05	14.33	135.2652	10.53	4.30	99.4289	12.51	5.11
36.788194	28.702778	8.75	NA	100.5904	87.7059	145.4065	61.2032	75.2566	139.3147	135.7675	148.7418	123.4398	143.9388	123.181	117.7968	89.8946	106.5414	93.8515	84.3045	106.4364	94.0325	32.22	14.41	135.7306	10.56	4.31	99.8042	12.55	5.12
36.913194	28.827778	8.875	NA	101.0417	88.0608	145.9671	61.3309	75.4322	139.806	136.188	149.2601	123.8713	144.4466	123.6159	118.2439	90.1784	106.9923	94.1193	84.7373	106.8053	94.3665	32.39	14.49	136.1980	10.60	4.33	100.1794	12.58	5.14
37.038194	28.952778	9	NA	101.4951	88.4159	146.5282	61.4602	75.61	140.2987	136.6064	149.7786	124.3032	144.9536	124.0508	118.6908	90.4643	107.4415	94.3902	85.1684	107.1748	94.7019	32.56	14.56	136.6652	10.64	4.34	100.5550	12.62	5.15
37.163194	29.077778	9.125	NA	101.9472	88.7732	147.0833	61.5881	75.7884	140.7885	137.0225	150.2972	124.7332	145.4553	124.4823	119.1387	90.7543	107.8868	94.6604	85.6022	107.545	95.0360	32.73	14.64	137.1298	10.67	4.36	100.9312	12.66	5.17
37.288194	29.202778	9.25	NA	102.3941	89.1316	147.6316	61.7152	75.9664	141.2739	137.439	150.8133	125.1597	145.9556	124.9138	119.5919	91.0467	108.3328	94.9278	86.0361	107.9147	95.3678	32.90	14.71	137.5925	10.71	4.37	101.3083	12.70	5.19
37.413194	29.327778	9.375	NA	102.8358	89.4929	148.1727	61.8422	76.1429	141.754	137.8508	151.3256	125.5799	146.4514	125.3417	120.0442	91.334	108.7795	95.1914	86.4658	108.2824	95.6973	33.06	14.78	138.0506	10.75	4.39	101.6829	12.74	5.20
37.538194	29.452778	9.5	NA	103.2749	89.8567	148.7093	61.9675	76.3167	142.2329	138.2574	151.8325	125.9966	146.9417	125.7662	120.4964	91.6144	109.2296	95.454	86.8913	108.6472	96.0250	33.22	14.86	138.5045	10.78	4.40	102.0555	12.79	5.22
37.663194	29.577778	9.625	NA	103.7142	90.2207	149.2459	62.0922	76.4892	142.7123	138.6635	152.3361	126.4134	147.4316	126.1916	120.9559	91.8923	109.6854	95.7174	87.3128	109.008	96.3524	33.38	14.93	138.9581	10.82	4.42	102.4286	12.84	5.24
37.788194	29.702778	9.75	NA	104.1573	90.583	149.7863	62.2166	76.6629	143.1927	139.0697	152.8391	126.8334	147.9228	126.6167	121.4223	92.1693	110.1511	95.9825	87.7329	109.3668	96.6812	33.55	15.00	139.4124	10.85	4.43	102.8042	12.89	5.26
37.913194	29.827778	9.875	NA	104.6002	90.944	150.3325	62.3404	76.8365	143.6746	139.4783	153.343	127.2586	148.4147	127.0394	121.8935	92.4501	110.6236	96.2511	88.1545	109.7292	97.0107	33.71	15.08	139.8681	10.89	4.45	103.1837	12.94	5.28
38.038194	29.952778	10	NA	105.044	91.3032	150.8787	62.4655	77.0094	144.1554	139.8906	153.8483	127.6865	148.9072	127.4626	122.3572	92.7382	111.0876	96.5223	88.5757	110.0967	97.3402	33.88	15.15	140.3251	10.92	4.46	103.5630	12.99	5.30
38.163194	30.077778	10.125	NA	105.4903	91.6608	151.4218	62.59	77.1815	144.6362	140.3026	154.3543	128.1147	149.4013	127.886	122.8073	93.0281	111.5466	96.7939	88.9976	110.4676	97.6689	34.05	15.23	140.7825	10.96	4.47	103.9402	13.04	5.32
38.288194	30.202778	10.25	NA	105.9363	92.0199	151.9625	62.7135	77.3538	145.1189	140.7129	154.8592	128.5415	149.8954	128.3074	123.2531	93.3136	112.0085	97.0656	89.4195	110.8389	97.9972	34.21	15.30	141.2392	10.99	4.49	104.3165	13.08	5.34
38.413194	30.327778	10.375	NA	106.3809	92.378	152.4982	62.8374	77.5245	145.5966	141.1189	155.3616	128.9627	150.3871	128.7276	123.6971	93.5943	112.47	97.3371	89.8381	111.2075	98.3238	34.38	15.37	141.6924	11.03	4.50	104.6907	13.13	5.36
38.538194	30.452778	10.5	NA	106.8245	92.7328	153.03	62.9603	77.6952	146.0652	141.5207	155.8582	129.3795	150.8749	129.1464	124.1417	93.8716	112.9308	97.608	90.2535	111.5711	98.6486	34.54	15.45	142.1408	11.06	4.52	105.0628	13.18	5.38
38.663194	30.577778	10.625	NA	107.2656	93.0891	153.5612	63.0841	77.8678	146.5289	141.9206	156.3515	129.7955	151.361	129.5649	124.5886	94.1489	113.389	97.8811	90.6681	111.9328	98.9736	34.70	15.52	142.5871	11.10	4.53	105.4347	13.23	5.40
38.788194	30.702778	10.75	NA	107.7039	93.4468	154.0948	63.209	78.0429	146.9906	142.3184	156.8423	130.2094	151.845	129.9816	125.0359	94.4275	113.8452	98.1571	91.0805	112.2957	99.2995	34.86	15.59	143.0312	11.13	4.54	105.8070	13.28	5.42
38.913194	30.827778	10.875	NA	108.1453	93.8046	154.6308	63.334	78.2179	147.4556	142.7176	157.3324	130.6274	152.329	130.3984	125.4821	94.7066	114.3022	98.4371	91.492	112.6592	99.6265	35.03	15.66	143.4767	11.16	4.56	106.1799	13.33	5.44
39.038194	30.952778	11	NA	108.5901	94.1617	155.172	63.4593	78.3929	147.9293	143.1182	157.8211	131.0521	152.8132	130.8152	125.931	94.9842	114.7667	98.7208	91.9023	113.0215	99.9552	35.19	15.74	143.9248	11.19	4.57	106.5544	13.38	5.46
39.163194	31.077778	11.125	NA	109.042	94.52	155.7159	63.5851	78.5646	148.4021	143.5205	158.311	131.4755	153.301	131.233	126.3854	95.2638	115.2322	99.0052	92.3143	113.3863	100.2855	35.36	15.81	144.3739	11.22	4.58	106.9312	13.43	5.48
39.288194	31.202778	11.25	NA	109.4947	94.8795	156.2577	63.7105	78.7348	148.8685	143.9213	158.8003	131.8955	153.7888	131.6478	126.8373	95.5449	115.7002	99.2886	92.7287	113.7551	100.6154	35.53	15.89	144.8204	11.26	4.60	107.3091	13.48	5.50
39.413194	31.327778	11.375	NA	109.9455	95.2389	156.794	63.8347	78.9035	149.3293	144.3197	159.2866	132.3134	154.2744	132.06	127.2837	95.826	116.1694	99.5702	93.1432	114.1236	100.9433	35.69	15.96	145.2639	11.29	4.61	107.6860	13.53	5.52
39.538194	31.452778	11.5	NA	110.3933	95.5975	157.3259	63.9577	79.0692	149.7876	144.7124	159.7695	132.7298	154.758	132.4711	127.7307	96.1083	116.6406	99.8509	93.5557	114.4875	101.2687	35.86	16.04	145.7047	11.32	4.62	108.0623	13.58	5.55
39.663194	31.577778	11.625	NA	110.8417	95.9613	157.8567	64.0799	79.2321	150.244	145.1017	160.2478	133.1425	155.2399	132.8809	128.1781	96.3889	117.12	100.1321	93.9656	114.8487	101.5943	36.02	16.11	146.1428	11.35	4.64	108.4389	13.64	5.57
39.788194	31.702778	11.75	NA	111.2927	96.3274	158.3896	64.2018	79.3946	150.6999	145.4914	160.7237	133.5552	155.7213	133.2896	128.6301	96.6674	117.6067	100.4167	94.3733	115.2104	101.9212	36.19	16.18	146.5802	11.38	4.65	108.8174	13.69	5.59
39.913194	31.827778	11.875	NA	111.7445	96.6891	158.9258	64.3228	79.5598	151.1622	145.8852	161.1998	133.9752	156.2027	133.6988	129.0891	96.9489	118.0945	100.7068	94.7818	115.5731	102.2484	36.35	16.26	147.0206	11.41	4.66	109.1990	13.75	5.61
40.038194	31.952778	12	NA	112.1965	97.0509	159.4593	64.4438	79.7276	151.6279	146.2816	161.6759	134.3953	156.6848	134.1086	129.5501	97.2313	118.581	100.9988	95.1911	115.9399	102.5756	36.52	16.33	147.4624	11.44	4.67	109.5820	13.81	5.64
40.163194	32.077778	12.125	NA	112.6476	97.4151	159.9903	64.5654	79.8964	152.0898	146.6755	162.1511	134.8114	157.1687	134.516	130.0114	97.5127	119.0683	101.2904	95.599	116.3129	102.9030	36.68	16.41	147.9021	11.48	4.69	109.9658	13.87	5.66
40.288194	32.202778	12.25	NA	113.0951	97.7788	160.5214	64.6868	80.0645	152.5476	147.0664	162.6237	135.2247	157.653	134.9205	130.4697	97.7997	119.5571	101.5817	96.0039	116.6816	103.2293	36.85	16.48	148.3393	11.51	4.70	110.3490	13.93	5.69
40.413194	32.327778	12.375	NA	113.5415	98.1406	161.046	64.8072	80.2305	153.001	147.455	163.0924	135.6338	158.1354	135.3222	130.9284	98.0938	120.0475	101.8715	96.4056	117.0454	103.5532	37.01	16.55	148.7733	11.54	4.71	110.7320	13.99	5.71
40.538194	32.452778	12.5	NA	113.9868	98.5008	161.5657	64.9272	80.3966	153.4497	147.8403	163.5563	136.0411	158.6137	135.7209	131.3903	98.3908	120.5333	102.1594	96.8071	117.4091	103.8754	37.17	16.62	149.2037	11.57	4.72	111.1150	14.04	5.73
40.663194	32.577778	12.625	NA	114.4341	98.8627	162.0883	65.0479	80.5634	153.8954	148.2244	164.016	136.4472	159.0893	136.1172	131.8546	98.6865	121.0102	102.4478	97.2096	117.768	104.1993	37.34	16.70	149.6316	11.60	4.74	111.4961	14.10	5.76
40.788194	32.702778	12.75	NA	114.8833	99.2267	162.615	65.1676	80.729	154.3419	148.6068	164.4728	136.8516	159.5642	136.5135	132.3209	98.979	121.4856	102.7379	97.6103	118.1246	104.5243	37.50	16.77	150.0585	11.63	4.75	111.8764	14.16	5.78
40.913194	32.827778	12.875	NA	115.3324	99.5916	163.1455	65.2869	80.8944	154.7926	148.9899	164.9294	137.2594	160.0398	136.9108	132.7866	99.2721	121.9668	103.0316	98.0095	118.4839	104.8502	37.67	16.84	150.4870	11.66	4.76	112.2584	14.22	5.81
41.038194	32.952778	13	NA	115.785	99.9587	163.6787	65.4067	81.0679	155.2494	149.3772	165.3883	137.6739	160.5186	137.308	133.2517	99.5672	122.4483	103.3306	98.4106	118.8454	105.1794	37.83	16.92	150.9192	11.69	4.77	112.6423	14.28	5.83
41.163194	33.077778	13.125	NA	116.2416	100.3253	164.211	65.5267	81.2425	155.7083	149.7651	165.848	138.0908	160.998	137.7058	133.7169	99.862	122.9291	103.6323	98.8137	119.2106	105.5094	38.00	16.99	151.3527	11.72	4.78	113.0274	14.34	5.85
41.288194	33.202778	13.25	NA	116.6983	100.6901	164.7408	65.649	81.4105	156.1644	150.1509	166.306	138.5026	161.4754	138.1023	134.1855	100.1568	123.4164	103.9369	99.2184	119.5797	105.8377	38.16	17.07	151.7836	11.75	4.80	113.4156	14.40	5.88
41.413194	33.327778	13.375	NA	117.152	101.054	165.2646	65.7722	81.5787	156.6153	150.5346	166.7606	138.9079	161.9506	138.4932	134.6464	100.4503	123.9067	104.2419	99.6231	119.9476	106.1643	38.33	17.14	152.2104	11.78	4.81	113.8027	14.46	5.90
41.538194	33.452778	13.5	NA	117.6034	101.4191	165.7804	65.894	81.7467	157.0623	150.9153	167.21	139.3101	162.424	138.8814	135.0956	100.7416	124.3931	104.5441	100.0255	120.3128	106.4887	38.49	17.21	152.6338	11.81	4.82	114.1855	14.51	5.93
41.663194	33.577778	13.625	NA	118.0527	101.7913	166.2946	66.0145	81.914	157.5082	151.294	167.6546	139.711	162.8946	139.2705	135.5426	101.0318	124.8772	104.8479	100.4236	120.6761	106.8134	38.65	17.28	153.0555	11.84	4.83	114.5665	14.57	5.95
41.788194	33.702778	13.75	NA	118.4982	102.1638	166.8098	66.1349	82.088	157.951	151.6728	168.0957	140.1105	163.3627	139.6581	135.9907	101.3263	125.3623	105.1574	100.8182	121.0395	107.1389	38.80	17.35	153.4751	11.87	4.85	114.9491	14.62	5.97
41.913194	33.827778	13.875	NA	118.9443	102.5306	167.325	66.2561	82.2621	158.3897	152.0515	168.5349	140.5091	163.8307	140.0445	136.4393	101.6245	125.8465	105.4723	101.2089	121.4035	107.4636	38.96	17.43	153.8934	11.90	4.86	115.3325	14.68	5.99
42.038194	33.952778	14	NA	119.393	102.8978	167.8423	66.3774	82.44	158.8312	152.4323	168.9729	140.9114	164.3016	140.4314	136.8959	101.9238	126.3348	105.7917	101.5981	121.7685	107.7901	39.12	17.50	154.3135	11.92	4.87	115.7188	14.74	6.02
42.163194	34.077778	14.125	NA	119.8437	103.2665	168.3629	66.4973	82.6162	159.2785	152.8175	169.4095	141.3197	164.7771	140.8174	137.3611	102.2248	126.8333	106.113	101.9905	122.1359	108.1173	39.28	17.57	154.7366	11.95	4.88	116.1098	14.80	6.04
42.288194	34.202778	14.25	NA	120.2953	103.6345	168.8807	66.6159	82.7892	159.7253	153.2045	169.8447	141.7301	165.2561	141.2013	137.83	102.5253	127.339	106.4403	102.389	122.5063	108.4431	39.45	17.64	155.1603	11.98	4.89	116.5050	14.86	6.07
42.413194	34.327778	14.375	NA	120.7434	104.0013	169.392	66.7347	82.9609	160.1688	153.5886	170.2771	142.1408	165.7359	141.5824	138.2986	102.8255	127.8414	106.7782	102.7883	122.878	108.7665	39.60	17.71	155.5823	12.01	4.90	116.9017	14.92	6.09
42.538194	34.452778	14.5	NA	121.1883	104.3677	169.9022	66.8534	83.1319	160.6117	153.971	170.7058	142.5522	166.2139	141.9625	138.7655	103.1236	128.3394	107.1255	103.1839	123.2465	109.0887	39.76	17.78	156.0028	12.03	4.91	117.2974	14.98	6.11
42.663194	34.577778	14.625	NA	121.6332	104.7377	170.4124	66.9724	83.301	161.0545	154.3538	171.1329	142.9654	166.6915	142.3426	139.2338	103.4219	128.8471	107.4773	103.5765	123.6107	109.4113	39.92	17.85	156.4235	12.06	4.92	117.6945	15.04	6.14
42.788194	34.702778	14.75	NA	122.0757	105.1102	170.9226	67.0923	83.473	161.4956	154.7359	171.5587	143.3771	167.1697	142.723	139.7014	103.7223	129.3632	107.8296	103.9668	123.9734	109.7348	40.08	17.92	156.8433	12.08	4.93	118.0928	15.10	6.16
42.913194	34.827778	14.875	NA	122.5196	105.4823	171.4379	67.2122	83.649	161.9411	155.1195	171.9839	143.7858	167.6478	143.1034	140.1719	104.0251	129.8724	108.1822	104.3575	124.3391	110.0602	40.24	18.00	157.2636	12.11	4.94	118.4914	15.16	6.19
43.038194	34.952778	15	NA	122.9711	105.8518	171.9562	67.3313	83.8228	162.3888	155.5027	172.4091	144.194	168.1265	143.4832	140.6485	104.3309	130.3733	108.5363	104.7514	124.7084	110.3866	40.40	18.07	157.6841	12.14	4.95	118.8915	15.22	6.21
43.163194	35.077778	15.125	NA	123.4219	106.2181	172.4716	67.4497	83.9935	162.834	155.8831	172.8337	144.6013	168.6059	143.8626	141.1255	104.6372	130.8746	108.8919	105.1455	125.0782	110.7110	40.56	18.14	158.1034	12.16	4.97	119.2921	15.28	6.24
43.288194	35.202778	15.25	NA	123.8649	106.5828	172.9825	67.5686	84.1622	163.2768	156.2629	173.2571	145.0086	169.0857	144.2408	141.6006	104.9436	131.3782	109.2498	105.5393	125.4485	111.0322	40.72	18.21	158.5220	12.19	4.98	119.6933	15.34	6.26
43.413194	35.327778	15.375	NA	124.3071	106.9482	173.4875	67.6871	84.33	163.7164	156.6421	173.6779	145.4137	169.565	144.6194	142.0764	105.2484	131.8803	109.6083	105.9315	125.8179	111.3520	40.88	18.28	158.9391	12.22	4.99	120.0938	15.40	6.29
43.538194	35.452778	15.5	NA	124.7498	107.318	173.9883	67.8035	84.4961	164.153	157.0187	174.0954	145.8193	170.0432	144.998	142.5514	105.5536	132.3818	109.9654	106.32	126.1852	111.6711	41.04	18.35	159.3546	12.24	5.00	120.4929	15.46	6.31
43.663194	35.577778	15.625	NA	125.193	107.688	174.4888	67.919	84.6611	164.5877	157.3928	174.5096	146.2253	170.5212	145.3735	143.0256	105.8594	132.8816	110.3246	106.7084	126.5507	111.9900	41.19	18.42	159.7683	12.27	5.01	120.8917	15.52	6.34
43.788194	35.702778	15.75	NA	125.6357	108.0522	174.9922	68.0344	84.8283	165.0202	157.7668	174.9216	146.6311	170.9991	145.7476	143.5015	106.1624	133.3786	110.6854	107.0995	126.9155	112.3086	41.35	18.49	160.1811	12.29	5.02	121.2905	15.58	6.36
43.913194	35.827778	15.875	NA	126.0759	108.4129	175.495	68.1495	84.9968	165.4542	158.1417	175.3322	147.0377	171.476	146.1207	143.9787	106.4614	133.8766	111.0458	107.4874	127.2812	112.6260	41.51	18.56	160.5938	12.32	5.03	121.6885	15.64	6.39
44.038194	35.952778	16	NA	126.5206	108.7744	175.9963	68.2652	85.1644	165.8935	158.5173	175.7424	147.4429	171.9534	146.492	144.4596	106.7632	134.3789	111.4089	107.8733	127.6529	112.9442	41.67	18.63	161.0069	12.34	5.04	122.0895	15.71	6.41
44.163194	36.077778	16.125	NA	126.9663	109.1348	176.495	68.382	85.3316	166.3314	158.8926	176.1517	147.8485	172.4292	146.8618	144.9406	107.0706	134.8843	111.7732	108.264	128.0307	113.2619	41.83	18.71	161.4192	12.37	5.05	122.4939	15.77	6.44
44.288194	36.202778	16.25	NA	127.4066	109.4919	176.9887	68.5002	85.499	166.7653	159.2644	176.5601	148.2518	172.9015	147.2297	145.4169	107.3768	135.3901	112.1359	108.6535	128.406	113.5773	41.98	18.77	161.8288	12.39	5.06	122.8965	15.83	6.46
44.413194	36.327778	16.375	NA	127.8432	109.8469	177.4772	68.6186	85.6655	167.1944	159.6321	176.9656	148.6491	173.372	147.5957	145.8912	107.6803	135.896	112.4959	109.0388	128.7766	113.8903	42.13	18.84	162.2348	12.42	5.07	123.2965	15.89	6.49
44.538194	36.452778	16.5	NA	128.2824	110.2017	177.9625	68.7367	85.8313	167.6207	159.9979	177.3676	149.0468	173.8421	147.9601	146.3713	107.9822	136.4035	112.8573	109.4254	129.1442	114.2029	42.28	18.91	162.6392	12.45	5.08	123.6973	15.96	6.52
44.663194	36.577778	16.625	NA	128.7254	110.5572	178.4485	68.8545	85.996	168.052	160.3622	177.7669	149.4464	174.3114	148.3233	146.8565	108.2834	136.9074	113.2231	109.813	129.5115	114.5163	42.44	18.98	163.0437	12.47	5.09	124.0992	16.02	6.54
44.788194	36.702778	16.75	NA	129.1689	110.913	178.9383	68.9707	86.1602	168.4848	160.726	178.1638	149.8453	174.78	148.6855	147.3417	108.5812	137.4034	113.5929	110.2014	129.8804	114.8302	42.59	19.05	163.4476	12.50	5.10	124.5002	16.09	6.57
44.913194	36.827778	16.875	NA	129.6144	111.2681	179.4349	69.0872	86.3268	168.9156	161.0925	178.5607	150.2498	175.2499	149.0488	147.8277	108.878	137.9013	113.9691	110.5939	130.2515	115.1463	42.75	19.12	163.8529	12.52	5.11	124.9036	16.15	6.59
45.038194	36.952778	17	NA	130.0598	111.6215	179.9294	69.205	86.4941	169.3467	161.4586	178.9579	150.6577	175.7202	149.4119	148.3119	109.1754	138.4049	114.3475	110.9906	130.6255	115.4620	42.90	19.19	164.2588	12.54	5.12	125.3093	16.21	6.62
45.163194	37.077778	17.125	NA	130.5052	111.9738	180.4188	69.3224	86.6624	169.7757	161.8222	179.3542	151.0665	176.1902	149.773	148.7936	109.4722	138.9125	114.7285	111.3873	131.0008	115.7765	43.06	19.26	164.6636	12.57	5.13	125.7158	16.28	6.64
45.288194	37.202778	17.25	NA	130.9551	112.3277	180.9061	69.4398	86.828	170.203	162.1855	179.7492	151.4744	176.66	150.1341	149.2779	109.7687	139.426	115.1137	111.7816	131.3758	116.0913	43.21	19.32	165.0677	12.59	5.14	126.1239	16.34	6.67
45.413194	37.327778	17.375	NA	131.4072	112.6831	181.3908	69.5595	86.9931	170.6284	162.5474	180.1432	151.8793	177.1292	150.4953	149.7639	110.0642	139.9376	115.4993	112.1761	131.7511	116.4067	43.36	19.39	165.4705	12.61	5.15	126.5320	16.41	6.70
45.538194	37.452778	17.5	NA	131.8562	113.0363	181.8765	69.6808	87.1584	171.0521	162.9075	180.5356	152.284	177.5991	150.8553	150.2444	110.3588	140.4444	115.886	112.5712	132.1293	116.7216	43.52	19.46	165.8723	12.64	5.16	126.9390	16.47	6.72
45.663194	37.577778	17.625	NA	132.3034	113.39	182.3628	69.8023	87.3228	171.4731	163.2678	180.9263	152.6864	178.069	151.2142	150.723	110.6499	140.9466	116.2727	112.9675	132.51	117.0363	43.67	19.53	166.2728	12.66	5.17	127.3449	16.53	6.75
45.788194	37.702778	17.75	NA	132.7466	113.7468	182.847	69.9226	87.49	171.8896	163.6258	181.3155	153.086	178.5374	151.5726	151.2	110.9368	141.4435	116.6592	113.3634	132.8914	117.3506	43.82	19.60	166.6712	12.68	5.18	127.7490	16.59	6.77
45.913194	37.827778	17.875	NA	133.189	114.1032	183.3321	70.0416	87.6587	172.3058	163.9821	181.7038	153.4855	179.0052	151.9287	151.6753	111.2248	141.9357	117.0501	113.754	133.2731	117.6649	43.97	19.66	167.0685	12.71	5.19	128.1522	16.65	6.80
46.038194	37.952778	18	NA	133.6358	114.4591	183.8197	70.1608	87.8248	172.7233	164.3405	182.0919	153.8874	179.4755	152.284	152.1546	111.5173	142.4243	117.4463	114.1458	133.6568	117.9800	44.13	19.73	167.4671	12.73	5.20	128.5575	16.71	6.82
46.163194	38.077778	18.125	NA	134.0842	114.8168	184.3064	70.28	87.9892	173.1398	164.7	182.4802	154.2913	179.947	152.6407	152.6372	111.8044	142.92	117.8466	114.5457	134.041	118.2953	44.28	19.80	167.8665	12.75	5.21	128.9658	16.77	6.85
46.288194	38.202778	18.25	NA	134.5304	115.1748	184.7891	70.3985	88.1548	173.5554	165.0582	182.8678	154.6917	180.4174	152.9984	153.1179	112.0821	143.4256	118.2496	114.946	134.4224	118.6095	44.43	19.87	168.2648	12.78	5.22	129.3739	16.84	6.87
46.413194	38.327778	18.375	NA	134.9714	115.5302	185.2672	70.5159	88.3222	173.9688	165.4139	183.2536	155.0894	180.8875	153.3552	153.5973	112.358	143.9299	118.6527	115.3416	134.8009	118.9214	44.58	19.94	168.6614	12.80	5.23	129.7801	16.90	6.90
46.538194	38.452778	18.5	NA	135.4078	115.8813	185.743	70.6329	88.491	174.379	165.7672	183.6369	155.4858	181.3567	153.7117	154.0777	112.6352	144.4431	119.055	115.7398	135.1788	119.2312	44.73	20.00	169.0562	12.83	5.24	130.1883	16.97	6.93
46.663194	38.577778	18.625	NA	135.8426	116.2285	186.214	70.7507	88.6602	174.7893	166.1177	184.018	155.8786	181.8236	154.0666	154.5576	112.9168	144.9695	119.4558	116.1456	135.5594	119.5392	44.88	20.07	169.4490	12.85	5.25	130.6008	17.03	6.95
46.788194	38.702778	18.75	NA	136.2791	116.5729	186.6823	70.87	88.8295	175.1988	166.4665	184.3976	156.2721	182.289	154.4195	155.0358	113.2017	145.4861	119.8557	116.5515	135.9438	119.8468	45.02	20.14	169.8406	12.88	5.26	131.0124	17.10	6.98
46.913194	38.827778	18.875	NA	136.7166	116.9143	187.1561	70.9895	88.9969	175.6089	166.8172	184.7767	156.6724	182.7547	154.7725	155.514	113.4857	145.9995	120.256	116.953	136.3323	120.1547	45.17	20.20	170.2337	12.90	5.27	131.4234	17.16	7.01
47.038194	38.952778	19	NA	137.1555	117.2548	187.6337	71.1074	89.1624	176.0219	167.1697	185.1557	157.0769	183.2216	155.1267	155.9936	113.7697	146.5186	120.6582	117.3536	136.7234	120.4628	45.32	20.27	170.6287	12.92	5.27	131.8362	17.23	7.03
47.163194	39.077778	19.125	NA	137.5952	117.5975	188.1083	71.2252	89.3292	176.4317	167.5219	185.5342	157.4781	183.6884	155.4823	156.4717	114.0564	147.0329	121.0611	117.7576	137.1146	120.7711	45.47	20.34	171.0228	12.94	5.28	132.2491	17.29	7.06
47.288194	39.202778	19.25	NA	138.0361	117.9419	188.581	71.3439	89.4978	176.8376	167.8742	185.9127	157.8775	184.154	155.8383	156.9487	114.3505	147.5445	121.4637	118.1629	137.5067	121.0801	45.62	20.40	171.4157	12.96	5.29	132.6628	17.35	7.08
47.413194	39.327778	19.375	NA	138.4785	118.2862	189.0541	71.4629	89.6648	177.244	168.2268	186.2908	158.2767	184.6196	156.1934	157.4267	114.6537	148.0589	121.8661	118.5681	137.8987	121.3893	45.77	20.47	171.8085	12.99	5.30	133.0787	17.41	7.11
47.538194	39.452778	19.5	NA	138.9195	118.6299	189.5242	71.5824	89.8311	177.6499	168.5784	186.6671	158.674	185.085	156.547	157.9025	114.963	148.5744	122.2667	118.9749	138.2905	121.6974	45.92	20.53	172.2002	13.01	5.31	133.4953	17.47	7.13
47.663194	39.577778	19.625	NA	139.36	118.9713	189.9901	71.7028	89.9969	178.0553	168.9277	187.0414	159.072	185.55	156.8988	158.3765	115.2753	149.0824	122.6654	119.3814	138.6854	122.0042	46.06	20.60	172.5909	13.03	5.32	133.9111	17.53	7.16
47.788194	39.702778	19.75	NA	139.8007	119.3147	190.457	71.8231	90.1648	178.459	169.2748	187.4145	159.473	186.0157	157.2503	158.8608	115.5881	149.5847	123.0654	119.7871	139.0825	122.3121	46.21	20.67	172.9812	13.05	5.33	134.3281	17.59	7.18
47.913194	39.827778	19.875	NA	140.2414	119.6636	190.9285	71.9422	90.334	178.8616	169.6219	187.7873	159.8736	186.4845	157.6003	159.3515	115.9009	150.0927	123.4676	120.1955	139.4794	122.6219	46.36	20.73	173.3715	13.08	5.34	134.7479	17.65	7.21
