days.origin	days.water	days.manure	F07	F08	F09	F10	F11	F12	GW01	GW02	GW03	GW04	GW05	GW06	GWL01	GWL02	GWL03	GWL04	GWo01	GWo02	mean.F	sd.F	se.F	mean.GW	sd.GW	se.GW	mean.GWL	sd.GWL	se.GWL
3.125	-4.960417	-24.913194	NA	10.7203	11.8308	9.2298	10.5663	10.7765	9.6123	9.0308	10.9417	9.5773	12.8542	9.9413	8.6356	11.5989	13.8758	10.9554	10.1854	14.7792	10.6247	0.93	0.41	10.3263	1.39	0.57	11.6717	2.30	0.94
3.25	-4.835417	-24.788194	NA	10.968	11.7934	9.5654	10.7042	10.9904	9.9401	8.9934	11.0458	9.904	12.9983	10.1157	8.8563	11.5615	13.961	11.28	10.2382	14.7418	10.8043	0.80	0.36	10.4995	1.39	0.57	11.7731	2.22	0.91
3.375	-4.710417	-24.663194	NA	11.4002	11.924	9.9393	11.1052	11.4313	10.2971	9.2009	11.4711	10.2309	13.3574	10.4791	9.1639	11.524	14.4207	11.7006	10.6533	14.7043	11.1600	0.74	0.33	10.8394	1.43	0.58	12.0278	2.16	0.88
3.5	-4.585417	-24.538194	NA	11.828	12.3918	10.3233	11.5107	11.875	10.6291	9.5665	11.8646	10.57	13.7105	10.8429	9.4661	11.4866	14.785	12.1526	11.0772	14.6669	11.5858	0.77	0.35	11.1973	1.43	0.58	12.2724	2.10	0.86
3.625	-4.460417	-24.413194	NA	12.2529	12.8625	10.708	11.9213	12.3094	10.9675	9.9394	12.2286	10.9614	14.1068	11.2343	9.7768	11.4492	15.1394	12.6074	11.5129	14.6295	12.0108	0.80	0.36	11.5730	1.44	0.59	12.5192	2.05	0.84
3.75	-4.335417	-24.288194	NA	12.669	13.3351	11.0857	12.3304	12.7357	11.318	10.3364	12.5925	11.3486	14.5245	11.6309	10.1079	11.4118	15.4839	13.051	11.9541	14.5921	12.4312	0.83	0.37	11.9585	1.45	0.59	12.7668	2.02	0.82
3.875	-4.210417	-24.163194	NA	13.0828	13.8047	11.4517	12.742	13.1744	11.7039	10.764	12.9903	11.7258	14.997	12.0467	10.4467	11.3744	15.8754	13.4974	12.3942	14.5547	12.8511	0.87	0.39	12.3713	1.47	0.60	13.0238	2.02	0.83
4	-4.085417	-24.038194	NA	13.5082	14.2603	11.8171	13.157	13.6286	12.0972	11.1943	13.4056	12.1082	15.5438	12.4765	10.7922	11.337	16.3149	13.9415	12.8308	14.5173	13.2742	0.91	0.41	12.8043	1.52	0.62	13.2889	2.07	0.84
4.125	-3.960417	-23.913194	NA	13.9591	14.7004	12.1881	13.5709	14.0911	12.4928	11.6179	13.8016	12.4915	16.1285	12.8914	11.1458	11.2996	16.7495	14.3898	13.2636	14.4799	13.7019	0.94	0.42	13.2373	1.58	0.65	13.5547	2.13	0.87
4.25	-3.835417	-23.788194	NA	14.4242	15.1443	12.5663	13.9887	14.555	12.8885	12.0361	14.2301	12.8757	16.6107	13.3092	11.4891	11.5722	17.1378	14.8493	13.6962	14.8759	14.1357	0.97	0.43	13.6584	1.61	0.66	13.9367	2.17	0.89
4.375	-3.710417	-23.663194	NA	14.8926	15.5947	12.9475	14.4118	15.0155	13.2644	12.4317	14.6755	13.2459	17.0351	13.7264	11.8199	11.9028	17.5779	15.3139	14.1292	15.3428	14.5724	1.00	0.45	14.0632	1.63	0.67	14.3477	2.23	0.91
4.5	-3.585417	-23.538194	NA	15.3614	16.0486	13.3307	14.838	15.4747	13.6354	12.8423	15.1136	13.6071	17.4919	14.1425	12.1595	12.265	18.0525	15.7862	14.5612	15.8003	15.0107	1.03	0.46	14.4721	1.66	0.68	14.7708	2.28	0.93
4.625	-3.460417	-23.413194	NA	15.8342	16.5101	13.7143	15.2661	15.9363	14.0389	13.2704	15.5071	13.9996	17.9879	14.5479	12.5135	12.6289	18.441	16.2608	14.993	16.2622	15.4522	1.07	0.48	14.8920	1.69	0.69	15.1832	2.31	0.94
4.75	-3.335417	-23.288194	NA	16.3087	16.9763	14.0946	15.6923	16.3941	14.4615	13.6887	15.8999	14.3949	18.4639	14.9464	12.8773	12.9589	18.8195	16.7265	15.4241	16.7392	15.8932	1.10	0.49	15.3092	1.71	0.70	15.5909	2.34	0.95
4.875	-3.210417	-23.163194	NA	16.7764	17.4324	14.4727	16.1132	16.8512	14.864	14.1079	16.3375	14.7758	18.903	15.3642	13.25	13.2906	19.2725	17.1877	15.8513	17.213	16.3292	1.14	0.51	15.7254	1.72	0.70	16.0109	2.39	0.97
5	-3.085417	-23.038194	NA	17.2429	17.8828	14.8501	16.5316	17.3138	15.2671	14.5227	16.7858	15.1918	19.3506	15.7889	13.6241	13.6602	19.8477	17.6504	16.2777	17.6746	16.7642	1.17	0.52	16.1512	1.74	0.71	16.4558	2.46	1.00
5.125	-2.960417	-22.913194	NA	17.7106	18.3281	15.2261	16.9498	17.7842	15.6932	14.9464	17.2397	15.6334	19.7966	16.211	13.9912	14.0109	20.4129	18.1167	16.7057	18.1381	17.1998	1.21	0.54	16.5867	1.75	0.71	16.8959	2.54	1.04
5.25	-2.835417	-22.788194	NA	18.176	18.7732	15.6015	17.3673	18.25	16.1054	15.3801	17.6731	16.0521	20.2394	16.6333	14.3318	14.3458	20.8508	18.5885	17.1322	18.603	17.6336	1.24	0.56	17.0139	1.76	0.72	17.3087	2.59	1.06
5.375	-2.710417	-22.663194	NA	18.6358	19.2199	15.9779	17.7848	18.6883	16.4843	15.8134	18.0897	16.428	20.6832	17.0598	14.6577	14.6756	21.2517	19.0605	17.5563	19.0541	18.0613	1.27	0.57	17.4264	1.77	0.72	17.7093	2.64	1.08
5.5	-2.585417	-22.538194	NA	19.0948	19.6717	16.3565	18.2045	19.1261	16.8725	16.2481	18.5198	16.8134	21.1183	17.478	15.0082	15.0121	21.7992	19.5244	17.9812	19.5128	18.4907	1.30	0.58	17.8417	1.78	0.73	18.1396	2.71	1.11
5.625	-2.460417	-22.413194	NA	19.562	20.134	16.7373	18.6275	19.5918	17.2975	16.668	18.9022	17.2432	21.4991	17.849	15.3774	15.3822	22.3223	19.9866	18.4095	19.9892	18.9305	1.34	0.60	18.2432	1.76	0.72	18.5779	2.77	1.13
5.75	-2.335417	-22.288194	NA	20.0337	20.5947	17.1165	19.0511	20.0685	17.7423	17.079	19.2432	17.6789	21.8498	18.2018	15.7497	15.7343	22.697	20.4518	18.8402	20.4613	19.3729	1.38	0.62	18.6325	1.73	0.71	18.9890	2.80	1.14
5.875	-2.210417	-22.163194	NA	20.4994	21.0467	17.4901	19.4703	20.5447	18.1897	17.5288	19.6169	18.0987	22.2376	18.5897	16.1252	16.0737	23.0925	20.9187	19.2687	20.9292	19.8102	1.42	0.63	19.0436	1.71	0.70	19.4013	2.83	1.16
6	-2.085417	-22.038194	NA	20.9609	21.4926	17.8589	19.8843	21.0099	18.6068	18.0136	20.0241	18.4827	22.6591	18.9961	16.4846	16.4279	23.5004	21.3835	19.6941	21.3974	20.2413	1.46	0.65	19.4637	1.71	0.70	19.8147	2.87	1.17
6.125	-1.960417	-21.913194	NA	21.4192	21.9403	18.2274	20.2964	21.4588	18.9845	18.431	20.4255	18.8261	23.0749	19.3689	16.8112	16.782	23.9125	21.8489	20.1172	21.851	20.6684	1.49	0.67	19.8518	1.72	0.70	20.2205	2.91	1.19
6.25	-1.835417	-21.788194	NA	21.8761	22.386	18.599	20.7094	21.9051	19.3785	18.7879	20.787	19.1837	23.4376	19.7073	17.1203	17.1154	24.3259	22.3123	20.5404	22.3003	21.0951	1.53	0.68	20.2137	1.72	0.70	20.6191	2.97	1.21
6.375	-1.710417	-21.663194	NA	22.3413	22.833	18.9716	21.1254	22.3504	19.7738	19.1851	21.1268	19.5743	23.781	20.0769	17.4388	17.4231	24.6978	22.7698	20.966	22.759	21.5243	1.56	0.70	20.5863	1.70	0.69	21.0091	3.01	1.23
6.5	-1.585417	-21.538194	NA	22.8072	23.283	19.3422	21.5422	22.7856	20.1542	19.6209	21.5009	19.9858	24.1785	20.4789	17.7786	17.7527	25.0759	23.2278	21.3924	23.216	21.9520	1.60	0.71	20.9865	1.69	0.69	21.4072	3.05	1.25
6.625	-1.460417	-21.413194	NA	23.27	23.7327	19.7114	21.9574	23.2106	20.5755	20.0546	21.8603	20.4197	24.5669	20.8509	18.1397	18.0892	25.4659	23.6876	21.8168	23.6739	22.3764	1.63	0.73	21.3880	1.67	0.68	21.8122	3.09	1.26
6.75	-1.335417	-21.288194	NA	23.731	24.1789	20.0798	22.371	23.6512	21.0328	20.4874	22.2167	20.8452	24.9561	21.2236	18.5113	18.4045	25.8297	24.1452	22.2402	24.1362	22.8024	1.66	0.74	21.7936	1.65	0.68	22.2112	3.12	1.27
6.875	-1.210417	-21.163194	NA	24.1926	24.6224	20.4462	22.7817	24.106	21.4734	20.922	22.636	21.2334	25.3866	21.6055	18.8824	18.7362	26.2477	24.5929	22.6642	24.6019	23.2298	1.70	0.76	22.2095	1.66	0.68	22.6209	3.16	1.29
7	-1.085417	-21.038194	NA	24.6574	25.0666	20.812	23.1923	24.5512	21.856	21.3234	23.0318	21.5939	25.789	21.9676	19.2321	19.0759	26.6624	25.0382	23.084	25.0553	23.6559	1.74	0.78	22.5936	1.67	0.68	23.0247	3.21	1.31
7.125	-0.960417	-20.913194	NA	25.1169	25.5094	21.1799	23.6019	24.9872	22.2179	21.6878	23.403	21.9568	26.1884	22.3188	19.5524	19.3897	27.0151	25.4876	23.501	25.501	24.0791	1.77	0.79	22.9621	1.69	0.69	23.4078	3.25	1.33
7.25	-0.835417	-20.788194	NA	25.5672	25.9569	21.5491	24.0136	25.4231	22.6244	22.0844	23.7492	22.3556	26.5655	22.652	19.8797	19.6841	27.4309	25.9452	23.9244	25.9649	24.5020	1.81	0.81	23.3385	1.68	0.69	23.8049	3.31	1.35
7.375	-0.710417	-20.663194	NA	26.0148	26.4073	21.9189	24.427	25.8571	23.0357	22.5262	24.1123	22.753	26.9379	23.0127	20.2217	20.0038	27.997	26.4105	24.3515	26.4268	24.9250	1.84	0.82	23.7296	1.66	0.68	24.2352	3.40	1.39
7.5	-0.585417	-20.538194	NA	26.4696	26.8573	22.2883	24.8399	26.2665	23.4323	22.9718	24.4915	23.1302	27.3097	23.3626	20.5589	20.3406	28.5074	26.8726	24.7768	26.88	25.3443	1.87	0.84	24.1164	1.65	0.67	24.6561	3.47	1.42
7.625	-0.460417	-20.413194	NA	26.9359	27.3105	22.6556	25.2525	26.6658	23.8311	23.4155	24.8675	23.5132	27.6868	23.7063	20.9037	20.6697	28.9143	27.3282	25.2008	27.3446	25.7641	1.90	0.85	24.5034	1.64	0.67	25.0602	3.52	1.44
7.75	-0.335417	-20.288194	NA	27.4052	27.7619	23.0209	25.665	27.0986	24.2101	23.8381	25.2863	23.8976	28.1278	24.0834	21.2375	21.0141	29.3176	27.782	25.6223	27.8149	26.1903	1.94	0.87	24.9072	1.66	0.68	25.4647	3.56	1.45
7.875	-0.210417	-20.163194	NA	27.8661	28.2056	23.3864	26.0745	27.5573	24.5725	24.2219	25.6536	24.2708	28.5339	24.4341	21.5461	21.3596	29.7002	28.2382	26.0441	28.2813	26.6180	1.98	0.89	25.2811	1.68	0.69	25.8616	3.61	1.47
8	-0.085417	-20.038194	NA	28.3201	28.6448	23.7656	26.4808	28.0156	24.928	24.5839	25.9622	24.6663	28.8742	24.7543	21.8727	21.6913	30.0449	28.6804	26.4675	28.7471	27.0454	2.01	0.90	25.6281	1.67	0.68	26.2507	3.65	1.49
8.085417	0	-19.952778	NA	28.6304	28.9449	24.0379	26.7585	28.3288	25.1695	24.8316	26.1703	24.9792	29.1067	24.9731	22.133	21.9147	30.2765	28.9611	26.757	29.0654	27.3401	2.03	0.91	25.8717	1.66	0.68	26.5179	3.66	1.50
8.210417	0.125	-19.827778	NA	29.0707	29.3711	24.4409	27.1779	28.7855	25.5988	25.3576	26.482	25.4445	29.4692	25.3395	22.5317	22.3011	30.6839	29.3706	27.186	29.5176	27.7692	2.04	0.91	26.2819	1.62	0.66	26.9318	3.68	1.50
8.335417	0.25	-19.702778	NA	29.521	29.8012	24.8669	27.6116	29.2398	26.0791	25.8781	26.8078	25.8272	29.864	25.7459	22.9166	22.697	31.0918	29.818	27.6183	29.97	28.2081	2.05	0.92	26.7004	1.60	0.65	27.3519	3.70	1.51
8.460417	0.375	-19.577778	NA	29.9985	30.2483	25.3357	28.0747	29.7064	26.5543	26.3233	27.1905	26.1845	30.3052	26.1895	23.3065	23.1467	31.5029	30.296	28.0661	30.4271	28.6727	2.05	0.92	27.1245	1.60	0.65	27.7909	3.71	1.51
8.585417	0.5	-19.452778	NA	30.4896	30.7142	25.808	28.5557	30.1834	27.0258	26.735	27.6264	26.6103	30.7456	26.6277	23.7042	23.6013	31.9325	30.7952	28.5337	30.9034	29.1502	2.05	0.92	27.5618	1.61	0.66	28.2450	3.73	1.52
8.710417	0.625	-19.327778	NA	30.9815	31.1804	26.2737	29.0378	30.6612	27.5713	27.1427	28.022	27.0256	31.1883	27.0667	24.1152	24.0724	32.4039	31.2885	29.0063	31.3834	29.6269	2.06	0.92	28.0028	1.61	0.66	28.7116	3.75	1.53
8.835417	0.75	-19.202778	NA	31.4644	31.6429	26.7251	29.5159	31.1513	28.1115	27.4998	28.3559	27.3903	31.7135	27.5143	24.5216	24.5408	32.888	31.7653	29.4704	31.8627	30.0999	2.07	0.92	28.4309	1.65	0.68	29.1748	3.77	1.54
8.960417	0.875	-19.077778	NA	31.9257	32.1004	27.1666	29.9916	31.643	28.511	27.8635	28.7032	27.7386	32.2717	27.9177	24.9361	25.0062	33.3721	32.2395	29.9297	32.3433	30.5655	2.08	0.93	28.8343	1.73	0.71	29.6378	3.79	1.55
9.085417	1	-18.952778	NA	32.3811	32.55	27.6002	30.4637	32.1237	28.876	28.3187	29.0852	28.0736	32.7289	28.2822	25.3338	25.4544	33.8563	32.7137	30.3715	32.8287	31.0237	2.09	0.93	29.2274	1.76	0.72	30.0931	3.81	1.56
9.210417	1.125	-18.827778	NA	32.8409	33.0049	28.0254	30.9351	32.6027	29.295	28.8742	29.4633	28.4581	33.1247	28.657	25.7151	25.9006	34.3404	33.1879	30.8064	33.3125	31.4818	2.10	0.94	29.6454	1.75	0.71	30.5438	3.85	1.57
9.335417	1.25	-18.702778	NA	33.3066	33.4693	28.465	31.4056	33.084	29.6919	29.4798	29.8129	28.8553	33.5208	29.027	26.122	26.3399	34.8245	33.6621	31.2534	33.8023	31.9461	2.11	0.95	30.0646	1.73	0.71	31.0007	3.88	1.58
9.460417	1.375	-18.577778	NA	33.7824	33.9356	28.9082	31.8719	33.5558	30.0238	30.0587	30.2061	29.204	33.9248	29.396	26.5385	26.7417	35.3087	34.1363	31.7099	34.2932	32.4108	2.13	0.95	30.4689	1.74	0.71	31.4547	3.91	1.60
9.585417	1.5	-18.452778	NA	34.2604	34.3982	29.3491	32.3359	34.0178	30.392	30.6083	30.6209	29.5733	34.3408	29.7772	26.9462	27.0992	35.7928	34.6105	32.1606	34.7769	32.8723	2.14	0.96	30.8854	1.75	0.71	31.8977	3.96	1.62
9.710417	1.625	-18.327778	NA	34.7389	34.857	29.7952	32.8026	34.477	30.8129	31.175	31.0049	29.996	34.7555	30.1739	27.3672	27.503	36.2769	35.0847	32.6157	35.2568	33.3341	2.15	0.96	31.3197	1.75	0.71	32.3507	3.99	1.63
9.835417	1.75	-18.202778	NA	35.2189	35.3183	30.2444	33.2688	34.9361	31.2048	31.7617	31.3793	30.396	35.1579	30.5618	27.7769	27.9459	36.7611	35.5589	33.0823	35.7297	33.7973	2.15	0.96	31.7436	1.75	0.71	32.8091	4.02	1.64
9.960417	1.875	-18.077778	NA	35.6967	35.7735	30.6901	33.7339	35.3946	31.5958	32.3248	31.7242	30.7921	35.5957	30.9247	28.1736	28.3563	37.2452	36.0332	33.5491	36.189	34.2578	2.16	0.97	32.1596	1.77	0.72	33.2577	4.05	1.65
10.085417	2	-17.952778	NA	36.1622	36.2198	31.1238	34.1916	35.855	32.0254	32.817	32.0397	31.1915	36.121	31.301	28.5996	28.7714	37.7293	36.5074	34.0138	36.6406	34.7105	2.17	0.97	32.5826	1.83	0.75	33.7103	4.08	1.67
10.210417	2.125	-17.827778	NA	36.6182	36.6705	31.5639	34.6385	36.3296	32.4696	33.2709	32.3579	31.5777	36.6165	31.6943	29.0421	29.1673	38.1992	36.9816	34.4746	37.0967	35.1641	2.18	0.97	32.9978	1.87	0.77	34.1602	4.10	1.67
10.335417	2.25	-17.702778	NA	37.0765	37.1303	32.018	35.0958	36.8194	32.9092	33.7236	32.6849	31.9406	37.0157	32.0777	29.4902	29.5267	38.6073	37.4419	34.9372	37.563	35.6280	2.18	0.98	33.3920	1.89	0.77	34.5944	4.12	1.68
10.460417	2.375	-17.577778	NA	37.5493	37.5879	32.4689	35.5742	37.3065	33.3177	34.1212	33.0126	32.3023	37.4045	32.4629	29.8999	29.9345	38.9565	37.8892	35.4028	38.0536	36.0974	2.19	0.98	33.7702	1.90	0.77	35.0228	4.13	1.68
10.585417	2.5	-17.452778	NA	38.0409	38.0501	32.9182	36.0597	37.7773	33.6895	34.4951	33.3351	32.6283	37.8036	32.8622	30.2999	30.388	39.3222	38.3356	35.8698	38.5518	36.5692	2.20	0.99	34.1356	1.91	0.78	35.4612	4.13	1.69
10.710417	2.625	-17.327778	NA	38.5333	38.5314	33.3755	36.54	38.2461	34.0773	34.9039	33.6587	33.0049	38.1742	33.2468	30.7369	30.8101	39.6828	38.7937	36.343	39.029	37.0453	2.21	0.99	34.5110	1.92	0.78	35.8993	4.13	1.69
10.835417	2.75	-17.202778	NA	39.0223	39.0141	33.8412	37.0187	38.7193	34.4664	35.3331	34.0006	33.4292	38.553	33.6321	31.1865	31.2121	40.0482	39.2609	36.8188	39.5041	37.5231	2.22	0.99	34.9024	1.91	0.78	36.3384	4.13	1.69
10.960417	2.875	-17.077778	NA	39.5066	39.484	34.2932	37.4962	39.1915	34.9505	35.8199	34.3727	33.8197	38.9764	34.0508	31.5921	31.6095	40.4716	39.7063	37.2923	39.9932	37.9943	2.23	1.00	35.3317	1.92	0.79	36.7775	4.16	1.70
11.085417	3	-16.952778	NA	39.9853	39.952	34.7419	37.9639	39.6673	35.425	36.4022	34.7662	34.1582	39.4045	34.4849	31.9258	32.0049	40.9112	40.1374	37.7602	40.4823	38.4621	2.24	1.00	35.7735	1.95	0.80	37.2036	4.20	1.72
11.210417	3.125	-16.827778	NA	40.4665	40.433	35.1968	38.4297	40.144	35.813	36.9435	35.1434	34.4729	39.802	34.8877	32.3099	32.4087	41.3783	40.5836	38.2236	40.9729	38.9340	2.25	1.01	36.1771	1.97	0.81	37.6462	4.24	1.73
11.335417	3.25	-16.702778	NA	40.9526	40.924	35.6566	38.8921	40.6149	36.2504	37.3453	35.4946	34.8481	40.1943	35.2795	32.7254	32.8417	41.8407	41.0383	38.696	41.4699	39.4080	2.26	1.01	36.5687	1.98	0.81	38.1020	4.26	1.74
11.460417	3.375	-16.577778	NA	41.4358	41.4129	36.1238	39.3617	41.0969	36.6467	37.6715	35.8684	35.2664	40.6279	35.7062	33.1125	33.2937	42.2458	41.5094	39.1739	41.9696	39.8862	2.27	1.02	36.9645	1.98	0.81	38.5508	4.28	1.75
11.585417	3.5	-16.452778	NA	41.9109	41.8987	36.5945	39.8426	41.5927	36.9993	38.1661	36.2517	35.6604	41.0594	36.1401	33.5294	33.754	42.6426	41.9931	39.6495	42.4578	40.3679	2.28	1.02	37.3795	2.00	0.82	39.0044	4.29	1.75
11.710417	3.625	-16.327778	NA	42.3988	42.3783	37.066	40.326	42.075	37.3951	38.7836	36.6474	36.0717	41.4853	36.5752	33.9495	34.1953	43.1451	42.4635	40.1213	42.9447	40.8488	2.28	1.02	37.8264	2.03	0.83	39.4699	4.32	1.76
11.835417	3.75	-16.202778	NA	42.8793	42.847	37.5334	40.8127	42.5607	37.8281	39.3605	37.0705	36.5093	41.9367	36.9914	34.3436	34.6059	43.6997	42.9398	40.5914	43.4441	41.3266	2.29	1.02	38.2828	2.05	0.84	39.9374	4.37	1.79
11.960417	3.875	-16.077778	NA	43.344	43.3195	38.0003	41.2922	43.0529	38.2604	39.85	37.4902	36.9408	42.3953	37.3897	34.7234	35.0123	44.1658	43.4289	41.0671	43.9427	41.8018	2.29	1.02	38.7211	2.07	0.85	40.3900	4.42	1.80
12.085417	4	-15.952778	NA	43.8189	43.8016	38.4676	41.7693	43.5439	38.6872	40.347	37.9157	37.3632	42.8229	37.7905	35.0919	35.4532	44.5658	43.9047	41.5421	44.4461	42.2803	2.30	1.03	39.1544	2.08	0.85	40.8340	4.45	1.82
12.210417	4.125	-15.827778	NA	44.2974	44.287	38.9352	42.2521	44.0332	39.0654	40.9589	38.3314	37.7492	43.2108	38.1976	35.5146	35.9297	44.9541	44.3787	42.0105	44.9453	42.7610	2.30	1.03	39.5855	2.11	0.86	41.2888	4.45	1.82
12.335417	4.25	-15.702778	NA	44.7734	44.7747	39.4037	42.7329	44.5134	39.412	41.519	38.7119	38.1299	43.5715	38.6	35.9752	36.3895	45.3717	44.8542	42.4808	45.4305	43.2396	2.31	1.03	39.9907	2.12	0.87	41.7503	4.45	1.82
12.460417	4.375	-15.577778	NA	45.256	45.264	39.8757	43.2104	44.993	39.8036	42.0073	39.1137	38.5567	43.9573	39.0101	36.4116	36.8078	45.8586	45.3318	42.9548	45.9244	43.7198	2.31	1.03	40.4081	2.12	0.87	42.2148	4.48	1.83
12.585417	4.5	-15.452778	NA	45.7444	45.7508	40.3463	43.6911	45.4849	40.2479	42.4273	39.5558	38.9961	44.4018	39.4336	36.8102	37.1829	46.3266	45.8042	43.4307	46.423	44.2035	2.32	1.04	40.8438	2.13	0.87	42.6629	4.52	1.85
12.710417	4.625	-15.327778	NA	46.228	46.2272	40.8196	44.1824	45.9913	40.7019	42.8206	40.0087	39.438	44.8445	39.8505	37.2284	37.5636	46.7514	46.2777	43.9052	46.9255	44.6897	2.33	1.04	41.2774	2.12	0.87	43.1086	4.56	1.86
12.835417	4.75	-15.202778	NA	46.7044	46.7092	41.2964	44.6708	46.4959	41.1238	43.3574	40.4436	39.8779	45.2661	40.2624	37.6446	38.011	47.151	46.7681	44.3803	47.4307	45.1753	2.33	1.04	41.7219	2.13	0.87	43.5643	4.57	1.87
12.960417	4.875	-15.077778	NA	47.1767	47.2101	41.7695	45.1511	46.9911	41.5252	43.9252	40.852	40.3108	45.6806	40.6511	38.0607	38.4953	47.5447	47.2559	44.8624	47.928	45.6597	2.34	1.05	42.1575	2.16	0.88	44.0245	4.58	1.87
13.085417	5	-14.952778	NA	47.6557	47.7031	42.2351	45.634	47.4889	41.9394	44.45	41.2728	40.7437	46.1013	41.0098	38.4698	38.9623	48.0148	47.7246	45.3418	48.4269	46.1434	2.35	1.05	42.5862	2.18	0.89	44.4900	4.60	1.88
13.210417	5.125	-14.827778	NA	48.1435	48.176	42.6997	46.1216	47.9956	42.373	44.9255	41.7217	41.1663	46.5413	41.3502	38.866	39.3773	48.5426	48.1903	45.8118	48.9303	46.6273	2.36	1.05	43.0130	2.21	0.90	44.9530	4.65	1.90
13.335417	5.25	-14.702778	NA	48.6224	48.6542	43.1661	46.6091	48.5024	42.8289	45.3314	42.1618	41.5879	46.9631	41.6997	39.3078	39.7748	49.0276	48.6744	46.2811	49.4323	47.1108	2.37	1.06	43.4288	2.21	0.90	45.4163	4.68	1.91
13.460417	5.375	-14.577778	NA	49.1042	49.1486	43.6325	47.0879	48.997	43.2526	45.7697	42.5706	42.0047	47.3527	42.0724	39.7437	40.2108	49.4828	49.1596	46.7539	49.9327	47.5940	2.38	1.06	43.8371	2.21	0.90	45.8806	4.71	1.92
13.585417	5.5	-14.452778	NA	49.5982	49.6364	44.0991	47.5613	49.4806	43.6464	46.2247	42.9549	42.419	47.7437	42.4557	40.17	40.6466	49.9498	49.6316	47.2252	50.4315	48.0751	2.39	1.07	44.2407	2.22	0.91	46.3424	4.73	1.93
13.710417	5.625	-14.327778	NA	50.0895	50.1161	44.5678	48.041	49.9671	44.0706	46.6956	43.3535	42.8385	48.1629	42.8246	40.6055	41.0612	50.4182	50.1057	47.6917	50.9243	48.5563	2.40	1.07	44.6576	2.24	0.92	46.8011	4.76	1.94
13.835417	5.75	-14.202778	NA	50.5791	50.5993	45.0395	48.5241	50.45	44.4918	47.2355	43.7662	43.2083	48.5755	43.1917	41.0552	41.5007	50.8722	50.5878	48.1609	51.4102	49.0384	2.40	1.07	45.0782	2.28	0.93	47.2645	4.77	1.95
13.960417	5.875	-14.077778	NA	51.0707	51.0873	45.5065	49.0062	50.9408	44.8956	47.7433	44.1593	43.575	48.9816	43.5566	41.4735	41.9665	51.2865	51.0704	48.6324	51.9075	49.5223	2.41	1.08	45.4852	2.32	0.95	47.7228	4.78	1.95
14.085417	6	-13.952778	NA	51.5501	51.5685	45.9596	49.4794	51.4348	45.33	48.1678	44.5393	43.9995	49.3795	43.9205	41.8697	42.4325	51.6803	51.5213	49.1005	52.4104	49.9985	2.42	1.08	45.8894	2.32	0.95	48.1691	4.80	1.96
14.210417	6.125	-13.827778	NA	52.0273	52.0435	46.4077	49.948	51.9291	45.7642	48.5819	44.9193	44.4231	49.7733	44.2844	42.2671	42.8984	52.0742	51.9672	49.5685	52.9134	50.4711	2.44	1.09	46.2910	2.33	0.95	48.6148	4.81	1.96
14.335417	6.25	-13.702778	NA	52.5006	52.4898	46.8475	50.3992	52.3906	46.1942	49.079	45.3019	44.8352	50.1428	44.6577	42.7051	43.3463	52.5237	52.3875	50.0287	53.4059	50.9255	2.45	1.10	46.7018	2.34	0.96	49.0662	4.82	1.97
14.460417	6.375	-13.577778	NA	52.9744	52.9351	47.3042	50.8554	52.8519	46.6084	49.6639	45.6825	45.2147	50.5109	45.0458	43.1408	43.7599	52.991	52.8216	50.4723	53.8826	51.3842	2.45	1.10	47.1210	2.38	0.97	49.5114	4.83	1.97
14.585417	6.5	-13.452778	NA	53.4385	53.4067	47.7747	51.3339	53.3275	47.0112	50.176	46.0873	45.5847	50.895	45.4378	43.5568	44.1779	53.4223	53.2802	50.9078	54.3505	51.8563	2.45	1.10	47.5320	2.40	0.98	49.9492	4.85	1.98
14.710417	6.625	-13.327778	NA	53.9099	53.8784	48.2417	51.8	53.807	47.4368	50.6612	46.526	45.9888	51.3132	45.8699	43.9907	44.636	53.8647	53.7482	51.3569	54.8218	52.3274	2.45	1.10	47.9660	2.41	0.99	50.4031	4.86	1.98
14.835417	6.75	-13.202778	NA	54.3817	54.3415	48.7007	52.2512	54.295	47.8532	51.1205	46.9585	46.4015	51.7344	46.3158	44.4207	45.1092	54.3342	54.2069	51.8163	55.3	52.7940	2.46	1.10	48.3973	2.42	0.99	50.8646	4.87	1.99
14.960417	6.875	-13.077778	NA	54.8507	54.8015	49.1553	52.7157	54.7747	48.2617	51.5306	47.3619	46.8089	52.1588	46.7513	44.8358	45.556	54.7882	54.6652	52.2704	55.7732	53.2596	2.47	1.10	48.8122	2.42	0.99	51.3148	4.88	1.99
15.085417	7	-12.952778	NA	55.3025	55.2621	49.6006	53.19	55.2356	48.6391	51.9257	47.758	47.1974	52.5693	47.1605	45.2354	45.9613	55.2013	55.118	52.7296	56.2421	53.7182	2.47	1.11	49.2083	2.42	0.99	51.7480	4.91	2.00
15.210417	7.125	-12.827778	NA	55.7693	55.7226	50.053	53.6517	55.7051	49.0378	52.3023	48.1659	47.5749	52.9669	47.5517	45.6306	46.3493	55.6103	55.5557	53.2002	56.7122	54.1803	2.48	1.11	49.5999	2.42	0.99	52.1764	4.93	2.01
15.335417	7.25	-12.702778	NA	56.2496	56.1852	50.5132	54.1172	56.1867	49.4507	52.7115	48.5836	47.9532	53.376	47.9435	46.0446	46.7588	56.0341	56.0006	53.6662	57.1879	54.6504	2.48	1.11	50.0031	2.43	0.99	52.6154	4.95	2.02
15.460417	7.375	-12.577778	NA	56.7351	56.6577	50.9754	54.5939	56.6666	49.8934	53.1364	49.0074	48.3724	53.7906	48.3496	46.4746	47.1986	56.4627	56.4519	54.1296	57.6625	55.1257	2.49	1.11	50.4250	2.43	0.99	53.0633	4.96	2.03
15.585417	7.5	-12.452778	NA	57.2145	57.1317	51.4346	55.0651	57.1349	50.3575	53.5521	49.4334	48.8106	54.1926	48.7332	46.9007	47.628	56.8911	56.9068	54.6032	58.1298	55.5962	2.50	1.12	50.8466	2.42	0.99	53.5099	4.98	2.03
15.710417	7.625	-12.327778	NA	57.6835	57.6152	51.8995	55.5456	57.6069	50.802	53.926	49.8573	49.2164	54.5937	49.09	47.2777	48.0338	57.3227	57.3814	55.0714	58.592	56.0701	2.50	1.12	51.2476	2.42	0.99	53.9465	5.01	2.05
15.835417	7.75	-12.202778	NA	58.1681	58.1083	52.3747	56.033	58.0873	51.2439	54.3386	50.2972	49.629	55.0099	49.5055	47.688	48.4676	57.7703	57.8427	55.5242	59.0578	56.5543	2.51	1.12	51.6707	2.42	0.99	54.3918	5.03	2.05
15.960417	7.875	-12.077778	NA	58.6385	58.6002	52.8445	56.5085	58.5618	51.7053	54.7548	50.7192	50.0683	55.4399	49.9091	48.1519	48.9033	58.1891	58.2997	55.9761	59.5327	57.0307	2.51	1.12	52.0994	2.42	0.99	54.8421	5.03	2.05
16.085417	8	-11.952778	NA	59.1081	59.0906	53.3015	56.9797	59.0353	52.1649	55.1709	51.1269	50.4968	55.8726	50.3088	48.5837	49.3069	58.5806	58.7645	56.4313	60.0093	57.5030	2.52	1.13	52.5235	2.42	0.99	55.2794	5.04	2.06
16.210417	8.125	-11.827778	NA	59.554	59.565	53.7594	57.4478	59.5111	52.6269	55.5837	51.4864	50.9097	56.281	50.7045	49.0055	49.6842	58.9693	59.2233	56.8905	60.4782	57.9675	2.52	1.13	52.9320	2.43	0.99	55.7085	5.07	2.07
16.335417	8.25	-11.702778	NA	60.0043	60.0319	54.225	57.9227	59.9874	53.0821	55.9957	51.8387	51.3119	56.664	51.1096	49.4163	50.0515	59.3838	59.6767	57.3574	60.9374	58.4343	2.52	1.13	53.3337	2.43	0.99	56.1372	5.10	2.08
16.460417	8.375	-11.577778	NA	60.4742	60.5104	54.6887	58.3872	60.4492	53.5357	56.399	52.2439	51.7216	57.0749	51.5047	49.8289	50.4684	59.8245	60.1186	57.8311	61.3921	58.9019	2.52	1.13	53.7466	2.43	0.99	56.5773	5.11	2.09
16.585417	8.5	-11.452778	NA	60.9623	60.9921	55.1491	58.8403	60.9002	53.9917	56.8318	52.6545	52.1309	57.4693	51.8977	50.2713	50.9014	60.2509	60.5581	58.3037	61.8574	59.3688	2.53	1.13	54.1626	2.43	0.99	57.0238	5.12	2.09
16.710417	8.625	-11.327778	NA	61.45	61.4744	55.6007	59.2891	61.3507	54.4164	57.2165	53.0364	52.5486	57.8365	52.2653	50.6725	51.3076	60.6481	61.0025	58.7718	62.339	59.8330	2.54	1.14	54.5533	2.43	0.99	57.4569	5.14	2.10
16.835417	8.75	-11.202778	NA	61.9215	61.9612	56.0485	59.7407	61.8182	54.8509	57.6369	53.4318	52.9784	58.2281	52.637	51.0386	51.7311	61.054	61.4557	59.2425	62.8159	60.2980	2.55	1.14	54.9605	2.43	0.99	57.8896	5.17	2.11
16.960417	8.875	-11.077778	NA	62.3773	62.4372	56.5061	60.2112	62.304	55.3064	58.0595	53.8493	53.4094	58.5978	53.013	51.403	52.1944	61.4827	61.9179	59.7117	63.2924	60.7672	2.56	1.14	55.3726	2.42	0.99	58.3337	5.20	2.12
17.085417	9	-10.952778	NA	62.8413	62.8965	56.9685	60.6968	62.7929	55.7559	58.4889	54.2811	53.8304	58.9484	53.379	51.8187	52.644	61.9211	62.3815	60.1742	63.7771	61.2392	2.56	1.15	55.7806	2.42	0.99	58.7861	5.21	2.13
17.210417	9.125	-10.827778	NA	63.3222	63.3604	57.4269	61.1683	63.2625	56.1705	58.9541	54.7333	54.2056	59.3511	53.7737	52.2673	53.0392	62.3558	62.834	60.6391	64.2625	61.7081	2.57	1.15	56.1980	2.43	0.99	59.2330	5.23	2.14
17.335417	9.25	-10.702778	NA	63.8012	63.8259	57.8878	61.6296	63.7186	56.5613	59.3568	55.1989	54.5703	59.7919	54.2045	52.6725	53.4258	62.8043	63.2913	61.1073	64.7493	62.1726	2.57	1.15	56.6140	2.43	0.99	59.6751	5.27	2.15
17.460417	9.375	-10.577778	NA	64.2699	64.2813	58.3526	62.1086	64.201	57.0009	59.7816	55.6273	54.9753	60.2872	54.6448	53.0582	53.8464	63.238	63.767	61.575	65.2412	62.6427	2.57	1.15	57.0528	2.45	1.00	60.1210	5.30	2.16
17.585417	9.5	-10.452778	NA	64.7352	64.7473	58.8163	62.5857	64.6868	57.4519	60.2187	56.0226	55.3821	60.7755	55.0683	53.467	54.2804	63.6465	64.2393	62.0467	65.7278	63.1143	2.57	1.15	57.4865	2.48	1.01	60.5680	5.32	2.17
17.710417	9.625	-10.327778	NA	65.1961	65.2283	59.2728	63.0434	65.1562	57.8996	60.6449	56.4151	55.7913	61.1756	55.4265	53.9067	54.7307	64.0719	64.6931	62.5197	66.2086	63.5794	2.58	1.15	57.8922	2.49	1.02	61.0218	5.33	2.18
17.835417	9.75	-10.202778	NA	65.6563	65.7044	59.7199	63.4958	65.6154	58.3432	61.0738	56.8208	56.2191	61.5768	55.808	54.3041	55.1965	64.5148	65.1366	62.9828	66.6915	64.0384	2.59	1.16	58.3070	2.50	1.02	61.4710	5.35	2.18
17.960417	9.875	-10.077778	NA	66.1163	66.1763	60.1655	63.9451	66.0654	58.7868	61.4894	57.2372	56.6513	61.9756	56.2249	54.7015	55.6538	64.9633	65.58	63.4363	67.1757	64.4937	2.60	1.16	58.7275	2.49	1.02	61.9184	5.37	2.19
18.085417	10	-9.952778	NA	66.5782	66.6482	60.6235	64.3923	66.5197	59.1752	61.8965	57.6563	57.0453	62.3375	56.6732	55.0824	56.0521	65.4193	66.0279	63.878	67.664	64.9524	2.60	1.16	59.1307	2.47	1.01	62.3540	5.40	2.21
18.210417	10.125	-9.827778	NA	67.0516	67.1162	61.0932	64.8517	66.9931	59.5314	62.3232	58.0661	57.3982	62.6814	57.0974	55.4912	56.4565	65.8544	66.4604	64.3296	68.1373	65.4212	2.60	1.16	59.5163	2.46	1.01	62.7882	5.43	2.22
18.335417	10.25	-9.702778	NA	67.5354	67.5721	61.5692	65.329	67.4645	59.9181	62.7708	58.4955	57.8067	63.056	57.4968	55.9204	56.8977	66.2466	66.9032	64.7906	68.6173	65.8940	2.60	1.16	59.9240	2.46	1.01	63.2293	5.43	2.22
18.460417	10.375	-9.577778	NA	68.012	68.0314	62.0492	65.8133	67.9352	60.3055	63.2117	58.916	58.2473	63.4304	57.9125	56.3351	57.329	66.6419	67.3762	65.2565	69.1054	66.3682	2.59	1.16	60.3372	2.45	1.00	63.6740	5.45	2.23
18.585417	10.5	-9.452778	NA	68.489	68.4979	62.5185	66.2925	68.4106	60.6861	63.6355	59.3227	58.6775	63.809	58.3405	56.7199	57.7334	67.0835	67.8382	65.723	69.5942	66.8417	2.59	1.16	60.7452	2.44	1.00	64.1154	5.49	2.24
18.710417	10.625	-9.327778	NA	68.9683	68.9706	62.9766	66.76	68.8756	61.0657	64.0635	59.7171	59.129	64.2385	58.7519	57.1063	58.1445	67.501	68.2788	66.1917	70.076	67.3102	2.60	1.16	61.1609	2.45	1.00	64.5497	5.52	2.25
18.835417	10.75	-9.202778	NA	69.4434	69.4362	63.4429	67.2233	69.3317	61.4617	64.4788	60.1147	59.5489	64.6996	59.1434	57.532	58.5987	67.8707	68.7154	66.6656	70.5364	67.7755	2.60	1.16	61.5745	2.46	1.01	64.9865	5.52	2.25
18.960417	10.875	-9.077778	NA	69.9237	69.8792	63.9162	67.6903	69.7788	61.8364	64.853	60.5127	59.9142	65.1495	59.5336	57.9862	59.0427	68.2347	69.1632	67.1168	70.9988	68.2376	2.59	1.16	61.9666	2.48	1.01	65.4237	5.51	2.25
19.085417	11	-8.952778	NA	70.4002	70.3233	64.3793	68.1565	70.2321	62.2069	65.238	60.8958	60.2853	65.5607	59.9352	58.4275	59.4614	68.6093	69.6282	67.5622	71.4781	68.6983	2.59	1.16	62.3537	2.49	1.01	65.8611	5.52	2.25
19.210417	11.125	-8.827778	NA	70.8778	70.7891	64.8438	68.6123	70.6991	62.6076	65.6595	61.2941	60.7053	65.9198	60.3425	58.8267	59.8434	69.0333	70.0816	68.0298	71.9492	69.1644	2.59	1.16	62.7548	2.48	1.01	66.2940	5.55	2.27
19.335417	11.25	-8.702778	NA	71.3674	71.2719	65.3202	69.0607	71.1585	63.0662	66.1032	61.7079	61.1548	66.2666	60.7445	59.2329	60.2232	69.4784	70.5274	68.5098	72.4078	69.6357	2.60	1.16	63.1739	2.46	1.00	66.7299	5.58	2.28
19.460417	11.375	-8.577778	NA	71.8568	71.7568	65.7971	69.5193	71.621	63.5356	66.5339	62.1518	61.6035	66.6525	61.1289	59.6794	60.6355	69.8669	70.9897	68.9911	72.8665	70.1102	2.60	1.16	63.6010	2.45	1.00	67.1715	5.59	2.28
19.585417	11.5	-8.452778	NA	72.3337	72.2276	66.2737	69.9942	72.1039	64.0086	66.943	62.6075	62.0607	67.0736	61.5314	60.1114	61.0585	70.235	71.4648	69.4687	73.3276	70.5866	2.60	1.16	64.0375	2.45	1.00	67.6110	5.60	2.29
19.710417	11.625	-8.327778	NA	72.8101	72.6819	66.7405	70.4727	72.5881	64.4468	67.3373	63.0379	62.4721	67.504	61.9754	60.5302	61.4872	70.6535	71.9377	69.9336	73.7986	71.0587	2.60	1.16	64.4622	2.44	0.99	68.0568	5.62	2.30
19.835417	11.75	-8.202778	NA	73.2836	73.1384	67.1898	70.9456	73.065	64.8347	67.7414	63.4579	62.8456	67.9385	62.4113	60.9739	61.8937	71.1135	72.3893	70.3988	74.2748	71.5245	2.61	1.17	64.8716	2.44	1.00	68.5073	5.64	2.30
19.960417	11.875	-8.077778	NA	73.7452	73.5991	67.6486	71.415	73.5332	65.2393	68.1714	63.8727	63.2624	68.3793	62.8243	61.4073	62.2748	71.5679	72.8392	70.87	74.7329	71.9882	2.61	1.17	65.2916	2.45	1.00	68.9487	5.67	2.31
20.085417	12	-7.952778	NA	74.2078	74.0718	68.1289	71.867	73.9828	65.647	68.6496	64.2733	63.6891	68.812	63.225	61.8286	62.7023	72.01	73.3098	71.3422	75.1813	72.4517	2.60	1.16	65.7160	2.47	1.01	69.3957	5.68	2.32
20.210417	12.125	-7.827778	NA	74.6682	74.5526	68.5943	72.3167	74.4397	66.0744	69.1792	64.7026	64.1175	69.2285	63.6183	62.2616	63.133	72.4639	73.7631	71.8075	75.65	72.9143	2.60	1.16	66.1534	2.50	1.02	69.8465	5.70	2.33
20.335417	12.25	-7.702778	NA	75.1292	75.0216	69.0546	72.7911	74.9224	66.5498	69.6472	65.1629	64.5734	69.6618	64.0318	62.6902	63.5357	72.9337	74.2014	72.2726	76.1322	73.3838	2.61	1.17	66.6045	2.51	1.02	70.2943	5.72	2.34
20.460417	12.375	-7.577778	NA	75.6036	75.4903	69.5283	73.2687	75.4016	66.9906	70.0604	65.5904	64.9817	70.0998	64.4622	63.1108	63.9792	73.3982	74.6613	72.7495	76.6091	73.8585	2.61	1.17	67.0309	2.51	1.02	70.7514	5.74	2.34
20.585417	12.5	-7.452778	NA	76.0828	75.9614	70.0108	73.7425	75.8764	67.4117	70.5063	65.9958	65.3596	70.493	64.8878	63.5403	64.4339	73.8545	75.141	73.2242	77.0796	74.3348	2.60	1.16	67.4424	2.52	1.03	71.2122	5.76	2.35
20.710417	12.625	-7.327778	NA	76.5488	76.4215	70.4775	74.2292	76.3656	67.838	70.9815	66.4108	65.7418	70.8681	65.2932	63.9935	64.892	74.2967	75.6067	73.6865	77.5682	74.8085	2.61	1.17	67.8556	2.53	1.03	71.6739	5.76	2.35
20.835417	12.75	-7.202778	NA	76.9967	76.8748	70.9194	74.7175	76.8579	68.2732	71.4311	66.8545	66.1549	71.2699	65.6669	64.4251	65.3308	74.7037	76.0492	74.1339	78.0713	75.2733	2.61	1.17	68.2751	2.54	1.04	72.1190	5.78	2.36
20.960417	12.875	-7.077778	NA	77.4587	77.3412	71.3691	75.1896	77.3385	68.7363	71.8288	67.3194	66.608	71.6853	66.0302	64.852	65.7342	75.0792	76.4966	74.5782	78.5685	75.7394	2.62	1.17	68.7013	2.53	1.03	72.5515	5.80	2.37
21.085417	13	-6.952778	NA	77.9524	77.8224	71.8204	75.6479	77.8128	69.2036	72.2633	67.7721	67.0443	72.0967	66.3975	65.301	66.1603	75.4735	76.9439	75.0317	79.0666	76.2112	2.64	1.18	69.1296	2.54	1.04	72.9962	5.81	2.37
21.210417	13.125	-6.827778	NA	78.458	78.3035	72.2718	76.1061	78.2871	69.6709	72.728	68.2248	67.4787	72.5081	66.7647	65.7576	66.5864	75.8677	77.3906	75.4851	79.5647	76.6853	2.65	1.19	69.5625	2.56	1.04	73.4420	5.82	2.37
21.335417	13.25	-6.702778	NA	78.9636	78.7847	72.7232	76.5644	78.7613	70.1381	73.1927	68.6775	67.9131	72.9194	67.132	66.2142	67.0125	76.2619	77.8373	75.9386	80.0628	77.1594	2.67	1.19	69.9955	2.57	1.05	73.8879	5.83	2.38
21.460417	13.375	-6.577778	NA	79.4692	79.2659	73.1746	77.0226	79.2356	70.6053	73.6574	69.1302	68.3475	73.3308	67.4993	66.6708	67.4386	76.6562	78.2841	76.392	80.5609	77.6336	2.69	1.20	70.4284	2.59	1.06	74.3338	5.84	2.38
21.585417	13.5	-6.452778	NA	79.9748	79.7471	73.626	77.4809	79.7099	71.0725	74.1221	69.5829	68.7819	73.7422	67.8666	67.1275	67.8646	77.0504	78.7308	76.8455	81.059	78.1077	2.70	1.21	70.8614	2.60	1.06	74.7796	5.85	2.39
21.710417	13.625	-6.327778	NA	80.4804	80.2283	74.0774	77.9391	80.1842	71.5397	74.5868	70.0356	69.2163	74.1536	68.2338	67.5841	68.2907	77.4446	79.1775	77.299	81.5571	78.5819	2.72	1.22	71.2943	2.62	1.07	75.2255	5.86	2.39
21.835417	13.75	-6.202778	NA	80.986	80.7095	74.5288	78.3974	80.6585	72.0069	75.0515	70.4883	69.6507	74.565	68.6011	68.0407	68.7168	77.8388	79.6243	77.7524	82.0552	79.0560	2.74	1.22	71.7272	2.64	1.08	75.6714	5.87	2.39
21.960417	13.875	-6.077778	NA	81.4916	81.1907	74.9802	78.8556	81.1328	72.4741	75.5162	70.941	70.0851	74.9763	68.9684	68.4973	69.1429	78.2331	80.071	78.2059	82.5533	79.5302	2.75	1.23	72.1602	2.66	1.08	76.1172	5.88	2.40
22.085417	14	-5.952778	NA	81.9972	81.6719	75.4316	79.3139	81.607	72.9414	75.9809	71.3937	70.5194	75.3877	69.3357	68.9539	69.569	78.6273	80.5177	78.6593	83.0514	80.0043	2.77	1.24	72.5931	2.67	1.09	76.5631	5.89	2.40
22.210417	14.125	-5.827778	NA	82.5028	82.1531	75.883	79.7721	82.0813	73.4086	76.4456	71.8464	70.9538	75.7991	69.703	69.4106	69.9951	79.0215	80.9645	79.1128	83.5495	80.4785	2.79	1.25	73.0261	2.69	1.10	77.0090	5.90	2.41
22.335417	14.25	-5.702778	NA	83.0084	82.6343	76.3344	80.2304	82.5556	73.8758	76.9103	72.2991	71.3882	76.2105	70.0702	69.8672	70.4212	79.4157	81.4112	79.5663	84.0476	80.9526	2.81	1.25	73.4590	2.71	1.11	77.4549	5.91	2.41
22.460417	14.375	-5.577778	NA	83.514	83.1155	76.7858	80.6886	83.0299	74.343	77.375	72.7518	71.8226	76.6218	70.4375	70.3238	70.8473	79.81	81.8579	80.0197	84.5457	81.4268	2.82	1.26	73.8919	2.73	1.12	77.9007	5.92	2.42
22.585417	14.5	-5.452778	NA	84.0196	83.5967	77.2372	81.1469	83.5042	74.8102	77.8397	73.2045	72.257	77.0332	70.8048	70.7804	71.2734	80.2042	82.3047	80.4732	85.0438	81.9009	2.84	1.27	74.3249	2.75	1.12	78.3466	5.93	2.42
22.710417	14.625	-5.327778	NA	84.5252	84.0779	77.6886	81.6051	83.9785	75.2774	78.3044	73.6572	72.6914	77.4446	71.1721	71.2371	71.6995	80.5984	82.7514	80.9266	85.5419	82.3751	2.86	1.28	74.7579	2.77	1.13	78.7925	5.94	2.43
22.835417	14.75	-5.202778	NA	85.0308	84.5591	78.14	82.0634	84.4527	75.7447	78.7691	74.1099	73.1258	77.856	71.5393	71.6937	72.1255	80.9927	83.1981	81.3801	86.04	82.8492	2.87	1.29	75.1908	2.79	1.14	79.2383	5.95	2.43
22.960417	14.875	-5.077778	NA	85.5364	85.0403	78.5914	82.5216	84.927	76.2119	79.2338	74.5626	73.5602	78.2673	71.9066	72.1503	72.5516	81.3869	83.6449	81.8335	86.5381	83.3233	2.89	1.29	75.6237	2.81	1.15	79.6842	5.96	2.43
23.085417	15	-4.952778	NA	86.042	85.5215	79.0428	82.9799	85.4013	76.6791	79.6985	75.0153	73.9946	78.6787	72.2739	72.6069	72.9777	81.7811	84.0916	82.287	87.0362	83.7975	2.91	1.30	76.0567	2.83	1.16	80.1301	5.98	2.44
23.210417	15.125	-4.827778	NA	86.5476	86.0027	79.4942	83.4381	85.8756	77.1463	80.1632	75.468	74.429	79.0901	72.6412	73.0635	73.4038	82.1753	84.5383	82.7405	87.5343	84.2716	2.93	1.31	76.4896	2.86	1.17	80.5760	5.99	2.44
23.335417	15.25	-4.702778	NA	87.0532	86.4839	79.9456	83.8964	86.3499	77.6135	80.6279	75.9207	74.8634	79.5015	73.0085	73.5202	73.8299	82.5696	84.9851	83.1939	88.0324	84.7458	2.94	1.32	76.9226	2.88	1.18	81.0219	6.00	2.45
23.460417	15.375	-4.577778	NA	87.5588	86.9651	80.397	84.3546	86.8241	78.0807	81.0926	76.3734	75.2978	79.9128	73.3757	73.9768	74.256	82.9638	85.4318	83.6474	88.5305	85.2199	2.96	1.32	77.3555	2.90	1.18	81.4677	6.01	2.45
23.585417	15.5	-4.452778	NA	88.0644	87.4463	80.8484	84.8129	87.2984	78.5479	81.5573	76.8261	75.7322	80.3242	73.743	74.4334	74.6821	83.358	85.8785	84.1008	89.0286	85.6941	2.98	1.33	77.7884	2.92	1.19	81.9136	6.02	2.46
23.710417	15.625	-4.327778	NA	88.5642	87.9287	81.2999	85.2731	87.7623	79.0254	82.1057	77.2719	76.1815	80.7289	74.1094	74.8917	75.1143	83.7723	86.3317	84.5581	89.522	86.1656	3.00	1.34	78.2371	2.97	1.21	82.3650	6.04	2.46
23.835417	15.75	-4.202778	NA	89.0599	88.4088	81.759	85.7508	88.2238	79.4956	82.6916	77.6936	76.6418	81.1168	74.4673	75.3725	75.5695	84.2192	86.7952	85.0246	89.9972	86.6405	3.00	1.34	78.6844	3.02	1.23	82.8297	6.04	2.46
23.960417	15.875	-4.077778	NA	89.549	88.8791	82.2181	86.2422	88.6899	79.9502	83.2284	78.0979	77.0746	81.5136	74.849	75.8454	75.9942	84.6389	87.2397	85.488	90.47	87.1157	3.01	1.35	79.1189	3.06	1.25	83.2794	6.04	2.47
24.085417	16	-3.952778	NA	90.0354	89.3438	82.6771	86.7306	89.1575	80.4035	83.7452	78.5075	77.5059	81.928	75.2517	76.3144	76.371	85.0487	87.6815	85.9464	90.9487	87.5889	3.02	1.35	79.5570	3.09	1.26	83.7185	6.06	2.47
24.210417	16.125	-3.827778	NA	90.5222	89.808	83.1349	87.2136	89.6248	80.8592	84.2548	78.9369	77.9192	82.3736	75.6855	76.7822	76.7501	85.4605	88.1365	86.4033	91.4311	88.0607	3.02	1.35	80.0049	3.12	1.27	84.1606	6.08	2.48
24.335417	16.25	-3.702778	NA	91.0133	90.2813	83.6055	87.6889	90.1018	81.3293	84.7337	79.3724	78.3394	82.8422	76.1361	77.204	77.1509	85.8704	88.6214	86.8584	91.9262	88.5382	3.03	1.35	80.4588	3.13	1.28	84.6052	6.11	2.49
24.460417	16.375	-3.577778	NA	91.4965	90.7691	84.0714	88.1618	90.5976	81.781	85.1677	79.7876	78.73	83.288	76.5551	77.6089	77.5875	86.286	89.0961	87.3171	92.4237	89.0193	3.04	1.36	80.8849	3.15	1.28	85.0532	6.14	2.51
24.585417	16.5	-3.452778	NA	91.969	91.2641	84.5473	88.6367	91.1011	82.2311	85.5928	80.2059	79.1242	83.7161	76.9393	78.074	77.9972	86.723	89.5752	87.7806	92.9077	89.5036	3.04	1.36	81.3016	3.16	1.29	85.5096	6.16	2.51
24.710417	16.625	-3.327778	NA	92.4389	91.7597	85.0316	89.1169	91.5984	82.6465	86.0069	80.6207	79.5275	84.1378	77.3161	78.5491	78.4148	87.1836	90.0546	88.2451	93.3946	89.9891	3.04	1.36	81.7092	3.18	1.30	85.9736	6.17	2.52
24.835417	16.75	-3.202778	NA	92.9185	92.2431	85.513	89.6017	92.0853	83.0614	86.4313	81.049	79.9208	84.5219	77.7178	78.982	78.8692	87.7355	90.5294	88.7049	93.8982	90.4723	3.04	1.36	82.1170	3.18	1.30	86.4532	6.20	2.53
24.960417	16.875	-3.077778	NA	93.407	92.7234	86.001	90.0839	92.5765	83.4864	86.8681	81.5035	80.2978	84.9451	78.1553	79.4101	79.3008	88.3397	91.0222	89.1619	94.4065	90.9584	3.04	1.36	82.5427	3.19	1.30	86.9402	6.23	2.55
25.085417	17	-2.952778	NA	93.8973	93.2115	86.4795	90.5668	93.0727	83.8942	87.2936	81.9605	80.6723	85.43	78.5704	79.8532	79.6988	88.869	91.5095	89.6206	94.9032	91.4456	3.05	1.36	82.9702	3.20	1.31	87.4091	6.27	2.56
25.210417	17.125	-2.827778	NA	94.3901	93.6975	86.9485	91.0578	93.5663	84.2904	87.7136	82.3946	81.0819	85.863	78.9679	80.2825	80.1248	89.3261	91.9941	90.0786	95.3976	91.9320	3.06	1.37	83.3852	3.21	1.31	87.8673	6.30	2.57
25.335417	17.25	-2.702778	NA	94.874	94.1836	87.4137	91.5531	94.0654	84.7042	88.1367	82.8107	81.5123	86.2634	79.3944	80.6926	80.5738	89.7539	92.4769	90.5391	95.8937	92.4180	3.07	1.37	83.8036	3.20	1.31	88.3217	6.32	2.58
25.460417	17.375	-2.577778	NA	95.3619	94.6749	87.8858	92.0407	94.5553	85.1802	88.5681	83.2532	81.9486	86.6706	79.8131	81.1311	80.9881	90.2041	92.9584	91.0019	96.3816	92.9037	3.08	1.38	84.2390	3.20	1.31	88.7775	6.35	2.59
25.585417	17.5	-2.452778	NA	95.8665	95.1655	88.3669	92.5226	95.035	85.6059	89.0089	83.6914	82.3373	87.0471	80.2162	81.5979	81.4156	90.6689	93.4473	91.4635	96.8774	93.3913	3.08	1.38	84.6511	3.21	1.31	89.2451	6.37	2.60
25.710417	17.625	-2.327778	NA	96.3773	95.6472	88.8468	93.0158	95.522	86.0455	89.4518	84.0941	82.734	87.4379	80.6532	82.0188	81.8814	91.094	93.9402	91.9244	97.3735	93.8818	3.09	1.38	85.0694	3.21	1.31	89.7054	6.39	2.61
25.835417	17.75	-2.202778	NA	96.8762	96.1276	89.3262	93.5099	96.016	86.5178	89.8764	84.4876	83.1805	87.8556	81.1158	82.3952	82.3678	91.5081	94.4202	92.3841	97.862	94.3712	3.09	1.38	85.5056	3.21	1.31	90.1562	6.41	2.62
25.960417	17.875	-2.077778	NA	97.3569	96.6052	89.8011	93.9846	96.5131	86.969	90.271	84.8865	83.6012	88.2692	81.5661	82.8088	82.871	91.9175	94.888	92.84	98.36	94.8522	3.10	1.39	85.9272	3.19	1.30	90.6142	6.42	2.62
26.085417	18	-1.952778	NA	97.8333	97.0746	90.276	94.45	96.9965	87.3808	90.6678	85.2957	84.0176	88.7097	82.0096	83.2581	83.3441	92.2995	95.3511	93.2925	98.8585	95.3261	3.10	1.39	86.3469	3.18	1.30	91.0673	6.42	2.62
26.210417	18.125	-1.827778	NA	98.3064	97.5433	90.753	94.9252	97.4736	87.7623	91.0566	85.7009	84.4608	89.1585	82.4513	83.6519	83.7675	92.6947	95.808	93.7452	99.3567	95.8003	3.10	1.38	86.7651	3.17	1.29	91.5040	6.45	2.63
26.335417	18.25	-1.702778	NA	98.7757	98.0132	91.2248	95.4117	97.9624	88.152	91.4348	86.1261	84.8493	89.5935	82.8858	84.0335	84.1602	93.1044	96.2627	94.1994	99.8546	96.2776	3.10	1.39	87.1736	3.16	1.29	91.9358	6.49	2.65
26.460417	18.375	-1.577778	NA	99.2541	98.4812	91.6954	95.9029	98.4566	88.5341	91.8472	86.5832	85.2282	90.0423	83.3328	84.4523	84.5602	93.4762	96.7225	94.6507	100.3567	96.7580	3.10	1.39	87.5946	3.15	1.29	92.3698	6.52	2.66
26.585417	18.5	-1.452778	NA	99.7371	98.9482	92.1703	96.3912	98.9497	88.9571	92.2436	87.0455	85.6536	90.4949	83.7686	84.8588	84.994	93.854	97.1996	95.0993	100.8628	97.2393	3.10	1.39	88.0272	3.15	1.28	92.8114	6.55	2.68
26.710417	18.625	-1.327778	NA	100.2174	99.4289	92.6495	96.8708	99.443	89.3827	92.6357	87.5154	86.0502	90.9352	84.1801	85.2374	85.4463	94.3051	97.689	95.5503	101.3505	97.7219	3.10	1.39	88.4499	3.14	1.28	93.2631	6.59	2.69
26.835417	18.75	-1.202778	NA	100.695	99.9258	93.132	97.3435	99.9377	89.8168	93.0371	87.9876	86.456	91.3785	84.5889	85.6246	85.8806	94.774	98.1622	96.0042	101.8375	98.2068	3.11	1.39	88.8775	3.15	1.28	93.7139	6.62	2.70
26.960417	18.875	-1.077778	NA	101.1768	100.4171	93.6088	97.8209	100.4272	90.2392	93.4971	88.4263	86.8985	91.8105	85.0116	86.0466	86.3136	95.1922	98.6132	96.4584	102.3363	98.6902	3.11	1.39	89.3139	3.15	1.29	94.1600	6.64	2.71
27.085417	19	-0.952778	NA	101.6622	100.8865	94.0783	98.3048	100.9142	90.6346	94.0001	88.8173	87.3051	92.229	85.4603	86.4829	86.7851	95.5982	99.0713	96.9113	102.8293	99.1692	3.12	1.39	89.7411	3.17	1.29	94.6130	6.65	2.71
27.210417	19.125	-0.827778	NA	102.1505	101.346	94.5435	98.7867	101.3965	91.0874	94.4335	89.187	87.7144	92.6716	85.9263	86.8785	87.2552	95.9984	99.5385	97.3641	103.3212	99.6446	3.12	1.40	90.1700	3.17	1.29	95.0593	6.67	2.72
27.335417	19.25	-0.702778	NA	102.6447	101.8088	95.0137	99.2745	101.8744	91.5771	94.8485	89.5629	88.1599	93.1022	86.3914	87.2617	87.7108	96.3857	99.9984	97.8198	103.8054	100.1232	3.13	1.40	90.6070	3.16	1.29	95.4970	6.69	2.73
27.460417	19.375	-0.577778	NA	103.1389	102.2855	95.49	99.7658	102.3586	92.0406	95.2778	89.9537	88.6137	93.5111	86.8574	87.6766	88.175	96.8038	100.4701	98.2807	104.2848	100.6078	3.13	1.40	91.0424	3.15	1.29	95.9485	6.71	2.74
27.585417	19.5	-0.452778	NA	103.6279	102.7733	95.9593	100.2534	102.8481	92.4983	95.6723	90.3627	89.0618	93.9449	87.305	88.0972	88.6349	97.2453	100.9588	98.7456	104.7801	101.0924	3.14	1.40	91.4742	3.14	1.28	96.4103	6.73	2.75
27.710417	19.625	-0.327778	NA	104.1218	103.2479	96.4317	100.7409	103.3407	92.9417	96.0808	90.8164	89.4759	94.3727	87.7439	88.5334	89.0723	97.7076	101.4529	99.2121	105.2771	101.5766	3.14	1.41	91.9052	3.13	1.28	96.8759	6.76	2.76
27.835417	19.75	-0.202778	NA	104.6337	103.7093	96.9154	101.2233	103.8285	93.3415	96.5403	91.3026	89.8698	94.7706	88.2155	88.9821	89.5018	98.1897	101.9572	99.6786	105.7666	102.0620	3.15	1.41	92.3401	3.12	1.27	97.3460	6.78	2.77
27.960417	19.875	-0.077778	NA	105.1509	104.1707	97.3991	101.7013	104.3137	93.7406	97.012	91.7888	90.2638	95.1594	88.7042	89.4326	89.9312	98.6717	102.462	100.1451	106.2561	102.5471	3.15	1.41	92.7781	3.11	1.27	97.8165	6.80	2.78
28.038194	19.952778	0	NA	105.4727	104.4578	97.7	101.9986	104.6156	93.9889	97.3056	92.0914	90.5089	95.4014	89.0082	89.7129	90.1984	98.9717	102.7761	100.4354	106.5606	102.8489	3.16	1.41	93.0507	3.11	1.27	98.1092	6.82	2.78
28.163194	20.077778	0.125	NA	105.9055	104.9068	98.122	102.4519	105.0416	94.3291	97.6442	92.4704	90.8632	95.7346	89.3728	90.1488	90.5907	99.3654	103.1893	100.8416	106.997	103.2856	3.16	1.41	93.4024	3.09	1.26	98.5221	6.82	2.79
28.288194	20.202778	0.25	NA	106.3262	105.356	98.5295	102.9055	105.4651	94.6669	97.9672	92.8494	91.2147	96.0691	89.73	90.5846	90.983	99.7592	103.5773	101.2478	107.4334	103.7165	3.17	1.42	93.7495	3.08	1.26	98.9309	6.82	2.79
28.413194	20.327778	0.375	NA	106.7292	105.8193	98.9613	103.366	105.8913	95.0247	98.2831	93.1783	91.5756	96.4209	90.0674	91.0205	91.3693	100.088	103.9632	101.6273	107.8508	104.1534	3.16	1.41	94.0917	3.07	1.25	99.3199	6.82	2.78
28.538194	20.452778	0.5	NA	107.1779	106.311	99.4265	103.8625	106.3698	95.4017	98.6827	93.5639	91.9485	96.8261	90.4739	91.4564	91.8275	100.4194	104.3922	102.0457	108.3095	104.6295	3.16	1.41	94.4828	3.08	1.26	99.7418	6.81	2.78
28.663194	20.577778	0.625	NA	107.6497	106.8226	99.9051	104.3734	106.8599	95.7783	99.1567	93.9641	92.3243	97.2183	90.8568	91.8922	92.3265	100.86	104.8491	102.5049	108.8162	105.1221	3.17	1.42	94.8831	3.10	1.27	100.2082	6.82	2.78
28.788194	20.702778	0.75	NA	108.1324	107.3546	100.3611	104.8935	107.3567	96.1427	99.7036	94.354	92.6774	97.6294	91.2627	92.3281	92.791	101.4403	105.3117	102.9961	109.3282	105.6197	3.18	1.42	95.2950	3.15	1.29	100.6992	6.84	2.79
28.913194	20.827778	0.875	NA	108.6003	107.8299	100.7999	105.3814	107.8467	96.4931	100.2504	94.6834	93.0133	98.0293	91.6867	92.764	93.2436	101.9588	105.7648	103.4843	109.8394	106.0916	3.20	1.43	95.6927	3.20	1.31	101.1758	6.87	2.80
29.038194	20.952778	1	NA	109.0587	108.3032	101.2186	105.8594	108.333	96.8307	100.8042	95.0122	93.3565	98.4315	92.1087	93.165	93.6962	102.4584	106.2084	103.9694	110.3504	106.5546	3.22	1.44	96.0906	3.25	1.33	101.6413	6.90	2.82
29.163194	21.077778	1.125	NA	109.5156	108.7767	101.6741	106.3209	108.8205	97.1985	101.2963	95.3622	93.754	98.8699	92.5248	93.5308	94.0887	102.8667	106.6556	104.4295	110.8548	107.0216	3.23	1.44	96.5010	3.28	1.34	102.0710	6.94	2.83
29.288194	21.202778	1.25	NA	109.9911	109.2764	102.1427	106.817	109.3093	97.6214	101.6929	95.7934	94.1913	99.3918	92.9152	93.9186	94.4808	103.2967	107.1135	104.9067	111.3595	107.5073	3.23	1.45	96.9343	3.29	1.34	102.5126	6.99	2.85
29.413194	21.327778	1.375	NA	110.473	109.7566	102.6107	107.3361	109.7877	98.0771	102.0858	96.258	94.6139	99.931	93.279	94.354	94.9136	103.7549	107.5716	105.3981	111.8711	107.9928	3.24	1.45	97.3741	3.31	1.35	102.9772	7.02	2.86
29.538194	21.452778	1.5	NA	110.9425	110.2492	103.0944	107.8592	110.2822	98.5354	102.499	96.7204	95.0384	100.4151	93.6575	94.8087	95.3389	104.2174	108.0144	105.8941	112.375	108.4855	3.23	1.45	97.8110	3.33	1.36	103.4414	7.04	2.87
29.663194	21.577778	1.625	NA	111.4062	110.7638	103.5736	108.3841	110.7967	98.9879	102.9059	97.1767	95.4938	100.8441	94.04	95.2582	95.7521	104.6645	108.4651	106.409	112.8633	108.9849	3.24	1.45	98.2414	3.33	1.36	103.9020	7.06	2.88
29.788194	21.702778	1.75	NA	111.8873	111.2771	104.0458	108.9104	111.3079	99.4304	103.3197	97.5923	95.9561	101.2912	94.4593	95.7194	96.1959	105.0703	108.9388	106.9268	113.3755	109.4857	3.25	1.45	98.6748	3.33	1.36	104.3711	7.08	2.89
29.913194	21.827778	1.875	NA	112.3826	111.782	104.5232	109.4269	111.8131	99.8469	103.7428	97.9663	96.4146	101.7684	94.9242	96.1919	96.68	105.4905	109.4204	107.4355	113.8867	109.9856	3.26	1.46	99.1105	3.32	1.36	104.8508	7.09	2.89
30.038194	21.952778	2	NA	112.8934	112.2894	104.9979	109.9323	112.313	100.2866	104.1561	98.3428	96.8672	102.248	95.4027	96.647	97.1643	105.9056	109.9008	107.9459	114.3992	110.4852	3.27	1.46	99.5506	3.31	1.35	105.3271	7.10	2.90
30.163194	22.077778	2.125	NA	113.3995	112.7995	105.4695	110.4347	112.8242	100.7229	104.5845	98.7565	97.2825	102.77	95.8609	97.0998	97.6348	106.3153	110.3734	108.4586	114.9226	110.9855	3.29	1.47	99.9962	3.32	1.36	105.8007	7.13	2.91
30.288194	22.202778	2.25	NA	113.8871	113.3013	105.9535	110.9338	113.3493	101.1229	105.0157	99.1922	97.6608	103.306	96.3144	97.5662	98.0876	106.7225	110.8357	108.961	115.4588	111.4850	3.30	1.47	100.4353	3.34	1.37	106.2720	7.15	2.92
30.413194	22.327778	2.375	NA	114.3683	113.8078	106.4505	111.4284	113.8774	101.5318	105.447	99.6203	98.0464	103.8292	96.7463	98.0419	98.5346	107.1247	111.2953	109.4472	115.9989	111.9865	3.30	1.48	100.8702	3.37	1.37	106.7404	7.17	2.93
30.538194	22.452778	2.5	NA	114.8537	114.3302	106.9479	111.9187	114.3934	101.9184	105.9084	100.0718	98.4569	104.3031	97.1248	98.5405	98.9594	107.5556	111.7653	109.9289	116.5434	112.4888	3.30	1.48	101.2972	3.40	1.39	107.2155	7.19	2.94
30.663194	22.577778	2.625	NA	115.3389	114.8588	107.444	112.4021	114.9084	102.3467	106.4347	100.5219	98.841	104.7427	97.4997	99.0164	99.3881	107.988	112.2336	110.4164	117.0882	112.9904	3.31	1.48	101.7311	3.44	1.41	107.6885	7.22	2.95
30.788194	22.702778	2.75	NA	115.8272	115.3799	107.9344	112.8935	115.4298	102.834	106.9207	100.9423	99.1979	105.2247	97.8839	99.4385	99.8317	108.3906	112.6978	110.9149	117.6283	113.4930	3.32	1.48	102.1672	3.49	1.43	108.1503	7.26	2.96
30.913194	22.827778	2.875	NA	116.3104	115.8937	108.4154	113.384	115.9434	103.3078	107.3004	101.3721	99.5997	105.6817	98.2923	99.8605	100.2525	108.7866	113.1551	111.4192	118.1652	113.9894	3.33	1.49	102.5923	3.50	1.43	108.6065	7.30	2.98
31.038194	22.952778	3	NA	116.8016	116.406	108.8936	113.8713	116.4525	103.743	107.6869	101.8133	100.0157	106.1409	98.7323	100.2892	100.6725	109.1912	113.62	111.9225	118.6898	114.4850	3.34	1.49	103.0220	3.49	1.42	109.0642	7.34	2.99
31.163194	23.077778	3.125	NA	117.295	116.9128	109.3659	114.3699	116.9646	104.1645	108.1287	102.2458	100.3836	106.6393	99.1768	100.7521	101.1026	109.6026	114.0918	112.4251	119.187	114.9816	3.35	1.50	103.4565	3.51	1.43	109.5269	7.36	3.00
31.288194	23.202778	3.25	NA	117.7731	117.4126	109.8295	114.8773	117.482	104.6165	108.6325	102.6858	100.7751	107.0975	99.5903	101.2245	101.5495	110.0231	114.5441	112.9299	119.68	115.4749	3.36	1.50	103.8996	3.55	1.45	109.9918	7.37	3.01
31.413194	23.327778	3.375	NA	118.2497	117.9155	110.3006	115.3831	118.0026	105.0692	109.205	103.1305	101.2287	107.5142	100.0117	101.6695	101.9794	110.4785	114.9975	113.4363	120.1758	115.9703	3.38	1.51	104.3599	3.58	1.46	110.4562	7.39	3.02
31.538194	23.452778	3.5	NA	118.7339	118.4195	110.7798	115.8765	118.5226	105.5351	109.7515	103.5631	101.6996	107.9619	100.4762	102.094	102.4156	110.9421	115.4556	113.9426	120.6654	116.4665	3.39	1.51	104.8312	3.60	1.47	110.9192	7.41	3.03
31.663194	23.577778	3.625	NA	119.2335	118.9231	111.2527	116.3604	119.0386	105.9446	110.2165	104.0064	102.1407	108.4132	100.9097	102.5519	102.8161	111.4118	115.9133	114.4457	121.1551	116.9617	3.40	1.52	105.2719	3.61	1.47	111.3823	7.44	3.04
31.788194	23.702778	3.75	NA	119.7324	119.4297	111.7313	116.8532	119.5539	106.3131	110.6842	104.4422	102.5594	108.8593	101.3263	103.0328	103.192	111.9023	116.3711	114.9445	121.6429	117.4601	3.41	1.53	105.6974	3.63	1.48	111.8476	7.46	3.05
31.913194	23.827778	3.875	NA	120.2304	119.9371	112.2186	117.3528	120.0695	106.7364	111.1551	104.857	103.0016	109.3077	101.7437	103.5203	103.597	112.383	116.8293	115.4423	122.1256	117.9617	3.42	1.53	106.1336	3.64	1.49	112.3162	7.48	3.05
32.038194	23.952778	4	NA	120.7284	120.4445	112.7059	117.8525	120.585	107.1597	111.626	105.2719	103.4437	109.7562	102.1611	104.0083	104.0019	112.8637	117.2876	115.9402	122.6084	118.4633	3.43	1.53	106.5698	3.66	1.49	112.7850	7.50	3.06
32.163194	24.077778	4.125	NA	121.2263	120.9519	113.1932	118.3521	121.1005	107.583	112.0969	105.6868	103.8859	110.2046	102.5786	104.4962	104.4069	113.3444	117.7458	116.438	123.0911	118.9648	3.44	1.54	107.0060	3.68	1.50	113.2537	7.51	3.07
32.288194	24.202778	4.25	NA	121.7243	121.4593	113.6805	118.8517	121.616	108.0063	112.5678	106.1017	104.328	110.6531	102.996	104.9842	104.8119	113.8251	118.204	116.9359	123.5739	119.4664	3.45	1.54	107.4421	3.69	1.51	113.7225	7.53	3.07
32.413194	24.327778	4.375	NA	122.2223	121.9667	114.1678	119.3513	122.1316	108.4296	113.0387	106.5166	104.7702	111.1015	103.4135	105.4722	105.2168	114.3057	118.6622	117.4337	124.0567	119.9679	3.46	1.55	107.8783	3.71	1.51	114.1912	7.54	3.08
32.538194	24.452778	4.5	NA	122.7203	122.4742	114.6551	119.8509	122.6471	108.8529	113.5096	106.9315	105.2256	111.55	103.8309	105.9602	105.6218	114.7864	119.1204	117.9316	124.5394	120.4695	3.46	1.55	108.3167	3.72	1.52	114.6600	7.56	3.09
32.663194	24.577778	4.625	NA	123.2183	122.9816	115.1424	120.3506	123.1626	109.2762	113.9805	107.3464	105.6837	111.9984	104.2483	106.4481	106.0268	115.2671	119.5786	118.4294	125.0222	120.9711	3.47	1.55	108.7556	3.74	1.53	115.1287	7.57	3.09
32.788194	24.702778	4.75	NA	123.7163	123.489	115.6297	120.8502	123.6782	109.6996	114.4514	107.7612	106.1417	112.4469	104.6658	106.9361	106.4318	115.7478	120.0369	118.9273	125.5049	121.4727	3.48	1.56	109.1944	3.75	1.53	115.5975	7.59	3.10
32.913194	24.827778	4.875	NA	124.2142	123.9964	116.117	121.3498	124.1937	110.1229	114.9223	108.1761	106.5997	112.8953	105.0832	107.4241	106.8367	116.2285	120.4951	119.4251	125.9877	121.9742	3.49	1.56	109.6333	3.77	1.54	116.0662	7.61	3.10
33.038194	24.952778	5	NA	124.7122	124.5038	116.6043	121.8494	124.7092	110.5462	115.3932	108.5946	107.0577	113.3438	105.5007	107.912	107.2424	116.695	120.9533	119.9228	126.4705	122.4758	3.50	1.56	110.0727	3.78	1.54	116.5327	7.62	3.11
33.163194	25.077778	5.125	NA	125.2	125.0097	117.0897	122.3494	125.2265	111.014	115.8593	109.0304	107.4949	113.8048	105.94	108.3731	107.6639	117.0922	121.4111	120.4202	126.9552	122.9751	3.51	1.57	110.5239	3.79	1.55	116.9860	7.64	3.12
33.288194	25.202778	5.25	NA	125.6887	125.5178	117.5767	122.845	125.7361	111.4565	116.3104	109.4837	107.8868	114.2875	106.4076	108.7766	108.0642	117.4898	121.873	120.9265	127.4485	123.4729	3.51	1.57	110.9721	3.80	1.55	117.4298	7.68	3.14
33.413194	25.327778	5.375	NA	126.1975	126.0444	118.0604	123.3264	126.2235	111.888	116.754	109.9328	108.28	114.763	106.8582	109.1859	108.4792	117.9134	122.3417	121.4387	127.9486	123.9704	3.52	1.58	111.4127	3.81	1.56	117.8846	7.72	3.15
33.538194	25.452778	5.5	NA	126.7167	126.5693	118.5407	123.806	126.7064	112.3227	117.2103	110.3874	108.6852	115.2271	107.29	109.6447	108.928	118.372	122.8079	121.9448	128.4511	124.4678	3.54	1.58	111.8538	3.83	1.56	118.3581	7.74	3.16
33.663194	25.577778	5.625	NA	127.2252	127.0776	119.0158	124.3011	127.2115	112.7243	117.6487	110.8484	109.0825	115.6949	107.7297	110.084	109.3556	118.8222	123.2659	122.4372	128.9719	124.9662	3.55	1.59	112.2881	3.84	1.57	118.8228	7.77	3.17
33.788194	25.702778	5.75	NA	127.7228	127.5826	119.4922	124.802	127.7213	113.1216	118.0509	111.3127	109.4894	116.1551	108.1645	110.4871	109.7687	119.2725	123.733	122.9332	129.4877	125.4642	3.56	1.59	112.7157	3.84	1.57	119.2804	7.81	3.19
33.913194	25.827778	5.875	NA	128.2226	128.0901	119.9703	125.2966	128.2172	113.5612	118.4484	111.7767	109.9143	116.603	108.5848	110.9054	110.232	119.7409	124.206	123.4336	129.9978	125.9594	3.57	1.60	113.1481	3.83	1.56	119.7526	7.84	3.20
34.038194	25.952778	6	NA	128.7211	128.5922	120.4473	125.792	128.7201	114.0232	118.8434	112.2449	110.3693	117.0455	108.9912	111.3264	110.7156	120.2244	124.6676	123.9232	130.5313	126.4545	3.58	1.60	113.5863	3.82	1.56	120.2314	7.86	3.21
34.163194	26.077778	6.125	NA	129.2162	129.0935	120.9233	126.2943	129.2386	114.4478	119.2496	112.6997	110.7954	117.4702	109.3827	111.7376	111.1572	120.7054	125.1231	124.4136	131.0631	126.9532	3.60	1.61	114.0076	3.82	1.56	120.7000	7.90	3.23
34.288194	26.202778	6.25	NA	129.7113	129.5945	121.4005	126.8006	129.7546	114.8913	119.6823	113.1222	111.1913	117.874	109.775	112.1686	111.5511	121.1498	125.5915	124.9078	131.5931	127.4523	3.61	1.61	114.4227	3.83	1.57	121.1603	7.95	3.24
34.413194	26.327778	6.375	NA	130.2054	130.1042	121.8844	127.2965	130.2586	115.3739	120.1274	113.5177	111.625	118.2799	110.1835	112.6207	111.9279	121.5504	126.075	125.4081	132.1011	127.9498	3.62	1.62	114.8512	3.84	1.57	121.6139	7.99	3.26
34.538194	26.452778	6.5	NA	130.7044	130.6144	122.3603	127.7858	130.7546	115.8256	120.5674	113.9432	112.0595	118.7393	110.6287	113.066	112.3053	121.9404	126.5525	125.8994	132.6088	128.4439	3.63	1.62	115.2939	3.85	1.57	122.0621	8.03	3.28
34.663194	26.577778	6.625	NA	131.2188	131.1144	122.83	128.2845	131.2437	116.2275	120.9859	114.4088	112.446	119.2135	111.0762	113.4823	112.6922	122.3696	127.0172	126.3814	133.1458	128.9383	3.64	1.63	115.7263	3.85	1.57	122.5148	8.08	3.30
34.788194	26.702778	6.75	NA	131.7238	131.6025	123.2969	128.7938	131.7353	116.6216	121.4022	114.8583	112.8053	119.6567	111.5021	113.9039	113.1347	122.8271	127.4736	126.8644	133.6807	129.4305	3.65	1.63	116.1410	3.86	1.58	122.9807	8.11	3.31
34.913194	26.827778	6.875	NA	132.2086	132.0712	123.7631	129.3021	132.2352	117.0268	121.834	115.2857	113.1804	120.0948	111.9256	114.3397	113.5665	123.2684	127.9306	127.3353	134.2001	129.9160	3.66	1.64	116.5579	3.87	1.58	123.4401	8.14	3.32
35.038194	26.952778	7	NA	132.6667	132.553	124.2338	129.787	132.7407	117.4388	122.2994	115.7144	113.5813	120.5477	112.358	114.7867	113.9932	123.6786	128.3971	127.8154	134.6991	130.3962	3.66	1.64	116.9899	3.89	1.59	123.8950	8.17	3.33
35.163194	27.077778	7.125	NA	133.1348	133.0672	124.7116	130.2625	133.2377	117.8296	122.7483	116.1121	113.9751	120.969	112.7507	115.221	114.4549	124.0425	128.8726	128.3167	135.1756	130.8828	3.67	1.64	117.3975	3.91	1.60	124.3472	8.18	3.34
35.288194	27.202778	7.25	NA	133.6107	133.5812	125.1904	130.7451	133.7422	118.2246	123.201	116.5194	114.3733	121.3958	113.1644	115.6232	114.9437	124.399	129.34	128.8275	135.651	131.3739	3.68	1.64	117.8131	3.93	1.60	124.7974	8.20	3.35
35.413194	27.327778	7.375	NA	134.0987	134.0967	125.6673	131.228	134.2492	118.6524	123.6477	116.9296	114.8052	121.8718	113.6297	116.0064	115.4024	124.7984	129.7924	129.3405	136.1294	131.8680	3.69	1.65	118.2561	3.93	1.61	125.2449	8.23	3.36
35.538194	27.452778	7.5	NA	134.601	134.6211	126.1396	131.7069	134.7475	119.111	124.0676	117.3916	115.2638	122.3088	114.0504	116.4225	115.818	125.2437	130.2417	129.8536	136.6077	132.3632	3.71	1.66	118.6989	3.93	1.60	125.6979	8.26	3.37
35.663194	27.577778	7.625	NA	135.1103	135.1495	126.6077	132.1976	135.2627	119.568	124.4765	117.8552	115.7276	122.7517	114.4832	116.8231	116.2219	125.6987	130.6991	130.3636	137.0925	132.8656	3.73	1.67	119.1437	3.92	1.60	126.1498	8.29	3.39
35.788194	27.702778	7.75	NA	135.6075	135.6774	127.0805	132.7001	135.7952	120.0022	124.9122	118.2657	116.1809	123.2298	114.9385	117.1929	116.6291	126.1149	131.1805	130.8728	137.5803	133.3721	3.75	1.68	119.5882	3.92	1.60	126.5951	8.34	3.41
35.913194	27.827778	7.875	NA	136.0972	136.1771	127.5621	133.2098	136.3231	120.4184	125.3627	118.6777	116.6061	123.7024	115.3929	117.5842	117.0522	126.5299	131.6732	131.3687	138.0835	133.8739	3.76	1.68	120.0267	3.93	1.60	127.0486	8.39	3.42
36.038194	27.952778	8	NA	136.5956	136.6606	128.0434	133.7145	136.8424	120.8264	125.8115	119.0964	117.0089	124.179	115.864	118.0317	117.4637	126.964	132.1511	131.8576	138.5953	134.3713	3.77	1.68	120.4644	3.94	1.61	127.5106	8.42	3.44
36.163194	28.077778	8.125	NA	137.086	137.1521	128.5208	134.2153	137.3577	121.2631	126.268	119.4734	117.4336	124.6098	116.3003	118.5043	117.8763	127.3637	132.6203	132.3541	139.091	134.8664	3.78	1.69	120.8914	3.95	1.61	127.9683	8.44	3.45
36.288194	28.202778	8.25	NA	137.5757	137.6449	128.9973	134.7256	137.8798	121.7031	126.7053	119.8832	117.8704	125.0562	116.7479	118.9481	118.3147	127.7825	133.0981	132.8474	139.596	135.3647	3.79	1.69	121.3277	3.95	1.61	128.4311	8.47	3.46
36.413194	28.327778	8.375	NA	138.083	138.1257	129.4727	135.2443	138.4148	122.1356	127.1175	120.3411	118.3159	125.5519	117.2352	119.3575	118.746	128.2355	133.581	133.3394	140.1198	135.8681	3.80	1.70	121.7829	3.94	1.61	128.8965	8.51	3.47
36.538194	28.452778	8.5	NA	138.5873	138.6058	129.9557	135.7657	138.9538	122.5671	127.5557	120.8009	118.7731	126.048	117.7172	119.7484	119.1576	128.6839	134.071	133.8312	140.6424	136.3737	3.81	1.70	122.2437	3.93	1.61	129.3558	8.56	3.49
36.663194	28.577778	8.625	NA	139.0904	139.0976	130.4409	136.2676	139.4751	122.9788	128.0292	121.2781	119.2044	126.5337	118.1795	120.1554	119.5932	129.154	134.5706	134.33	141.1498	136.8743	3.82	1.71	122.7006	3.95	1.61	129.8255	8.60	3.51
36.788194	28.702778	8.75	NA	139.5907	139.601	130.9163	136.7465	139.9819	123.3755	128.5014	121.7262	119.6149	126.9718	118.632	120.6168	120.0817	129.6426	135.0685	134.8265	141.6603	137.3673	3.83	1.71	123.1370	3.96	1.61	130.3161	8.61	3.52
36.913194	28.827778	8.875	NA	140.0914	140.105	131.3997	137.2261	140.4862	123.7685	128.992	122.1285	120.0256	127.4119	119.102	121.1113	120.5586	130.1003	135.5612	135.3182	142.1768	137.8617	3.84	1.72	123.5714	3.97	1.62	130.8044	8.62	3.52
37.038194	28.952778	9	NA	140.6035	140.6089	131.8971	137.713	140.9808	124.1988	129.4861	122.5232	120.4418	127.8702	119.5571	121.5961	121.0172	130.548	136.055	135.8089	142.6941	138.3607	3.85	1.72	124.0129	3.99	1.63	131.2866	8.64	3.53
37.163194	29.077778	9.125	NA	141.112	141.1037	132.3918	138.207	141.4801	124.6683	130.0071	122.9263	120.8817	128.295	119.9738	122.0676	121.476	130.9574	136.5487	136.3144	143.2062	138.8589	3.85	1.72	124.4587	4.02	1.64	131.7617	8.66	3.54
37.288194	29.202778	9.25	NA	141.6131	141.6173	132.8823	138.6993	142.0002	125.1523	130.4865	123.3589	121.3378	128.7591	120.3902	122.5132	121.9437	131.383	137.0338	136.8191	143.7369	139.3624	3.86	1.73	124.9141	4.04	1.65	132.2383	8.69	3.55
37.413194	29.327778	9.375	NA	142.1163	142.1351	133.3745	139.2016	142.5333	125.6436	130.9299	123.789	121.7843	129.2296	120.8121	122.9782	122.4167	131.8188	137.5235	137.3114	144.288	139.8722	3.87	1.73	125.3648	4.05	1.65	132.7228	8.72	3.56
37.538194	29.452778	9.5	NA	142.6393	142.6388	133.8636	139.722	143.0604	126.1074	131.403	124.1811	122.2097	129.6661	121.2473	123.4752	122.9104	132.2228	138.0228	137.8062	144.8422	140.3848	3.88	1.74	125.8024	4.07	1.66	133.2133	8.73	3.57
37.663194	29.577778	9.625	NA	143.1755	143.1633	134.3482	140.2403	143.59	126.5506	131.8616	124.6024	122.644	130.1458	121.7247	123.9489	123.3829	132.6414	138.5145	138.3167	145.3776	140.9035	3.90	1.74	126.2549	4.07	1.66	133.6970	8.76	3.58
37.788194	29.702778	9.75	NA	143.7152	143.7071	134.8371	140.7425	144.1317	127.0078	132.2886	125.084	123.096	130.6447	122.2116	124.4023	123.8293	133.1061	139.0027	138.8394	145.8864	141.4267	3.93	1.76	126.7221	4.07	1.66	134.1777	8.79	3.59
37.913194	29.827778	9.875	NA	144.2497	144.2424	135.325	141.2518	144.6726	127.4582	132.7398	125.5428	123.5184	131.1209	122.6804	124.8848	124.3017	133.5599	139.4968	139.3632	146.3941	141.9483	3.95	1.77	127.1767	4.07	1.66	134.6668	8.80	3.59
38.038194	29.952778	10	NA	144.7757	144.774	135.8022	141.7641	145.2019	127.9253	133.2197	125.9427	123.9408	131.5739	123.1323	125.3912	124.7624	133.9706	139.9882	139.88	146.9193	142.4636	3.97	1.78	127.6225	4.09	1.67	135.1519	8.82	3.60
38.163194	30.077778	10.125	NA	145.2987	145.3159	136.2748	142.2557	145.7237	128.406	133.6577	126.3763	124.3998	132.0336	123.5626	125.8683	125.1753	134.3892	140.4772	140.38	147.4617	142.9738	4.00	1.79	128.0727	4.09	1.67	135.6253	8.86	3.62
38.288194	30.202778	10.25	NA	145.8286	145.8395	136.7536	142.7485	146.2366	128.8429	134.1137	126.8366	124.8646	132.4865	123.9996	126.3248	125.5925	134.8531	140.9695	140.8714	148.0106	143.4814	4.01	1.80	128.5240	4.09	1.67	136.1037	8.90	3.63
38.413194	30.327778	10.375	NA	146.367	146.3637	137.2393	143.2442	146.7442	129.2586	134.6104	127.262	125.3212	132.9062	124.4351	126.8038	126.0592	135.3127	141.4592	141.3683	148.5584	143.9917	4.03	1.80	128.9656	4.10	1.68	136.5936	8.92	3.64
38.538194	30.452778	10.5	NA	146.9092	146.8948	137.7266	143.7531	147.2548	129.677	135.1095	127.6739	125.7568	133.3568	124.8875	127.2925	126.5663	135.7417	141.9473	141.8766	149.1038	144.5077	4.05	1.81	129.4102	4.12	1.68	137.0880	8.94	3.65
38.663194	30.577778	10.625	NA	147.4409	147.4074	138.2212	144.2829	147.7861	130.0845	135.6078	128.116	126.1712	133.8367	125.361	127.8032	127.0805	136.197	142.4552	142.3881	149.6398	145.0277	4.06	1.82	129.8629	4.14	1.69	137.5940	8.94	3.65
38.788194	30.702778	10.75	NA	147.949	147.9192	138.7128	144.7932	148.3382	130.4937	136.0951	128.5784	126.5799	134.2821	125.7819	128.2863	127.5861	136.6756	142.9742	142.8881	150.1718	145.5425	4.08	1.82	130.3019	4.16	1.70	138.0970	8.96	3.66
38.913194	30.827778	10.875	NA	148.4591	148.4249	139.1943	145.2995	148.8719	130.9453	136.5497	129.0381	127.0055	134.7123	126.1826	128.7674	128.088	137.1568	143.4745	143.381	150.7034	146.0499	4.09	1.83	130.7389	4.18	1.70	138.5952	8.97	3.66
39.038194	30.952778	11	NA	148.971	148.9106	139.6839	145.7998	149.382	131.4081	136.9768	129.4768	127.4353	135.1147	126.5536	129.2241	128.5835	137.6302	143.9594	143.8481	151.2201	146.5495	4.10	1.83	131.1609	4.18	1.71	139.0776	8.98	3.67
39.163194	31.077778	11.125	NA	149.4867	149.3752	140.1665	146.3133	149.8809	131.8743	137.4103	129.932	127.8762	135.5558	126.9769	129.6685	129.0753	138.107	144.4389	144.3125	151.7367	147.0445	4.10	1.83	131.6043	4.18	1.71	139.5565	8.99	3.67
39.288194	31.202778	11.25	NA	149.9842	149.8486	140.6433	146.8246	150.4093	132.3636	137.8761	130.4016	128.3492	136.0341	127.4315	130.1578	129.5417	138.5785	144.9204	144.7773	152.2623	147.5420	4.11	1.84	132.0760	4.19	1.71	140.0397	9.01	3.68
39.413194	31.327778	11.375	NA	150.4633	150.3479	141.1219	147.3182	150.9393	132.853	138.3369	130.8573	128.82	136.5033	127.8776	130.6394	129.9844	139.0367	145.4038	145.2445	152.7901	148.0381	4.12	1.84	132.5413	4.19	1.71	140.5165	9.03	3.69
39.538194	31.452778	11.5	NA	150.9566	150.854	141.6082	147.8133	151.4393	133.3328	138.8048	131.3115	129.2776	136.9877	128.3466	131.115	130.434	139.4752	145.8889	145.7225	153.3071	148.5343	4.13	1.85	133.0102	4.20	1.71	140.9905	9.05	3.69
39.663194	31.577778	11.625	NA	151.4528	151.3631	142.0954	148.3174	151.9407	133.7895	139.2255	131.745	129.7143	137.4688	128.8277	131.5406	130.8751	139.8822	146.3731	146.2219	153.8273	149.0339	4.13	1.85	133.4618	4.19	1.71	141.4534	9.09	3.71
39.788194	31.702778	11.75	NA	151.9234	151.8776	142.5776	148.795	152.4482	134.2111	139.6388	132.1834	130.1133	137.9462	129.3029	131.9532	131.2806	140.2994	146.8668	146.7312	154.346	149.5244	4.14	1.85	133.8993	4.19	1.71	141.9129	9.13	3.73
39.913194	31.827778	11.875	NA	152.4114	152.3864	143.0608	149.2514	152.9252	134.6222	140.1058	132.63	130.5068	138.39	129.761	132.3892	131.6778	140.737	147.3623	147.2415	154.8336	150.0070	4.15	1.85	134.3360	4.20	1.72	142.3736	9.17	3.74
40.038194	31.952778	12	NA	152.9045	152.871	143.539	149.7327	153.4247	135.0348	140.578	133.0543	130.927	138.7774	130.1687	132.7869	132.1119	141.1705	147.8538	147.7371	155.3186	150.4944	4.15	1.86	134.7567	4.21	1.72	142.8298	9.21	3.76
40.163194	32.077778	12.125	NA	153.3966	153.3283	144.0004	150.24	153.9355	135.4619	141.0435	133.4649	131.3635	139.1684	130.5817	133.2028	132.569	141.5936	148.3377	148.2205	155.8147	150.9802	4.16	1.86	135.1807	4.22	1.72	143.2897	9.23	3.77
40.288194	32.202778	12.25	NA	153.8817	153.7822	144.4583	150.7527	154.4396	135.8971	141.475	133.8857	131.8001	139.5606	131.0014	133.6429	133.0043	142.0135	148.8031	148.7085	156.3165	151.4629	4.17	1.87	135.6033	4.21	1.72	143.7481	9.26	3.78
40.413194	32.327778	12.375	NA	154.3457	154.2352	144.9283	151.2661	154.9664	136.3534	141.9051	134.3513	132.2421	139.9896	131.4217	134.0898	133.4184	142.4574	149.2683	149.1923	156.823	151.9483	4.18	1.87	136.0439	4.21	1.72	144.2082	9.29	3.79
40.538194	32.452778	12.5	NA	154.8125	154.7015	145.4058	151.7541	155.4899	136.8487	142.3546	134.7999	132.6892	140.4459	131.8632	134.5531	133.82	142.8898	149.7599	149.6734	157.3295	152.4328	4.18	1.87	136.5002	4.22	1.72	144.6710	9.32	3.81
40.663194	32.577778	12.625	NA	155.2782	155.2031	145.872	152.2294	156.0085	137.3331	142.7969	135.2263	133.1242	140.8935	132.2981	135.0151	134.2262	143.3135	150.2573	150.1668	157.8484	152.9182	4.20	1.88	136.9453	4.22	1.72	145.1379	9.36	3.82
40.788194	32.702778	12.75	NA	155.7754	155.7276	146.327	152.7129	156.5089	137.7664	143.2172	135.6713	133.5342	141.3454	132.7338	135.4555	134.6452	143.7506	150.738	150.6808	158.3596	153.4104	4.22	1.89	137.3781	4.22	1.72	145.6050	9.40	3.84
40.913194	32.827778	12.875	NA	156.2871	156.2286	146.784	153.1984	156.9926	138.1717	143.6508	136.1372	133.9523	141.7638	133.1818	135.8759	135.077	144.1996	151.2064	151.1988	158.8488	153.8981	4.24	1.89	137.8096	4.22	1.72	146.0677	9.43	3.85
41.038194	32.952778	13	NA	156.7719	156.6956	147.2504	153.6954	157.4963	138.6159	144.1272	136.6154	134.3953	142.1874	133.6366	136.3317	135.5438	144.6652	151.6888	151.7026	159.3289	154.3819	4.25	1.90	138.2630	4.22	1.72	146.5435	9.44	3.85
41.163194	33.077778	13.125	NA	157.2486	157.1792	147.7271	154.2016	158.015	139.0827	144.5689	137.0446	134.8455	142.6175	134.0451	136.7856	136.0167	145.0976	152.1746	152.2023	159.8055	154.8743	4.25	1.90	138.7007	4.22	1.72	147.0137	9.45	3.86
41.288194	33.202778	13.25	NA	157.7312	157.6773	148.1958	154.7123	158.5247	139.5551	144.9836	137.4603	135.29	143.0442	134.4514	137.2279	136.4633	145.5169	152.6361	152.7097	160.2771	155.3683	4.26	1.91	139.1308	4.22	1.72	147.4718	9.47	3.86
41.413194	33.327778	13.375	NA	158.2366	158.1683	148.6567	155.2156	159.0104	140.0182	145.432	137.8877	135.7192	143.4923	134.8841	137.697	136.8868	145.9504	153.0865	153.2042	160.7667	155.8575	4.28	1.91	139.5722	4.23	1.73	147.9319	9.48	3.87
41.538194	33.452778	13.5	NA	158.7564	158.6619	149.1316	155.7006	159.4772	140.4942	145.8888	138.2964	136.157	143.9145	135.3006	138.1716	137.2947	146.3625	153.5557	153.6842	161.2796	156.3455	4.28	1.92	140.0086	4.24	1.73	148.3914	9.51	3.88
41.663194	33.577778	13.625	NA	159.2822	159.1392	149.6222	156.1934	159.9571	140.9888	146.3411	138.7243	136.5888	144.3473	135.737	138.6441	137.717	146.7875	154.0504	154.1647	161.7967	156.8388	4.29	1.92	140.4545	4.25	1.73	148.8601	9.54	3.90
41.788194	33.702778	13.75	NA	159.7852	159.6129	150.1148	156.7095	160.4414	141.4511	146.7765	139.1822	136.9766	144.8338	136.2225	139.0833	138.158	147.2464	154.5418	154.657	162.3179	157.3328	4.28	1.92	140.9071	4.26	1.74	149.3341	9.57	3.91
41.913194	33.827778	13.875	NA	160.2783	160.1152	150.6006	157.2138	160.9259	141.9134	147.1872	139.6192	137.3376	145.2841	136.6921	139.478	138.6015	147.7003	155.0157	155.1672	162.843	157.8268	4.28	1.92	141.3389	4.26	1.74	149.8010	9.62	3.93
42.038194	33.952778	14	NA	160.7919	160.623	151.0694	157.7027	161.3985	142.3579	147.6065	140.0148	137.6817	145.7246	137.1421	139.8906	139.0329	148.1285	155.4794	155.6731	163.3678	158.3171	4.30	1.92	141.7546	4.27	1.74	150.2620	9.66	3.94
42.163194	34.077778	14.125	NA	161.2922	161.1283	151.5437	158.1859	161.883	142.7678	148.0475	140.406	138.0525	146.2022	137.5959	140.3428	139.4277	148.5485	155.961	156.1651	163.8856	158.8066	4.31	1.93	142.1787	4.29	1.75	150.7218	9.70	3.96
42.288194	34.202778	14.25	NA	161.7808	161.633	152.029	158.6603	162.3716	143.2116	148.4618	140.8478	138.4775	146.6913	138.0386	140.7614	139.8138	148.9763	156.4556	156.6557	164.3876	159.2949	4.31	1.93	142.6214	4.30	1.75	151.1751	9.75	3.98
42.413194	34.327778	14.375	NA	162.2747	162.1344	152.4976	159.1423	162.8645	143.6319	148.844	141.2919	138.9088	147.1701	138.4795	141.1517	140.2501	149.3883	156.9465	157.1439	164.886	159.7827	4.32	1.93	143.0544	4.29	1.75	151.6277	9.78	3.99
42.538194	34.452778	14.5	NA	162.7557	162.6273	152.9629	159.6396	163.3751	144.0414	149.2796	141.7202	139.3306	147.6203	138.9094	141.5978	140.7062	149.8075	157.4308	157.6431	165.3915	160.2721	4.33	1.94	143.4836	4.30	1.75	152.0961	9.81	4.00
42.663194	34.577778	14.625	NA	163.2301	163.1227	153.4443	160.1293	163.8978	144.4719	149.7315	142.1541	139.7446	148.068	139.3363	142.0689	141.1268	150.2314	157.9152	158.1508	165.903	160.7648	4.34	1.94	143.9177	4.31	1.76	152.5660	9.84	4.02
42.788194	34.702778	14.75	NA	163.7055	163.642	153.931	160.6086	164.4291	144.9168	150.1627	142.5693	140.1619	148.5177	139.7701	142.545	141.5608	150.6472	158.4117	158.6427	166.4344	161.2632	4.35	1.95	144.3498	4.32	1.76	153.0403	9.87	4.03
42.913194	34.827778	14.875	NA	164.1919	164.1609	154.4167	161.084	164.9408	145.3921	150.5715	142.9972	140.614	148.9549	140.1843	142.9855	142.0363	151.0918	158.8877	159.121	166.9696	161.7589	4.36	1.95	144.7857	4.31	1.76	153.5153	9.90	4.04
43.038194	34.952778	15	NA	164.7046	164.6553	154.9025	161.5717	165.4323	145.838	150.9951	143.4443	141.0433	149.4155	140.6242	143.4136	142.5145	151.5514	159.3469	159.6043	167.4778	162.2533	4.37	1.95	145.2267	4.31	1.76	153.9847	9.92	4.05
43.163194	35.077778	15.125	NA	165.2276	165.1401	155.3803	162.0681	165.9134	146.2769	151.4658	143.8536	141.463	149.872	141.0967	143.8942	142.9715	151.9782	159.8077	160.0962	167.9762	162.7459	4.38	1.96	145.6713	4.33	1.77	154.4540	9.93	4.05
43.288194	35.202778	15.25	NA	165.7334	165.6273	155.8569	162.5662	166.4073	146.7544	151.9516	144.2367	141.9132	150.2888	141.5527	144.3961	143.4078	152.3722	160.2638	160.589	168.4935	163.2382	4.38	1.96	146.1162	4.33	1.77	154.9204	9.95	4.06
43.413194	35.327778	15.375	NA	166.2165	166.12	156.33	163.074	166.9308	147.2332	152.4393	144.6347	142.3672	150.6778	141.9981	144.8961	143.8573	152.7779	160.725	161.0923	169.0048	163.7343	4.40	1.97	146.5584	4.34	1.77	155.3922	9.96	4.07
43.538194	35.452778	15.5	NA	166.7061	166.6298	156.8065	163.5728	167.4512	147.7192	152.9196	145.0446	142.8287	151.0561	142.4277	145.3994	144.3141	153.1877	161.2099	161.6046	169.5009	164.2333	4.41	1.97	146.9993	4.34	1.77	155.8694	9.98	4.07
43.663194	35.577778	15.625	NA	167.2216	167.1602	157.2912	164.0567	167.9494	148.1999	153.3898	145.4377	143.2818	151.4573	142.857	145.8913	144.7421	153.5787	161.702	162.1149	170.0057	164.7358	4.42	1.98	147.4373	4.35	1.77	156.3391	10.00	4.08
43.788194	35.702778	15.75	NA	167.7468	167.687	157.7652	164.5472	168.4415	148.6745	153.8608	145.8101	143.7267	151.8737	143.3265	146.3776	145.1713	153.9716	162.1769	162.6189	170.527	165.2375	4.44	1.99	147.8787	4.35	1.78	156.8072	10.03	4.09
43.913194	35.827778	15.875	NA	168.2553	168.2019	158.2396	165.0421	168.9532	149.1569	154.3424	146.182	144.1748	152.2587	143.7844	146.8683	145.6012	154.3714	162.6385	163.1111	171.0639	165.7384	4.46	1.99	148.3165	4.35	1.78	157.2757	10.06	4.11
44.038194	35.952778	16	NA	168.7609	168.717	158.7234	165.5397	169.4662	149.6389	154.9165	146.584	144.63	152.6706	144.2163	147.2923	146.0211	154.7736	163.0932	163.5969	171.6034	166.2414	4.47	2.00	148.7760	4.39	1.79	157.7301	10.10	4.12
44.163194	36.077778	16.125	NA	169.2662	169.2297	159.201	166.0558	169.9796	150.1153	155.4487	147.0381	145.0767	153.1288	144.6273	147.7061	146.4475	155.1917	163.5748	164.0944	172.1264	166.7465	4.48	2.00	149.2391	4.42	1.81	158.1901	10.15	4.14
44.288194	36.202778	16.25	NA	169.7729	169.7444	159.6659	166.5741	170.5	150.5569	155.8383	147.5181	145.5167	153.5733	145.0099	148.1394	146.8876	155.6231	164.0746	164.5984	172.6255	167.2515	4.50	2.01	149.6689	4.42	1.80	158.6581	10.18	4.16
44.413194	36.327778	16.375	NA	170.2864	170.2529	160.1322	167.0818	170.998	150.9574	156.2373	147.962	145.9271	154.0274	145.4221	148.563	147.3146	156.0214	164.5665	165.0949	173.1134	167.7503	4.52	2.02	150.0889	4.42	1.80	159.1123	10.21	4.17
44.538194	36.452778	16.5	NA	170.7949	170.7493	160.6024	167.5922	171.4953	151.3674	156.6822	148.3572	146.3101	154.4749	145.8506	149.0273	147.7265	156.4095	165.0598	165.5985	173.6112	168.2468	4.53	2.03	150.5071	4.44	1.81	159.5721	10.25	4.18
44.663194	36.577778	16.625	NA	171.3095	171.2441	161.0707	168.1115	172.0125	151.8128	157.1131	148.7606	146.7303	154.8983	146.2517	149.4756	148.1802	156.8515	165.5601	166.1104	174.1157	168.7497	4.55	2.03	150.9278	4.45	1.82	160.0489	10.27	4.19
44.788194	36.702778	16.75	NA	171.817	171.7402	161.5365	168.6318	172.5199	152.2685	157.4944	149.1936	147.174	155.3449	146.6592	149.8715	148.6668	157.3268	166.0631	166.6183	174.6101	169.2491	4.57	2.04	151.3558	4.44	1.81	160.5261	10.30	4.21
44.913194	36.827778	16.875	NA	172.3218	172.2416	162.004	169.1525	173.0272	152.6896	157.9088	149.6208	147.5849	155.7874	147.0682	150.2929	149.1407	157.7878	166.5511	167.119	175.0978	169.7494	4.58	2.05	151.7766	4.45	1.82	160.9982	10.32	4.21
45.038194	36.952778	17	NA	172.8184	172.7458	162.4766	169.6603	173.5358	153.1006	158.4516	150.0454	147.9993	156.2266	147.4873	150.7577	149.5838	158.2332	167.02	167.6139	175.5854	170.2474	4.59	2.05	152.2185	4.49	1.83	161.4657	10.34	4.22
45.163194	37.077778	17.125	NA	173.3071	173.2309	162.9511	170.1465	174.0402	153.5052	158.9936	150.5076	148.4132	156.7026	147.9374	151.2069	150.0217	158.6677	167.4808	168.1108	176.0727	170.7352	4.60	2.06	152.6766	4.52	1.85	161.9268	10.36	4.23
45.288194	37.202778	17.25	NA	173.7942	173.7181	163.4252	170.6243	174.5388	153.9269	159.4548	150.9722	148.8116	157.1609	148.3823	151.6565	150.446	159.0803	167.9435	168.6004	176.5681	171.2201	4.61	2.06	153.1181	4.53	1.85	162.3825	10.39	4.24
45.413194	37.327778	17.375	NA	174.2678	174.2314	163.8965	171.0993	175.0576	154.3515	159.9139	151.3997	149.2182	157.5653	148.8225	152.1133	150.8732	159.5075	168.4103	169.0799	177.0854	171.7105	4.62	2.07	153.5452	4.54	1.85	162.8449	10.41	4.25
45.538194	37.452778	17.5	NA	174.751	174.7445	164.3614	171.5783	175.5715	154.7722	160.328	151.8049	149.6461	157.9902	149.2784	152.5414	151.3385	159.9439	168.8708	169.5603	177.6109	172.2013	4.64	2.08	153.9700	4.53	1.85	163.3110	10.44	4.26
45.663194	37.577778	17.625	NA	175.2506	175.2527	164.8259	172.0576	176.0664	155.1944	160.7384	152.2139	150.0991	158.4301	149.7091	152.9899	151.7989	160.3767	169.3215	170.0374	178.1408	172.6906	4.66	2.08	154.3975	4.52	1.85	163.7775	10.47	4.27
45.788194	37.702778	17.75	NA	175.743	175.772	165.2907	172.5314	176.5708	155.6321	161.1748	152.6602	150.5451	158.8316	150.1187	153.4276	152.2005	160.8301	169.7933	170.5121	178.6659	173.1816	4.68	2.09	154.8271	4.52	1.85	164.2382	10.50	4.29
45.913194	37.827778	17.875	NA	176.2177	176.2778	165.7452	173.0049	177.0775	156.1135	161.5592	153.1087	150.9877	159.2424	150.5427	153.7943	152.5698	161.2606	170.2845	170.991	179.1633	173.6646	4.69	2.10	155.2590	4.50	1.84	164.6773	10.56	4.31
46.038194	37.952778	18	NA	176.6993	176.7596	166.2034	173.4879	177.5573	156.5341	161.9297	153.5381	151.4313	159.6834	150.9847	154.1754	152.9771	161.6883	170.7471	171.4749	179.6563	174.1415	4.70	2.10	155.6835	4.48	1.83	165.1198	10.61	4.33
46.163194	38.077778	18.125	NA	177.203	177.2404	166.671	173.9843	178.031	156.9572	162.3073	153.9664	151.8821	160.1342	151.4177	154.6235	153.3961	162.1564	171.1886	171.9551	180.1729	174.6259	4.71	2.11	156.1108	4.47	1.82	165.5821	10.63	4.34
46.288194	38.202778	18.25	NA	177.693	177.7338	167.129	174.4783	178.5281	157.4348	162.6651	154.3956	152.3364	160.6011	151.8365	155.0804	153.8053	162.5952	171.6572	172.4333	180.6995	175.1124	4.73	2.11	156.5449	4.45	1.82	166.0452	10.67	4.36
46.413194	38.327778	18.375	NA	178.183	178.2426	167.5792	174.9579	179.0263	157.9054	163.0499	154.8173	152.7952	161.0527	152.2827	155.4959	154.2288	163.0196	172.1462	172.9262	181.2064	175.5978	4.75	2.12	156.9839	4.44	1.81	166.5038	10.71	4.37
46.538194	38.452778	18.5	NA	178.6823	178.7526	168.0332	175.4336	179.5145	158.3761	163.4508	155.2494	153.2324	161.4521	152.7496	155.8756	154.6338	163.4801	172.6091	173.419	181.7023	176.0832	4.77	2.13	157.4184	4.42	1.80	166.9533	10.75	4.39
46.663194	38.577778	18.625	NA	179.1772	179.2616	168.487	175.9078	179.9962	158.8208	163.8628	155.6895	153.6653	161.8273	153.219	156.2669	155.0211	163.95	173.0668	173.8954	182.2166	176.5660	4.78	2.14	157.8475	4.39	1.79	167.4028	10.80	4.41
46.788194	38.702778	18.75	NA	179.6815	179.7696	168.9413	176.3869	180.4707	159.2489	164.2565	156.1075	154.0792	162.239	153.6808	156.6964	155.4236	164.4663	173.5455	174.3686	182.7441	177.0500	4.80	2.15	158.2686	4.38	1.79	167.8741	10.84	4.42
46.913194	38.827778	18.875	NA	180.1915	180.2635	169.4026	176.8838	180.9533	159.6808	164.6631	156.5154	154.4581	162.6908	154.106	157.1499	155.8487	165.0156	174.0155	174.8447	183.2724	177.5389	4.82	2.15	158.6857	4.39	1.79	168.3578	10.86	4.43
47.038194	38.952778	19	NA	180.6952	180.7608	169.871	177.377	181.4375	160.1195	165.1013	156.9257	154.8706	163.1323	154.5268	157.5718	156.2866	165.4866	174.4666	175.3205	183.8017	178.0283	4.83	2.16	159.1127	4.40	1.80	168.8223	10.89	4.45
47.163194	39.077778	19.125	NA	181.1863	181.2719	170.3403	177.849	181.9207	160.5282	165.5339	157.3467	155.2907	163.5447	154.9338	157.9808	156.7256	165.9171	174.9083	175.7901	184.3325	178.5136	4.84	2.16	159.5297	4.41	1.80	169.2757	10.93	4.46
47.288194	39.202778	19.25	NA	181.6751	181.7829	170.8032	178.3114	182.396	160.9228	165.9908	157.7976	155.6809	163.9318	155.318	158.4394	157.1394	166.3696	175.3489	176.252	184.8611	178.9937	4.85	2.17	159.9403	4.42	1.80	169.7351	10.96	4.47
47.413194	39.327778	19.375	NA	182.1577	182.2952	171.2688	178.7876	182.8664	161.3688	166.4555	158.2312	156.0777	164.338	155.7165	158.9229	157.5241	166.8087	175.7972	176.7199	185.3794	179.4751	4.86	2.17	160.3646	4.44	1.81	170.1920	10.99	4.49
47.538194	39.452778	19.5	NA	182.6491	182.7986	171.7316	179.2812	183.3359	161.8225	166.8681	158.6045	156.4835	164.7967	156.1184	159.3889	157.9349	167.2289	176.2654	177.1987	185.89	179.9593	4.87	2.18	160.7823	4.45	1.82	170.6511	11.02	4.50
47.663194	39.577778	19.625	NA	183.1372	183.2781	172.1881	179.7798	183.8294	162.2916	167.2496	158.9564	156.9059	165.282	156.5375	159.8017	158.3781	167.6453	176.7388	177.6691	186.4109	180.4425	4.88	2.18	161.2038	4.46	1.82	171.1073	11.05	4.51
47.788194	39.702778	19.75	NA	183.6223	183.7604	172.6422	180.269	184.3241	162.7376	167.6726	159.3449	157.2994	165.7384	156.9477	160.2098	158.8208	168.0541	177.2015	178.1347	186.9335	180.9236	4.90	2.19	161.6234	4.48	1.83	171.5591	11.09	4.53
47.913194	39.827778	19.875	NA	184.1057	184.2597	173.0956	180.7527	184.8164	163.1645	168.0795	159.7652	157.6638	166.1768	157.3515	160.6115	159.2715	168.4481	177.6511	178.6172	187.4259	181.4060	4.91	2.20	162.0335	4.50	1.84	172.0042	11.12	4.54
