days.origin	days.water	days.manure	F07	F08	F09	F10	F11	F12	GW01	GW02	GW03	GW04	GW05	GW06	GWL01	GWL02	GWL03	GWL04	GWo01	GWo02	mean.F	sd.F	se.F	mean.GW	sd.GW	se.GW	mean.GWL	sd.GWL	se.GWL
4	-4.085417	-24.038194	   NA	13.0722	14.5412	12.4652	14.4097	13.1735	12.0568	11.5160	14.1026	12.3798	13.2339	12.8432	11.2357	-0.9234	14.4235	12.1515	14.3380	0.3112	13.5324	0.90	0.40	12.6887	0.92	0.37	8.5894	7.01	2.86
4.125	-3.960417	-23.913194	   NA	13.1279	14.6029	12.5224	14.4676	13.2294	12.1130	11.5691	14.1633	12.4362	13.2905	12.8978	11.2886	-3.9234	14.4857	12.2087	14.4007	-2.6888	13.5901	0.91	0.40	12.7450	0.92	0.37	7.6286	8.57	3.50
4.25	-3.835417	-23.788194	   NA	13.1816	14.6633	12.5788	14.5248	13.2824	12.1676	11.6204	14.2239	12.4920	13.3442	12.9514	11.3406	-4.3757	14.5464	12.2646	14.4635	-3.0364	13.6462	0.91	0.41	12.7999	0.92	0.38	7.5338	8.80	3.59
4.375	-3.710417	-23.663194	   NA	13.2336	14.7224	12.6338	14.5817	13.3340	12.2217	11.6706	14.2847	12.5474	13.3965	13.0042	11.3912	-4.3185	14.6073	12.3193	14.5244	-2.9751	13.7011	0.91	0.41	12.8542	0.92	0.38	7.5914	8.80	3.59
4.5	-3.585417	-23.538194	   NA	13.2858	14.7828	12.6889	14.6388	13.3869	12.2761	11.7210	14.3458	12.6026	13.4498	13.0573	11.4421	-4.2604	14.6699	12.3743	14.5856	-2.9133	13.7566	0.91	0.41	12.9088	0.93	0.38	7.6497	8.80	3.59
4.625	-3.460417	-23.413194	   NA	13.3392	14.8459	12.7454	14.6978	13.4420	12.3317	11.7726	14.4071	12.6596	13.5052	13.1111	11.4946	-4.2010	14.7330	12.4311	14.6491	-2.8500	13.8141	0.92	0.41	12.9646	0.93	0.38	7.7095	8.80	3.59
4.75	-3.335417	-23.288194	   NA	13.3944	14.9123	12.8036	14.7590	13.4982	12.3890	11.8254	14.4686	12.7180	13.5621	13.1670	11.5477	-4.1402	14.7974	12.4883	14.7135	-2.7859	13.8735	0.92	0.41	13.0217	0.93	0.38	7.7701	8.80	3.59
4.875	-3.210417	-23.163194	   NA	13.4520	14.9812	12.8635	14.8228	13.5560	12.4473	11.8799	14.5346	12.7773	13.6222	13.2259	11.6021	-4.0771	14.8658	12.5460	14.7808	-2.7198	13.9351	0.92	0.41	13.0812	0.93	0.38	7.8330	8.80	3.59
5	-3.085417	-23.038194	   NA	13.5106	15.0514	12.9242	14.8893	13.6160	12.5060	11.9345	14.6045	12.8378	13.6856	13.2863	11.6576	-4.0117	14.9384	12.6055	14.8514	-2.6521	13.9983	0.93	0.41	13.1425	0.94	0.38	7.8982	8.80	3.59
5.125	-2.960417	-22.913194	   NA	13.5688	15.1213	12.9844	14.9559	13.6765	12.5645	11.9889	14.6744	12.8987	13.7488	13.3461	11.7129	-3.9469	15.0105	12.6651	14.9215	-2.5838	14.0614	0.93	0.42	13.2036	0.94	0.39	7.9632	8.80	3.59
5.25	-2.835417	-22.788194	   NA	13.6260	15.1904	13.0438	15.0219	13.7366	12.6221	12.0439	14.7435	12.9592	13.8112	13.4054	11.7678	-3.8828	15.0795	12.7243	14.9914	-2.5152	14.1237	0.94	0.42	13.2642	0.95	0.39	8.0275	8.80	3.59
5.375	-2.710417	-22.663194	   NA	13.6837	15.2605	13.1046	15.0908	13.7966	12.6798	12.0998	14.8139	13.0197	13.8752	13.4657	11.8236	-3.8187	15.1494	12.7850	15.0631	-2.4455	14.1872	0.94	0.42	13.3257	0.95	0.39	8.0928	8.80	3.59
5.5	-2.585417	-22.538194	   NA	13.7442	15.3333	13.1675	15.1637	13.8584	12.7396	12.1561	14.8864	13.0810	13.9410	13.5281	11.8817	-3.7531	15.2249	12.8468	15.1362	-2.3745	14.2534	0.95	0.42	13.3887	0.96	0.39	8.1603	8.80	3.59
5.625	-2.460417	-22.413194	   NA	13.8070	15.4089	13.2312	15.2377	13.9230	12.8017	12.2131	14.9592	13.1443	14.0069	13.5914	11.9405	-3.6841	15.3009	12.9093	15.2115	-2.3024	14.3216	0.95	0.43	13.4528	0.96	0.39	8.2293	8.80	3.59
5.75	-2.335417	-22.288194	   NA	13.8723	15.4870	13.2956	15.3143	13.9895	12.8653	12.2719	15.0331	13.2100	14.0737	13.6560	11.9988	-3.6136	15.3757	12.9725	15.2883	-2.2279	14.3918	0.96	0.43	13.5184	0.97	0.40	8.2990	8.80	3.59
5.875	-2.210417	-22.163194	   NA	13.9401	15.5672	13.3614	15.3939	14.0584	12.9303	12.3324	15.1089	13.2769	14.1431	13.7241	12.0583	-3.5425	15.4530	13.0364	15.3658	-2.1511	14.4642	0.97	0.43	13.5860	0.97	0.40	8.3700	8.80	3.59
6	-2.085417	-22.038194	   NA	14.0106	15.6483	13.4287	15.4753	14.1302	12.9959	12.3947	15.1876	13.3437	14.2159	13.7956	12.1202	-3.4705	15.5327	13.1023	15.4447	-2.0741	14.5386	0.97	0.44	13.6556	0.98	0.40	8.4426	8.80	3.59
6.125	-1.960417	-21.913194	   NA	14.0825	15.7308	13.4971	15.5568	14.2030	13.0612	12.4561	15.2684	13.4106	14.2895	13.8667	12.1823	-3.3978	15.6135	13.1691	15.5244	-1.9978	14.6140	0.98	0.44	13.7254	0.99	0.40	8.5156	8.80	3.59
6.25	-1.835417	-21.788194	   NA	14.1543	15.8124	13.5658	15.6371	14.2757	13.1268	12.5167	15.3470	13.4779	14.3612	13.9365	12.2430	-3.3259	15.6943	13.2353	15.6036	-1.9217	14.6891	0.98	0.44	13.7944	0.99	0.41	8.5881	8.80	3.59
6.375	-1.710417	-21.663194	   NA	14.2272	15.8941	13.6344	15.7186	14.3496	13.1927	12.5795	15.4253	13.5463	14.4339	14.0081	12.3041	-3.2538	15.7753	13.3017	15.6844	-1.8445	14.7648	0.99	0.44	13.8643	1.00	0.41	8.6612	8.80	3.59
6.5	-1.585417	-21.538194	   NA	14.3019	15.9785	13.7040	15.8031	14.4258	13.2587	12.6446	15.5069	13.6163	14.5103	14.0823	12.3671	-3.1789	15.8578	13.3694	15.7676	-1.7647	14.8427	1.00	0.45	13.9365	1.00	0.41	8.7364	8.80	3.59
6.625	-1.460417	-21.413194	   NA	14.3786	16.0643	13.7751	15.8901	14.5041	13.3263	12.7115	15.5895	13.6867	14.5887	14.1580	12.4311	-3.1031	15.9411	13.4384	15.8514	-1.6835	14.9224	1.00	0.45	14.0101	1.01	0.41	8.8126	8.80	3.59
6.75	-1.335417	-21.288194	   NA	14.4578	16.1522	13.8466	15.9794	14.5844	13.3960	12.7791	15.6730	13.7573	14.6687	14.2353	12.4955	-3.0278	16.0250	13.5086	15.9356	-1.6015	15.0041	1.01	0.45	14.0849	1.02	0.42	8.8892	8.80	3.59
6.875	-1.210417	-21.163194	   NA	14.5406	16.2410	13.9192	16.0713	14.6670	13.4668	12.8471	15.7596	13.8291	14.7515	14.3155	12.5601	-2.9509	16.1118	13.5794	16.0208	-1.5180	15.0878	1.02	0.45	14.1616	1.02	0.42	8.9672	8.80	3.59
7	-1.085417	-21.038194	   NA	14.6276	16.3309	13.9935	16.1638	14.7532	13.5383	12.9168	15.8477	13.9016	14.8373	14.3989	12.6255	-2.8714	16.1999	13.6509	16.1087	-1.4334	15.1738	1.02	0.46	14.2401	1.03	0.42	9.0467	8.80	3.59
7.125	-0.960417	-20.913194	   NA	14.7172	16.4243	14.0691	16.2598	14.8426	13.6103	12.9881	15.9372	13.9755	14.9263	14.4838	12.6916	-2.7911	16.2881	13.7231	16.1985	-1.3475	15.2626	1.03	0.46	14.3202	1.04	0.42	9.1271	8.80	3.59
7.25	-0.835417	-20.788194	   NA	14.8073	16.5177	14.1443	16.3558	14.9324	13.6830	13.0615	16.0256	14.0510	15.0141	14.5680	12.7580	-2.7121	16.3777	13.7958	16.2881	-1.2615	15.3515	1.04	0.46	14.4006	1.05	0.43	9.2077	8.80	3.59
7.375	-0.710417	-20.663194	   NA	14.8979	16.6114	14.2194	16.4527	15.0221	13.7554	13.1371	16.1151	14.1272	15.1016	14.6533	12.8250	-2.6321	16.4715	13.8693	16.3791	-1.1754	15.4407	1.04	0.47	14.4816	1.05	0.43	9.2896	8.80	3.59
7.5	-0.585417	-20.538194	   NA	14.9903	16.7075	14.2963	16.5529	15.1134	13.8284	13.2128	16.2073	14.2044	15.1923	14.7399	12.8928	-2.5500	16.5666	13.9433	16.4717	-1.0875	15.5321	1.05	0.47	14.5642	1.06	0.43	9.3728	8.80	3.59
7.625	-0.460417	-20.413194	   NA	15.0844	16.8058	14.3736	16.6553	15.2062	13.9030	13.2888	16.2998	14.2822	15.2851	14.8283	12.9614	-2.4663	16.6619	14.0182	16.5661	-0.9976	15.6251	1.06	0.47	14.6479	1.07	0.44	9.4573	8.80	3.59
7.75	-0.335417	-20.288194	   NA	15.1809	16.9053	14.4527	16.7582	15.3011	13.9784	13.3652	16.3949	14.3611	15.3795	14.9186	13.0305	-2.3797	16.7572	14.0944	16.6614	-0.9053	15.7197	1.07	0.48	14.7330	1.08	0.44	9.5431	8.80	3.59
7.875	-0.210417	-20.163194	   NA	15.2803	17.0053	14.5348	16.8633	15.3994	14.0549	13.4424	16.4916	14.4416	15.4738	15.0098	13.1008	-2.2920	16.8540	14.1725	16.7591	-0.8103	15.8166	1.07	0.48	14.8190	1.08	0.44	9.6307	8.80	3.59
8	-0.085417	-20.038194	   NA	15.3811	17.1059	14.6184	16.9712	15.4992	14.1322	13.5210	16.5883	14.5228	15.5680	15.1020	13.1730	-2.2042	16.9504	14.2519	16.8593	-0.7140	15.9152	1.08	0.48	14.9057	1.09	0.45	9.7194	8.80	3.59
8.085417	0	-19.952778	   NA	0.0000	0.0000	0.0000	0.0000	0.0000	0.0000	0.0000	0.0000	0.0000	0.0000	0.0000	0.0000	0.0000	0.0000	0.0000	0.0000	0.0000	0.0000	0.00	0.00	0.0000	0.00	0.00	0.0000	0.00	0.00
8.210417	0.125	-19.827778	   NA	0.1238	0.1246	0.0835	0.1392	0.1214	0.0800	0.1014	0.1153	0.0822	0.1275	0.1130	0.0783	0.1031	0.1144	0.0801	0.1160	0.1103	0.1185	0.02	0.01	0.1032	0.02	0.01	0.1004	0.02	0.01
8.335417	0.25	-19.702778	   NA	0.2644	0.2598	0.1777	0.2945	0.2542	0.1704	0.2159	0.2391	0.1721	0.2715	0.2374	0.1651	0.2087	0.2338	0.1698	0.2360	0.2229	0.2501	0.04	0.02	0.2177	0.04	0.02	0.2061	0.03	0.01
8.460417	0.375	-19.577778	   NA	0.4101	0.4136	0.2847	0.4712	0.3922	0.2699	0.3324	0.3808	0.2718	0.4317	0.3693	0.2592	0.3278	0.3654	0.2695	0.3679	0.3449	0.3944	0.07	0.03	0.3427	0.06	0.03	0.3225	0.05	0.02
8.585417	0.5	-19.452778	   NA	0.5509	0.5699	0.3942	0.6509	0.5267	0.3727	0.4470	0.5259	0.3775	0.5903	0.4987	0.3556	0.4468	0.4975	0.3738	0.4989	0.4654	0.5385	0.09	0.04	0.4687	0.09	0.04	0.4397	0.06	0.03
8.710417	0.625	-19.327778	   NA	0.6903	0.7284	0.5028	0.8334	0.6594	0.4794	0.5577	0.6682	0.4832	0.7452	0.6270	0.4530	0.5655	0.6344	0.4785	0.6295	0.5856	0.6829	0.12	0.05	0.5934	0.11	0.04	0.5578	0.08	0.03
8.835417	0.75	-19.202778	   NA	0.8284	0.8888	0.6215	1.0175	0.7924	0.5917	0.6675	0.8081	0.5948	0.8978	0.7547	0.5558	0.6847	0.7801	0.5826	0.7617	0.7069	0.8297	0.14	0.06	0.7191	0.12	0.05	0.6786	0.09	0.04
8.960417	0.875	-19.077778	   NA	0.9627	1.0483	0.7416	1.2010	0.9243	0.7002	0.7775	0.9481	0.7082	1.0555	0.8793	0.6618	0.8034	0.9258	0.6867	0.8936	0.8283	0.9756	0.17	0.08	0.8448	0.14	0.06	0.7999	0.11	0.04
9.085417	1	-18.952778	   NA	1.0908	1.2056	0.8516	1.3831	1.0510	0.8011	0.8860	1.0886	0.8136	1.2156	0.9980	0.7629	0.9193	1.0715	0.7908	1.0234	0.9491	1.1164	0.20	0.09	0.9672	0.16	0.07	0.9195	0.12	0.05
9.210417	1.125	-18.827778	   NA	1.2164	1.3611	0.9607	1.5641	1.1742	0.9031	0.9946	1.2282	0.9193	1.3738	1.1131	0.8617	1.0322	1.2172	0.8949	1.1493	1.0669	1.2553	0.22	0.10	1.0887	0.19	0.08	1.0370	0.14	0.06
9.335417	1.25	-18.702778	   NA	1.3417	1.5169	1.0664	1.7453	1.2971	1.0035	1.1023	1.3659	1.0216	1.5306	1.2271	0.9603	1.1445	1.3628	0.9990	1.2743	1.1843	1.3935	0.25	0.11	1.2085	0.21	0.09	1.1542	0.16	0.06
9.460417	1.375	-18.577778	   NA	1.4676	1.6740	1.1700	1.9285	1.4203	1.1003	1.2083	1.5056	1.1208	1.6869	1.3422	1.0590	1.2549	1.5085	1.1031	1.4006	1.3022	1.5321	0.29	0.13	1.3274	0.23	0.09	1.2714	0.17	0.07
9.585417	1.5	-18.452778	   NA	1.5963	1.8328	1.2740	2.1160	1.5445	1.1986	1.3138	1.6495	1.2211	1.8472	1.4588	1.1567	1.3642	1.6542	1.2072	1.5286	1.4209	1.6727	0.32	0.14	1.4482	0.26	0.11	1.3886	0.19	0.08
9.710417	1.625	-18.327778	   NA	1.7287	1.9962	1.3763	2.3105	1.6705	1.2970	1.4213	1.7955	1.3216	2.0158	1.5767	1.2540	1.4768	1.7999	1.3113	1.6590	1.5416	1.8164	0.35	0.16	1.5713	0.29	0.12	1.5071	0.21	0.08
9.835417	1.75	-18.202778	   NA	1.8649	2.1644	1.4793	2.5130	1.7986	1.3939	1.5310	1.9445	1.4222	2.1940	1.6959	1.3505	1.5928	1.9456	1.4154	1.7924	1.6648	1.9640	0.39	0.18	1.6969	0.32	0.13	1.6269	0.22	0.09
9.960417	1.875	-18.077778	   NA	2.0094	2.3379	1.5835	2.7245	1.9335	1.4926	1.6426	2.0955	1.5240	2.3832	1.8197	1.4474	1.7101	2.0913	1.5195	1.9282	1.7895	2.1178	0.43	0.19	1.8263	0.35	0.14	1.7477	0.24	0.10
10.085417	2	-17.952778	   NA	2.1628	2.5185	1.6886	2.9470	2.0759	1.5946	1.7595	2.2499	1.6272	2.5817	1.9497	1.5460	1.8306	2.2370	1.6236	2.0684	1.9173	2.2786	0.48	0.21	1.9604	0.39	0.16	1.8705	0.26	0.11
10.210417	2.125	-17.827778	   NA	2.3202	2.7045	1.7944	3.1796	2.2216	1.6972	1.8805	2.4087	1.7317	2.7908	2.0821	1.6453	1.9526	2.3840	1.7277	2.2126	2.0486	2.4441	0.52	0.23	2.0985	0.43	0.18	1.9951	0.28	0.12
10.335417	2.25	-17.702778	   NA	2.4822	2.8957	1.9003	3.4238	2.3709	1.7986	2.0064	2.5708	1.8354	3.0239	2.2162	1.7443	2.0740	2.5335	1.8319	2.3581	2.1809	2.6146	0.57	0.26	2.2419	0.48	0.19	2.1204	0.30	0.12
10.460417	2.375	-17.577778	   NA	2.6496	3.0922	2.0074	3.6784	2.5234	1.8997	2.1379	2.7350	1.9390	3.2751	2.3535	1.8414	2.1979	2.6814	1.9359	2.5046	2.3146	2.7902	0.63	0.28	2.3900	0.53	0.22	2.2460	0.32	0.13
10.585417	2.5	-17.452778	   NA	2.8204	3.2905	2.1154	3.9353	2.6771	2.0012	2.2709	2.8999	2.0419	3.5238	2.4932	1.9386	2.3247	2.8321	2.0409	2.6526	2.4498	2.9677	0.68	0.31	2.5385	0.58	0.24	2.3731	0.35	0.14
10.710417	2.625	-17.327778	   NA	2.9939	3.4883	2.2252	4.1881	2.8324	2.1058	2.4064	3.0651	2.1493	3.7651	2.6332	2.0385	2.4527	2.9825	2.1483	2.8014	2.5864	3.1456	0.74	0.33	2.6875	0.63	0.26	2.5016	0.37	0.15
10.835417	2.75	-17.202778	   NA	3.1699	3.6835	2.3360	4.4360	2.9879	2.2114	2.5457	3.2321	2.2593	4.0015	2.7733	2.1398	2.5809	3.1322	2.2572	2.9498	2.7235	3.3227	0.79	0.35	2.8372	0.68	0.28	2.6306	0.39	0.16
10.960417	2.875	-17.077778	   NA	3.3503	3.8761	2.4680	4.6805	3.1451	2.3314	2.6880	3.4011	2.3833	4.2352	2.9168	2.2461	2.7082	3.2845	2.3748	3.0977	2.8600	3.5040	0.83	0.37	2.9926	0.72	0.30	2.7619	0.40	0.16
11.085417	3	-16.952778	   NA	3.5344	4.0689	2.5967	4.9202	3.3071	2.4520	2.8273	3.5697	2.5035	4.4662	3.0644	2.3539	2.8353	3.4368	2.4936	3.2452	2.9966	3.6855	0.87	0.39	3.1472	0.76	0.31	2.8936	0.42	0.17
11.210417	3.125	-16.827778	   NA	3.7145	4.2594	2.7068	5.1534	3.4678	2.5568	2.9590	3.7338	2.6068	4.6872	3.2090	2.4567	2.9621	3.5877	2.6015	3.3910	3.1325	3.8604	0.91	0.41	3.2921	0.81	0.33	3.0219	0.44	0.18
11.335417	3.25	-16.702778	   NA	3.8924	4.4461	2.8160	5.3792	3.6251	2.6627	3.0903	3.8929	2.7121	4.8974	3.3513	2.5591	3.0888	3.7353	2.7090	3.5347	3.2665	4.0318	0.96	0.43	3.4345	0.85	0.35	3.1489	0.46	0.19
11.460417	3.375	-16.577778	   NA	4.0691	4.6287	2.9253	5.5990	3.7813	2.7681	3.2265	4.0505	2.8206	5.1012	3.4948	2.6613	3.2149	3.8776	2.8185	3.6773	3.3986	4.2007	0.99	0.44	3.5769	0.88	0.36	3.2747	0.48	0.19
11.585417	3.5	-16.452778	   NA	4.2383	4.8086	3.0335	5.8150	3.9370	2.8718	3.3591	4.2075	2.9275	5.2987	3.6393	2.7648	3.3409	4.0177	2.9288	3.8198	3.5301	4.3665	1.03	0.46	3.7173	0.92	0.37	3.4004	0.49	0.20
11.710417	3.625	-16.327778	   NA	4.4021	4.9869	3.1414	6.0278	4.0927	2.9764	3.4835	4.3652	3.0335	5.4904	3.7844	2.8687	3.4658	4.1636	3.0379	3.9621	3.6620	4.5302	1.07	0.48	3.8556	0.95	0.39	3.5267	0.51	0.21
11.835417	3.75	-16.202778	   NA	4.5695	5.1632	3.2497	6.2388	4.2508	3.0830	3.6082	4.5237	3.1404	5.6795	3.9298	2.9725	3.5897	4.3128	3.1466	4.1040	3.7943	4.6944	1.11	0.50	3.9941	0.98	0.40	3.6533	0.53	0.21
11.960417	3.875	-16.077778	   NA	4.7427	5.3374	3.3574	6.4461	4.4105	3.1893	3.7413	4.6799	3.2472	5.8650	4.0752	3.0741	3.7145	4.4554	3.2558	4.2455	3.9262	4.8588	1.14	0.51	4.1330	1.01	0.41	3.7786	0.54	0.22
12.085417	4	-15.952778	   NA	4.9182	5.5088	3.4651	6.6468	4.5702	3.2954	3.8808	4.8340	3.3538	6.0445	4.2204	3.1762	3.8404	4.5921	3.3655	4.3847	4.0574	5.0218	1.17	0.53	4.2715	1.04	0.42	3.9027	0.56	0.23
12.210417	4.125	-15.827778	   NA	5.0862	5.6759	3.5723	6.8405	4.7246	3.3990	4.0124	4.9844	3.4566	6.2160	4.3631	3.2809	3.9660	4.7262	3.4741	4.5203	4.1862	5.1799	1.20	0.54	4.4053	1.07	0.44	4.0256	0.57	0.23
12.335417	4.25	-15.702778	   NA	5.2513	5.8382	3.6790	7.0279	4.8755	3.4988	4.1363	5.1294	3.5566	6.3784	4.5032	3.3853	4.0883	4.8589	3.5803	4.6534	4.3119	5.3344	1.23	0.55	4.5338	1.09	0.45	4.1463	0.58	0.24
12.460417	4.375	-15.577778	   NA	5.4175	5.9968	3.7833	7.2101	5.0279	3.5987	4.2572	5.2730	3.6585	6.5363	4.6432	3.4880	4.2068	4.9928	3.6856	4.7851	4.4358	5.4871	1.26	0.56	4.6612	1.11	0.45	4.2657	0.60	0.24
12.585417	4.5	-15.452778	   NA	5.5823	6.1520	3.8865	7.3866	5.1787	3.7004	4.3770	5.4156	3.7618	6.6928	4.7822	3.5893	4.3216	5.1235	3.7910	4.9148	4.5572	5.6372	1.28	0.57	4.7883	1.13	0.46	4.3829	0.61	0.25
12.710417	4.625	-15.327778	   NA	5.7466	6.3037	3.9894	7.5586	5.3276	3.8027	4.4968	5.5558	3.8647	6.8450	4.9193	3.6918	4.4346	5.2495	3.8964	5.0413	4.6769	5.7852	1.31	0.59	4.9140	1.15	0.47	4.4984	0.62	0.25
12.835417	4.75	-15.202778	   NA	5.9052	6.4536	4.0904	7.7267	5.4750	3.9029	4.6131	5.6926	3.9659	6.9933	5.0549	3.7932	4.5483	5.3731	4.0017	5.1656	4.7955	5.9302	1.33	0.60	5.0371	1.17	0.48	4.6129	0.63	0.26
12.960417	4.875	-15.077778	   NA	6.0592	6.6031	4.1898	7.8915	5.6188	4.0011	4.7320	5.8266	4.0654	7.1390	5.1868	3.8927	4.6628	5.4951	4.1056	5.2892	4.9136	6.0725	1.35	0.61	5.1585	1.19	0.49	4.7265	0.64	0.26
13.085417	5	-14.952778	   NA	6.2138	6.7505	4.2889	8.0553	5.7614	4.0991	4.8537	5.9607	4.1640	7.2837	5.3155	3.9900	4.7756	5.6190	4.2079	5.4116	5.0316	6.2140	1.38	0.62	5.2795	1.21	0.49	4.8393	0.65	0.26
13.210417	5.125	-14.827778	   NA	6.3667	6.8950	4.3886	8.2181	5.9035	4.1969	4.9722	6.0947	4.2618	7.4288	5.4425	4.0855	4.8849	5.7452	4.3091	5.5322	5.1491	6.3544	1.40	0.63	5.3995	1.23	0.50	4.9510	0.66	0.27
13.335417	5.25	-14.702778	   NA	6.5177	7.0387	4.4882	8.3790	6.0432	4.2953	5.0885	6.2271	4.3594	7.5724	5.5691	4.1816	4.9938	5.8695	4.4108	5.6526	5.2662	6.4934	1.42	0.64	5.5186	1.24	0.51	5.0624	0.67	0.27
13.460417	5.375	-14.577778	   NA	6.6659	7.1825	4.5874	8.5375	6.1811	4.3939	5.2046	6.3578	4.4566	7.7135	5.6952	4.2770	5.1052	5.9915	4.5123	5.7732	5.3826	6.6309	1.44	0.64	5.6369	1.26	0.52	5.1736	0.68	0.28
13.585417	5.5	-14.452778	   NA	6.8115	7.3238	4.6851	8.6914	6.3171	4.4910	5.3191	6.4854	4.5523	7.8514	5.8194	4.3730	5.2150	6.1114	4.6126	5.8911	5.4964	6.7658	1.46	0.65	5.7531	1.28	0.52	5.2832	0.69	0.28
13.710417	5.625	-14.327778	   NA	6.9551	7.4610	4.7817	8.8414	6.4511	4.5870	5.4317	6.6110	4.6478	7.9864	5.9418	4.4692	5.3212	6.2286	4.7128	6.0060	5.6072	6.8981	1.48	0.66	5.8676	1.29	0.53	5.3908	0.70	0.29
13.835417	5.75	-14.202778	   NA	7.0911	7.5953	4.8782	8.9886	6.5812	4.6819	5.5385	6.7358	4.7413	8.1183	6.0616	4.5663	5.4265	6.3434	4.8134	6.1196	5.7164	7.0269	1.50	0.67	5.9796	1.31	0.53	5.4976	0.71	0.29
13.960417	5.875	-14.077778	   NA	7.2181	7.7268	4.9743	9.1313	6.7061	4.7750	5.6399	6.8583	4.8330	8.2465	6.1803	4.6616	5.5312	6.4552	4.9121	6.2322	5.8247	7.1513	1.52	0.68	6.0888	1.32	0.54	5.6028	0.71	0.29
14.085417	6	-13.952778	   NA	7.3463	7.8563	5.0749	9.2715	6.8311	4.8733	5.7453	6.9797	4.9307	8.3715	6.2989	4.7593	5.6354	6.5656	5.0137	6.3440	5.9321	7.2760	1.53	0.68	6.1999	1.34	0.55	5.7084	0.72	0.29
14.210417	6.125	-13.827778	   NA	7.4749	7.9853	5.1754	9.4114	6.9564	4.9720	5.8513	7.1011	5.0290	8.4955	6.4175	4.8572	5.7397	6.6759	5.1155	6.4558	6.0395	7.4007	1.54	0.69	6.3111	1.35	0.55	5.8139	0.72	0.30
14.335417	6.25	-13.702778	   NA	7.6008	8.1117	5.2730	9.5486	7.0791	5.0707	5.9584	7.2195	5.1265	8.6159	6.5337	4.9576	5.8424	6.7866	5.2168	6.5653	6.1450	7.5226	1.56	0.70	6.4208	1.36	0.55	5.9189	0.73	0.30
14.460417	6.375	-13.577778	   NA	7.7172	8.2330	5.3631	9.6793	7.1948	5.1634	6.0595	7.3328	5.2166	8.7316	6.6439	5.0541	5.9408	6.8943	5.3127	6.6708	6.2464	7.6375	1.57	0.70	6.5246	1.37	0.56	6.0198	0.73	0.30
14.585417	6.5	-13.452778	   NA	7.8298	8.3511	5.4506	9.8045	7.3077	5.2528	6.1553	7.4432	5.3029	8.8432	6.7496	5.1472	6.0357	6.9967	5.4061	6.7721	6.3443	7.7487	1.59	0.71	6.6245	1.38	0.56	6.1170	0.74	0.30
14.710417	6.625	-13.327778	   NA	7.9351	8.4650	5.5356	9.9240	7.4160	5.3398	6.2470	7.5506	5.3864	8.9502	6.8528	5.2368	6.1292	7.0959	5.4968	6.8694	6.4395	7.8551	1.60	0.72	6.7211	1.38	0.57	6.2113	0.74	0.30
14.835417	6.75	-13.202778	   NA	8.0400	8.5722	5.6184	10.0359	7.5181	5.4234	6.3353	7.6523	5.4674	9.0514	6.9517	5.3238	6.2206	7.1918	5.5845	6.9634	6.5319	7.9569	1.61	0.72	6.8136	1.39	0.57	6.3027	0.74	0.30
14.960417	6.875	-13.077778	   NA	8.1415	8.6759	5.7004	10.1440	7.6188	5.5063	6.4219	7.7499	5.5481	9.1512	7.0474	5.4078	6.3087	7.2842	5.6719	7.0548	6.6218	8.0561	1.62	0.72	6.9041	1.40	0.57	6.3915	0.75	0.30
15.085417	7	-12.952778	   NA	8.2434	8.7815	5.7807	10.2543	7.7201	5.5865	6.5082	7.8482	5.6277	9.2526	7.1428	5.4899	6.3955	7.3762	5.7577	7.1460	6.7112	8.1560	1.63	0.73	6.9943	1.41	0.58	6.4794	0.75	0.31
15.210417	7.125	-12.827778	   NA	8.3453	8.8887	5.8631	10.3661	7.8207	5.6687	6.5927	7.9482	5.7085	9.3540	7.2374	5.5722	6.4839	7.4706	5.8442	7.2400	6.8020	8.2568	1.64	0.73	7.0849	1.42	0.58	6.5688	0.75	0.31
15.335417	7.25	-12.702778	   NA	8.4485	8.9964	5.9501	10.4790	7.9222	5.7550	6.6789	8.0489	5.7934	9.4554	7.3320	5.6582	6.5752	7.5673	5.9338	7.3366	6.8946	8.3592	1.65	0.74	7.1773	1.43	0.58	6.6609	0.76	0.31
15.460417	7.375	-12.577778	   NA	8.5535	9.1041	6.0398	10.5921	8.0253	5.8450	6.7675	8.1502	5.8820	9.5564	7.4280	5.7469	6.6688	7.6644	6.0261	7.4343	6.9880	8.4630	1.66	0.74	7.2715	1.43	0.58	6.7547	0.76	0.31
15.585417	7.5	-12.452778	   NA	8.6600	9.2106	6.1298	10.7037	8.1275	5.9351	6.8572	8.2509	5.9710	9.6555	7.5228	5.8354	6.7619	7.7619	6.1196	7.5321	7.0806	8.5663	1.67	0.75	7.3654	1.44	0.59	6.8486	0.76	0.31
15.710417	7.625	-12.327778	   NA	8.7657	9.3164	6.2202	10.8141	8.2293	6.0241	6.9457	8.3509	6.0599	9.7548	7.6165	5.9229	6.8529	7.8590	6.2141	7.6283	7.1722	8.6691	1.67	0.75	7.4587	1.44	0.59	6.9416	0.77	0.31
15.835417	7.75	-12.202778	   NA	8.8705	9.4216	6.3100	10.9239	8.3317	6.1133	7.0359	8.4515	6.1486	9.8548	7.7124	6.0126	6.9441	7.9543	6.3080	7.7222	7.2632	8.7715	1.68	0.75	7.5528	1.45	0.59	7.0341	0.77	0.31
15.960417	7.875	-12.077778	   NA	8.9751	9.5261	6.3980	11.0340	8.4335	6.2031	7.1266	8.5516	6.2359	9.9554	7.8080	6.1039	7.0360	8.0480	6.4008	7.8153	7.3544	8.8733	1.69	0.76	7.6468	1.45	0.59	7.1264	0.77	0.31
16.085417	8	-11.952778	   NA	9.0796	9.6305	6.4852	11.1442	8.5353	6.2925	7.2172	8.6511	6.3227	10.0562	7.9036	6.1926	7.1274	8.1411	6.4942	7.9085	7.4458	8.9750	1.70	0.76	7.7405	1.46	0.59	7.2183	0.77	0.31
16.210417	8.125	-11.827778	   NA	9.1840	9.7350	6.5764	11.2550	8.6374	6.3854	7.3095	8.7495	6.4137	10.1568	8.0006	6.2828	7.2184	8.2342	6.5901	8.0024	7.5364	9.0776	1.71	0.76	7.8359	1.46	0.60	7.3107	0.77	0.31
16.335417	8.25	-11.702778	   NA	9.2868	9.8397	6.6684	11.3646	8.7394	6.4796	7.4015	8.8461	6.5057	10.2562	8.0969	6.3737	7.3088	8.3272	6.6864	8.0960	7.6257	9.1798	1.71	0.77	7.9310	1.46	0.60	7.4030	0.77	0.31
16.460417	8.375	-11.577778	   NA	9.3918	9.9450	6.7585	11.4732	8.8418	6.5711	7.4953	8.9430	6.5953	10.3567	8.1921	6.4664	7.3997	8.4201	6.7827	8.1885	7.7149	9.2821	1.72	0.77	8.0256	1.47	0.60	7.4954	0.77	0.31
16.585417	8.5	-11.452778	   NA	9.4967	10.0491	6.8485	11.5807	8.9430	6.6612	7.5901	9.0401	6.6842	10.4553	8.2865	6.5597	7.4904	8.5118	6.8781	8.2808	7.8047	9.3836	1.73	0.77	8.1196	1.47	0.60	7.5876	0.77	0.31
16.710417	8.625	-11.327778	   NA	9.5969	10.1508	6.9360	11.6860	9.0403	6.7480	7.6787	9.1350	6.7718	10.5503	8.3772	6.6479	7.5789	8.6007	6.9687	8.3724	7.8938	9.4820	1.73	0.77	8.2102	1.47	0.60	7.6771	0.77	0.31
16.835417	8.75	-11.202778	   NA	9.6946	10.2512	7.0211	11.7891	9.1363	6.8323	7.7663	9.2282	6.8572	10.6440	8.4674	6.7336	7.6662	8.6885	7.0561	8.4625	7.9808	9.5785	1.74	0.78	8.2992	1.48	0.60	7.7646	0.77	0.31
16.960417	8.875	-11.077778	   NA	9.7892	10.3487	7.1049	11.8896	9.2305	6.9150	7.8513	9.3203	6.9401	10.7342	8.5561	6.8175	7.7521	8.7754	7.1422	8.5507	8.0654	9.6726	1.74	0.78	8.3862	1.48	0.60	7.8506	0.77	0.31
17.085417	9	-10.952778	   NA	9.8809	10.4434	7.1875	11.9876	9.3227	6.9960	7.9342	9.4116	7.0211	10.8204	8.6422	6.9012	7.8350	8.8601	7.2270	8.6364	8.1486	9.7644	1.75	0.78	8.4709	1.48	0.61	7.9347	0.77	0.31
17.210417	9.125	-10.827778	   NA	9.9721	10.5362	7.2686	12.0833	9.4129	7.0746	8.0176	9.5016	7.0998	10.9072	8.7284	6.9847	7.9154	8.9432	7.3097	8.7204	8.2310	9.8546	1.76	0.79	8.5549	1.49	0.61	8.0174	0.77	0.31
17.335417	9.25	-10.702778	   NA	10.0622	10.6279	7.3473	12.1777	9.5009	7.1511	8.0990	9.5912	7.1769	10.9950	8.8145	7.0660	7.9957	9.0267	7.3914	8.8043	8.3136	9.9432	1.76	0.79	8.6380	1.49	0.61	8.0996	0.77	0.32
17.460417	9.375	-10.577778	   NA	10.1503	10.7197	7.4261	12.2714	9.5883	7.2293	8.1789	9.6794	7.2549	11.0834	8.8987	7.1461	8.0774	9.1098	7.4737	8.8880	8.3960	10.0312	1.77	0.79	8.7208	1.50	0.61	8.1818	0.77	0.32
17.585417	9.5	-10.452778	   NA	10.2367	10.8114	7.5050	12.3635	9.6752	7.3073	8.2572	9.7654	7.3321	11.1715	8.9813	7.2261	8.1587	9.1914	7.5554	8.9716	8.4777	10.1184	1.77	0.79	8.8025	1.50	0.61	8.2635	0.77	0.32
17.710417	9.625	-10.327778	   NA	10.3221	10.9024	7.5817	12.4544	9.7612	7.3839	8.3336	9.8507	7.4075	11.2564	9.0620	7.3052	8.2396	9.2731	7.6350	9.0550	8.5583	10.2044	1.78	0.79	8.8824	1.51	0.61	8.3444	0.78	0.32
17.835417	9.75	-10.202778	   NA	10.4059	10.9919	7.6567	12.5435	9.8452	7.4600	8.4096	9.9351	7.4822	11.3386	9.1426	7.3827	8.3202	9.3543	7.7136	9.1364	8.6385	10.2886	1.78	0.80	8.9613	1.51	0.62	8.4243	0.78	0.32
17.960417	9.875	-10.077778	   NA	10.4911	11.0807	7.7324	12.6319	9.9294	7.5362	8.4875	10.0193	7.5574	11.4202	9.2245	7.4601	8.3999	9.4353	7.7923	9.2167	8.7186	10.3731	1.79	0.80	9.0409	1.51	0.62	8.5038	0.78	0.32
18.085417	10	-9.952778	   NA	10.5783	11.1691	7.8087	12.7205	10.0149	7.6110	8.5672	10.1036	7.6312	11.5013	9.3083	7.5367	8.4783	9.5170	7.8714	9.2971	8.7982	10.4583	1.79	0.80	9.1204	1.51	0.62	8.5831	0.78	0.32
18.210417	10.125	-9.827778	   NA	10.6644	11.2565	7.8833	12.8087	10.1007	7.6841	8.6453	10.1870	7.7026	11.5809	9.3908	7.6117	8.5569	9.5979	7.9480	9.3778	8.8770	10.5427	1.80	0.80	9.1984	1.52	0.62	8.6616	0.78	0.32
18.335417	10.25	-9.702778	   NA	10.7471	11.3413	7.9556	12.8941	10.1842	7.7549	8.7209	10.2685	7.7740	11.6581	9.4695	7.6857	8.6331	9.6746	8.0224	9.4564	8.9540	10.6245	1.80	0.81	9.2743	1.52	0.62	8.7377	0.78	0.32
18.460417	10.375	-9.577778	   NA	10.8259	11.4243	8.0259	12.9775	10.2645	7.8231	8.7950	10.3476	7.8448	11.7338	9.5466	7.7589	8.7059	9.7489	8.0969	9.5328	9.0292	10.7036	1.81	0.81	9.3485	1.52	0.62	8.8121	0.78	0.32
18.585417	10.5	-9.452778	   NA	10.9021	11.5060	8.0952	13.0599	10.3423	7.8903	8.8683	10.4250	7.9140	11.8086	9.6231	7.8309	8.7769	9.8240	8.1698	9.6068	9.1038	10.7811	1.81	0.81	9.4215	1.53	0.62	8.8854	0.79	0.32
18.710417	10.625	-9.327778	   NA	10.9775	11.5868	8.1643	13.1403	10.4187	7.9573	8.9411	10.5010	7.9820	11.8839	9.6975	7.9033	8.8484	9.8986	8.2412	9.6806	9.1786	10.8575	1.82	0.81	9.4938	1.53	0.63	8.9584	0.79	0.32
18.835417	10.75	-9.202778	   NA	11.0532	11.6659	8.2331	13.2201	10.4945	8.0249	9.0119	10.5767	8.0495	11.9601	9.7705	7.9768	8.9213	9.9714	8.3123	9.7559	9.2518	10.9334	1.82	0.81	9.5656	1.53	0.63	9.0316	0.79	0.32
18.960417	10.875	-9.077778	   NA	11.1290	11.7427	8.3026	13.2993	10.5697	8.0923	9.0801	10.6521	8.1167	12.0351	9.8437	8.0503	8.9934	10.0432	8.3839	9.8304	9.3249	11.0087	1.82	0.82	9.6367	1.54	0.63	9.1044	0.79	0.32
19.085417	11	-8.952778	   NA	11.2045	11.8190	8.3717	13.3769	10.6450	8.1596	9.1481	10.7257	8.1841	12.1074	9.9168	8.1225	9.0644	10.1143	8.4557	9.9038	9.3975	11.0834	1.83	0.82	9.7069	1.54	0.63	9.1764	0.79	0.32
19.210417	11.125	-8.827778	   NA	11.2793	11.8961	8.4397	13.4524	10.7203	8.2270	9.2178	10.7980	8.2522	12.1776	9.9895	8.1918	9.1339	10.1854	8.5261	9.9758	9.4688	11.1576	1.83	0.82	9.7770	1.54	0.63	9.2470	0.79	0.32
19.335417	11.25	-8.702778	   NA	11.3537	11.9729	8.5076	13.5274	10.7948	8.2941	9.2875	10.8703	8.3200	12.2477	10.0610	8.2600	9.2026	10.2559	8.5961	10.0472	9.5403	11.2313	1.83	0.82	9.8468	1.54	0.63	9.3170	0.79	0.32
19.460417	11.375	-8.577778	   NA	11.4270	12.0482	8.5756	13.6038	10.8685	8.3614	9.3555	10.9434	8.3875	12.3193	10.1316	8.3297	9.2721	10.3254	8.6666	10.1193	9.6117	11.3046	1.84	0.82	9.9164	1.55	0.63	9.3875	0.79	0.32
19.585417	11.5	-8.452778	   NA	11.4992	12.1230	8.6433	13.6803	10.9417	8.4293	9.4230	11.0164	8.4546	12.3906	10.2028	8.3995	9.3422	10.3961	8.7374	10.1916	9.6821	11.3775	1.84	0.82	9.9861	1.55	0.63	9.4581	0.79	0.32
19.710417	11.625	-8.327778	   NA	11.5714	12.1981	8.7086	13.7548	11.0146	8.4964	9.4902	11.0884	8.5201	12.4602	10.2747	8.4688	9.4126	10.4672	8.8074	10.2645	9.7520	11.4495	1.84	0.82	10.0550	1.55	0.63	9.5288	0.79	0.32
19.835417	11.75	-8.202778	   NA	11.6442	12.2728	8.7740	13.8283	11.0875	8.5622	9.5569	11.1593	8.5850	12.5293	10.3462	8.5384	9.4820	10.5389	8.8758	10.3366	9.8231	11.5214	1.85	0.83	10.1231	1.55	0.63	9.5991	0.79	0.32
19.960417	11.875	-8.077778	   NA	11.7167	12.3460	8.8412	13.9019	11.1602	8.6273	9.6236	11.2298	8.6512	12.5987	10.4164	8.6066	9.5501	10.6105	8.9440	10.4077	9.8937	11.5932	1.85	0.83	10.1912	1.55	0.63	9.6688	0.79	0.32
20.085417	12	-7.952778	   NA	11.7889	12.4187	8.9083	13.9752	11.2324	8.6916	9.6910	11.2996	8.7171	12.6678	10.4858	8.6743	9.6192	10.6808	9.0112	10.4788	9.9629	11.6647	1.85	0.83	10.2588	1.56	0.63	9.7379	0.80	0.32
20.210417	12.125	-7.827778	   NA	11.8602	12.4916	8.9750	14.0485	11.3043	8.7564	9.7603	11.3700	8.7821	12.7366	10.5547	8.7430	9.6882	10.7503	9.0772	10.5492	10.0323	11.7359	1.85	0.83	10.3267	1.56	0.64	9.8067	0.80	0.33
20.335417	12.25	-7.702778	   NA	11.9311	12.5637	9.0413	14.1219	11.3760	8.8226	9.8289	11.4409	8.8482	12.8054	10.6232	8.8117	9.7562	10.8193	9.1435	10.6188	10.1026	11.8068	1.86	0.83	10.3949	1.56	0.64	9.8753	0.80	0.33
20.460417	12.375	-7.577778	   NA	12.0028	12.6352	9.1076	14.1951	11.4475	8.8878	9.8963	11.5098	8.9130	12.8742	10.6921	8.8800	9.8255	10.8878	9.2105	10.6876	10.1719	11.8776	1.86	0.83	10.4622	1.56	0.64	9.9439	0.80	0.33
20.585417	12.5	-7.452778	   NA	12.0735	12.7061	9.1733	14.2675	11.5181	8.9517	9.9640	11.5773	8.9768	12.9412	10.7604	8.9482	9.8948	10.9563	9.2787	10.7559	10.2389	11.9477	1.86	0.83	10.5286	1.56	0.64	10.0121	0.80	0.33
20.710417	12.625	-7.327778	   NA	12.1414	12.7767	9.2377	14.3384	11.5881	9.0151	10.0312	11.6444	9.0409	13.0064	10.8271	9.0160	9.9638	11.0238	9.3455	10.8235	10.3062	12.0165	1.86	0.83	10.5942	1.56	0.64	10.0798	0.80	0.33
20.835417	12.75	-7.202778	   NA	12.2082	12.8472	9.3015	14.4088	11.6572	9.0792	10.0969	11.7120	9.1058	13.0712	10.8920	9.0816	10.0310	11.0899	9.4108	10.8898	10.3744	12.0846	1.87	0.83	10.6595	1.56	0.64	10.1463	0.80	0.33
20.960417	12.875	-7.077778	   NA	12.2754	12.9192	9.3661	14.4811	11.7269	9.1449	10.1609	11.7823	9.1720	13.1375	10.9571	9.1471	10.0976	11.1561	9.4776	10.9573	10.4437	12.1537	1.87	0.84	10.7258	1.56	0.64	10.2132	0.80	0.33
21.085417	13	-6.952778	   NA	12.3438	12.9948	9.4322	14.5558	11.7976	9.2132	10.2264	11.8562	9.2405	13.2056	11.0232	9.2147	10.1682	11.2269	9.5450	11.0288	10.5162	12.2248	1.87	0.84	10.7942	1.56	0.64	10.2833	0.80	0.33
21.210417	13.125	-6.827778	   NA	12.4128	13.0705	9.4984	14.6306	11.8683	9.2819	10.2930	11.9302	9.3091	13.2737	11.0893	9.2829	10.2388	11.2977	9.6125	11.1004	10.5888	12.2961	1.88	0.84	10.8629	1.56	0.64	10.3535	0.80	0.33
21.335417	13.25	-6.702778	   NA	12.4818	13.1461	9.5645	14.7054	11.9390	9.3506	10.3595	12.0041	9.3778	13.3418	11.1553	9.3512	10.3094	11.3685	9.6800	11.1720	10.6613	12.3674	1.88	0.84	10.9315	1.57	0.64	10.4237	0.80	0.33
21.460417	13.375	-6.577778	   NA	12.5507	13.2217	9.6307	14.7802	12.0097	9.4192	10.4261	12.0780	9.4465	13.4100	11.2214	9.4195	10.3800	11.4393	9.7475	11.2435	10.7339	12.4386	1.88	0.84	11.0002	1.57	0.64	10.4939	0.80	0.33
21.585417	13.5	-6.452778	   NA	12.6197	13.2974	9.6969	14.8550	12.0804	9.4879	10.4926	12.1519	9.5152	13.4781	11.2874	9.4878	10.4506	11.5101	9.8150	11.3151	10.8064	12.5099	1.89	0.84	11.0688	1.57	0.64	10.5642	0.81	0.33
21.710417	13.625	-6.327778	   NA	12.6886	13.3730	9.7630	14.9298	12.1511	9.5566	10.5591	12.2259	9.5838	13.5462	11.3535	9.5561	10.5211	11.5809	9.8825	11.3866	10.8790	12.5811	1.89	0.85	11.1375	1.57	0.64	10.6344	0.81	0.33
21.835417	13.75	-6.202778	   NA	12.7576	13.4486	9.8292	15.0046	12.2218	9.6253	10.6257	12.2998	9.6525	13.6143	11.4195	9.6244	10.5917	11.6517	9.9500	11.4582	10.9515	12.6524	1.89	0.85	11.2062	1.57	0.64	10.7046	0.81	0.33
21.960417	13.875	-6.077778	   NA	12.8265	13.5243	9.8953	15.0794	12.2925	9.6939	10.6922	12.3737	9.7212	13.6824	11.4856	9.6927	10.6623	11.7225	10.0175	11.5297	11.0241	12.7236	1.90	0.85	11.2748	1.57	0.64	10.7748	0.81	0.33
22.085417	14	-5.952778	   NA	12.8955	13.5999	9.9615	15.1542	12.3632	9.7626	10.7588	12.4476	9.7898	13.7505	11.5516	9.7610	10.7329	11.7933	10.0850	11.6013	11.0967	12.7949	1.90	0.85	11.3435	1.57	0.64	10.8450	0.81	0.33
22.210417	14.125	-5.827778	   NA	12.9645	13.6756	10.0276	15.2290	12.4339	9.8313	10.8253	12.5216	9.8585	13.8186	11.6177	9.8292	10.8035	11.8641	10.1525	11.6728	11.1692	12.8661	1.90	0.85	11.4122	1.57	0.64	10.9152	0.81	0.33
22.335417	14.25	-5.702778	   NA	13.0334	13.7512	10.0938	15.3038	12.5046	9.9000	10.8919	12.5955	9.9272	13.8867	11.6837	9.8975	10.8741	11.9349	10.2200	11.7444	11.2418	12.9374	1.91	0.85	11.4808	1.57	0.64	10.9855	0.82	0.33
22.460417	14.375	-5.577778	   NA	13.1024	13.8268	10.1599	15.3786	12.5753	9.9686	10.9584	12.6694	9.9958	13.9548	11.7498	9.9658	10.9447	12.0057	10.2875	11.8159	11.3143	13.0086	1.91	0.85	11.5495	1.57	0.64	11.0556	0.82	0.33
22.585417	14.5	-5.452778	   NA	13.1713	13.9025	10.2261	15.4533	12.6460	10.0373	11.0250	12.7433	10.0645	14.0229	11.8158	10.0341	11.0153	12.0765	10.3550	11.8875	11.3869	13.0798	1.91	0.86	11.6181	1.57	0.64	11.1259	0.82	0.33
22.710417	14.625	-5.327778	   NA	13.2403	13.9781	10.2922	15.5281	12.7167	10.1060	11.0915	12.8173	10.1332	14.0911	11.8819	10.1024	11.0859	12.1473	10.4225	11.9590	11.4594	13.1511	1.92	0.86	11.6868	1.57	0.64	11.1961	0.82	0.33
22.835417	14.75	-5.202778	   NA	13.3093	14.0537	10.3584	15.6029	12.7874	10.1747	11.1581	12.8912	10.2019	14.1592	11.9479	10.1707	11.1565	12.2181	10.4900	12.0306	11.5320	13.2223	1.92	0.86	11.7555	1.57	0.64	11.2663	0.82	0.34
22.960417	14.875	-5.077778	   NA	13.3782	14.1294	10.4246	15.6777	12.8581	10.2433	11.2246	12.9651	10.2705	14.2273	12.0140	10.2390	11.2271	12.2889	10.5575	12.1022	11.6045	13.2936	1.92	0.86	11.8241	1.57	0.64	11.3365	0.82	0.34
23.085417	15	-4.952778	   NA	13.4472	14.2050	10.4907	15.7525	12.9288	10.3120	11.2912	13.0390	10.3392	14.2954	12.0801	10.3073	11.2977	12.3597	10.6250	12.1737	11.6771	13.3648	1.93	0.86	11.8928	1.57	0.64	11.4068	0.82	0.34
23.210417	15.125	-4.827778	   NA	13.5161	14.2806	10.5569	15.8273	12.9995	10.3807	11.3577	13.1129	10.4079	14.3635	12.1461	10.3755	11.3683	12.4305	10.6925	12.2453	11.7496	13.4361	1.93	0.86	11.9615	1.58	0.64	11.4770	0.83	0.34
23.335417	15.25	-4.702778	   NA	13.5851	14.3563	10.6230	15.9021	13.0702	10.4494	11.4243	13.1869	10.4765	14.4316	12.2122	10.4438	11.4389	12.5013	10.7600	12.3168	11.8222	13.5073	1.93	0.87	12.0301	1.58	0.64	11.5472	0.83	0.34
23.460417	15.375	-4.577778	   NA	13.6540	14.4319	10.6892	15.9769	13.1409	10.5180	11.4908	13.2608	10.5452	14.4997	12.2782	10.5121	11.5095	12.5721	10.8275	12.3884	11.8948	13.5786	1.94	0.87	12.0988	1.58	0.64	11.6174	0.83	0.34
23.585417	15.5	-4.452778	   NA	13.7230	14.5075	10.7553	16.0517	13.2116	10.5867	11.5573	13.3347	10.6139	14.5678	12.3443	10.5804	11.5800	12.6429	10.8950	12.4599	11.9673	13.6498	1.94	0.87	12.1675	1.58	0.64	11.6876	0.83	0.34
23.710417	15.625	-4.327778	   NA	13.7924	14.5850	10.8215	16.1282	13.2834	10.6562	11.6259	13.4097	10.6837	14.6374	12.4119	10.6496	11.6512	12.7153	10.9627	12.5323	12.0402	13.7221	1.95	0.87	12.2375	1.58	0.64	11.7585	0.83	0.34
23.835417	15.75	-4.202778	   NA	13.8622	14.6639	10.8889	16.2056	13.3548	10.7231	11.6937	13.4857	10.7520	14.7072	12.4802	10.7193	11.7245	12.7897	11.0295	12.6064	12.1141	13.7951	1.95	0.87	12.3070	1.58	0.65	11.8306	0.84	0.34
23.960417	15.875	-4.077778	   NA	13.9326	14.7407	10.9520	16.2821	13.4259	10.7853	11.7591	13.5601	10.8153	14.7755	12.5478	10.7869	11.7970	12.8607	11.0928	12.6800	12.1873	13.8667	1.96	0.87	12.3738	1.58	0.65	11.9008	0.84	0.34
24.085417	16	-3.952778	   NA	14.0034	14.8169	11.0152	16.3588	13.4973	10.8471	11.8237	13.6342	10.8786	14.8435	12.6152	10.8539	11.8685	12.9314	11.1556	12.7539	12.2607	13.9383	1.96	0.88	12.4404	1.59	0.65	11.9707	0.84	0.34
24.210417	16.125	-3.827778	   NA	14.0739	14.8921	11.0796	16.4335	13.5675	10.9096	11.8888	13.7085	10.9420	14.9114	12.6832	10.9190	11.9396	13.0020	11.2188	12.8276	12.3341	14.0093	1.96	0.88	12.5073	1.59	0.65	12.0402	0.85	0.35
24.335417	16.25	-3.702778	   NA	14.1423	14.9655	11.1469	16.5043	13.6349	10.9747	11.9527	13.7815	11.0074	14.9786	12.7502	10.9818	12.0093	13.0712	11.2828	12.8999	12.4067	14.0788	1.97	0.88	12.5742	1.59	0.65	12.1086	0.85	0.35
24.460417	16.375	-3.577778	   NA	14.2071	15.0369	11.2118	16.5724	13.6999	11.0373	12.0140	13.8513	11.0695	15.0435	12.8146	11.0434	12.0777	13.1383	11.3456	12.9699	12.4773	14.1456	1.97	0.88	12.6384	1.59	0.65	12.1754	0.85	0.35
24.585417	16.5	-3.452778	   NA	14.2690	15.1062	11.2755	16.6399	13.7644	11.1000	12.0737	13.9186	11.1314	15.1063	12.8772	11.1054	12.1443	13.2048	11.4086	13.0375	12.5450	14.2110	1.97	0.88	12.7012	1.59	0.65	12.2409	0.85	0.35
24.710417	16.625	-3.327778	   NA	14.3303	15.1738	11.3377	16.7061	13.8276	11.1612	12.1321	13.9846	11.1930	15.1673	12.9389	11.1664	12.2093	13.2705	11.4710	13.1035	12.6101	14.2751	1.97	0.88	12.7629	1.60	0.65	12.3051	0.86	0.35
24.835417	16.75	-3.202778	   NA	14.3911	15.2407	11.3989	16.7710	13.8886	11.2208	12.1905	14.0496	11.2528	15.2258	12.9995	11.2262	12.2735	13.3370	11.5323	13.1681	12.6751	14.3381	1.97	0.88	12.8232	1.60	0.65	12.3687	0.86	0.35
24.960417	16.875	-3.077778	   NA	14.4512	15.3069	11.4603	16.8349	13.9483	11.2795	12.2486	14.1144	11.3112	15.2844	13.0586	11.2858	12.3359	13.4043	11.5938	13.2314	12.7405	14.4003	1.97	0.88	12.8828	1.60	0.65	12.4320	0.86	0.35
25.085417	17	-2.952778	   NA	14.5096	15.3715	11.5201	16.8978	14.0075	11.3373	12.3055	14.1787	11.3693	15.3441	13.1154	11.3446	12.3957	13.4686	11.6541	13.2936	12.8045	14.4613	1.98	0.88	12.9417	1.60	0.65	12.4935	0.86	0.35
25.210417	17.125	-2.827778	   NA	14.5664	15.4336	11.5779	16.9585	14.0657	11.3931	12.3605	14.2405	11.4265	15.4010	13.1706	11.4008	12.4548	13.5289	11.7116	13.3539	12.8665	14.5204	1.98	0.88	12.9987	1.60	0.65	12.5528	0.86	0.35
25.335417	17.25	-2.702778	   NA	14.6220	15.4935	11.6341	17.0168	14.1228	11.4464	12.4136	14.2996	11.4820	15.4549	13.2255	11.4554	12.5120	13.5866	11.7672	13.4124	12.9253	14.5778	1.98	0.88	13.0537	1.60	0.65	12.6098	0.87	0.35
25.460417	17.375	-2.577778	   NA	14.6778	15.5519	11.6891	17.0735	14.1796	11.5011	12.4657	14.3576	11.5361	15.5083	13.2795	11.5092	12.5679	13.6435	11.8225	13.4701	12.9825	14.6344	1.98	0.89	13.1080	1.60	0.65	12.6660	0.87	0.35
25.585417	17.5	-2.452778	   NA	14.7334	15.6096	11.7440	17.1302	14.2358	11.5556	12.5173	14.4141	11.5891	15.5610	13.3330	11.5627	12.6246	13.7005	11.8762	13.5266	13.0389	14.6906	1.98	0.89	13.1617	1.60	0.65	12.7216	0.87	0.35
25.710417	17.625	-2.327778	   NA	14.7889	15.6673	11.7976	17.1867	14.2914	11.6100	12.5690	14.4693	11.6426	15.6133	13.3872	11.6160	12.6807	13.7558	11.9291	13.5816	13.0938	14.7464	1.98	0.89	13.2152	1.60	0.65	12.7762	0.87	0.36
25.835417	17.75	-2.202778	   NA	14.8444	15.7255	11.8514	17.2427	14.3468	11.6643	12.6215	14.5241	11.6970	15.6662	13.4415	11.6684	12.7372	13.8099	11.9835	13.6374	13.1489	14.8022	1.98	0.89	13.2691	1.60	0.65	12.8309	0.87	0.36
25.960417	17.875	-2.077778	   NA	14.8999	15.7838	11.9067	17.2996	14.4020	11.7186	12.6745	14.5793	11.7514	15.7197	13.4965	11.7225	12.7950	13.8639	12.0391	13.6941	13.2056	14.8584	1.98	0.89	13.3233	1.60	0.65	12.8867	0.87	0.36
26.085417	18	-1.952778	   NA	14.9551	15.8416	11.9631	17.3577	14.4572	11.7730	12.7279	14.6349	11.8056	15.7747	13.5524	11.7768	12.8533	13.9171	12.0948	13.7494	13.2629	14.9149	1.98	0.89	13.3781	1.60	0.65	12.9424	0.87	0.36
26.210417	18.125	-1.827778	   NA	15.0097	15.8992	12.0191	17.4155	14.5120	11.8282	12.7805	14.6904	11.8592	15.8299	13.6075	11.8293	12.9108	13.9713	12.1495	13.8047	13.3204	14.9711	1.99	0.89	13.4326	1.60	0.65	12.9977	0.87	0.36
26.335417	18.25	-1.702778	   NA	15.0655	15.9567	12.0735	17.4731	14.5685	11.8834	12.8333	14.7469	11.9120	15.8843	13.6618	11.8824	12.9667	14.0268	12.2042	13.8612	13.3789	15.0275	1.99	0.89	13.4869	1.60	0.65	13.0534	0.87	0.36
26.460417	18.375	-1.577778	   NA	15.1223	16.0155	12.1293	17.5319	14.6259	11.9383	12.8884	14.8047	11.9661	15.9396	13.7180	11.9382	13.0229	14.0825	12.2607	13.9182	13.4389	15.0850	1.99	0.89	13.5425	1.60	0.65	13.1102	0.87	0.36
26.585417	18.5	-1.452778	   NA	15.1808	16.0767	12.1869	17.5922	14.6848	11.9952	12.9444	14.8641	12.0231	15.9969	13.7755	11.9954	13.0809	14.1398	12.3201	13.9763	13.5006	15.1443	1.99	0.89	13.5999	1.60	0.65	13.1689	0.87	0.36
26.710417	18.625	-1.327778	   NA	15.2412	16.1394	12.2464	17.6533	14.7444	12.0531	13.0012	14.9247	12.0806	16.0554	13.8340	12.0523	13.1411	14.1990	12.3805	14.0358	13.5631	15.2049	1.99	0.89	13.6582	1.60	0.66	13.2286	0.87	0.36
26.835417	18.75	-1.202778	   NA	15.3030	16.2015	12.3081	17.7154	14.8057	12.1132	13.0594	14.9859	12.1397	16.1147	13.8942	12.1111	13.2041	14.2582	12.4410	14.0962	13.6260	15.2667	1.99	0.89	13.7178	1.61	0.66	13.2894	0.87	0.36
26.960417	18.875	-1.077778	   NA	15.3666	16.2635	12.3699	17.7783	14.8681	12.1732	13.1199	15.0475	12.2017	16.1746	13.9545	12.1714	13.2686	14.3169	12.5021	14.1578	13.6904	15.3293	1.99	0.89	13.7786	1.60	0.66	13.3512	0.87	0.36
27.085417	19	-0.952778	   NA	15.4303	16.3252	12.4314	17.8407	14.9309	12.2331	13.1808	15.1080	12.2629	16.2346	14.0149	12.2311	13.3336	14.3760	12.5641	14.2199	13.7556	15.3917	1.99	0.89	13.8391	1.60	0.66	13.4134	0.87	0.36
27.210417	19.125	-0.827778	   NA	15.4931	16.3857	12.4915	17.9027	14.9936	12.2945	13.2394	15.1674	12.3232	16.2955	14.0760	12.2891	13.3984	14.4336	12.6254	14.2804	13.8203	15.4533	1.99	0.89	13.8993	1.60	0.66	13.4745	0.87	0.36
27.335417	19.25	-0.702778	   NA	15.5546	16.4452	12.5502	17.9648	15.0548	12.3556	13.2966	15.2262	12.3834	16.3559	14.1358	12.3465	13.4626	14.4889	12.6846	14.3398	13.8838	15.5139	1.99	0.89	13.9589	1.60	0.66	13.5344	0.87	0.36
27.460417	19.375	-0.577778	   NA	15.6143	16.5044	12.6090	18.0254	15.1151	12.4153	13.3536	15.2844	12.4424	16.4143	14.1937	12.4040	13.5269	14.5443	12.7448	14.3993	13.9462	15.5736	1.99	0.89	14.0173	1.60	0.65	13.5943	0.87	0.36
27.585417	19.5	-0.452778	   NA	15.6736	16.5636	12.6680	18.0848	15.1755	12.4751	13.4096	15.3427	12.5014	16.4721	14.2513	12.4615	13.5900	14.6004	12.8060	14.4580	14.0083	15.6331	1.99	0.89	14.0754	1.60	0.65	13.6540	0.87	0.36
27.710417	19.625	-0.327778	   NA	15.7352	16.6229	12.7267	18.1460	15.2371	12.5348	13.4673	15.4022	12.5601	16.5309	14.3098	12.5195	13.6512	14.6573	12.8663	14.5159	14.0690	15.6936	1.99	0.89	14.1342	1.60	0.65	13.7132	0.87	0.36
27.835417	19.75	-0.202778	   NA	15.7987	16.6821	12.7848	18.2091	15.3002	12.5934	13.5277	15.4626	12.6181	16.5910	14.3701	12.5791	13.7121	14.7148	12.9258	14.5738	14.1286	15.7550	1.99	0.89	14.1938	1.60	0.66	13.7724	0.87	0.36
27.960417	19.875	-0.077778	   NA	15.8625	16.7412	12.8429	18.2727	15.3637	12.6519	13.5886	15.5230	12.6762	16.6518	14.4312	12.6389	13.7730	14.7723	12.9852	14.6317	14.1882	15.8166	2.00	0.89	14.2538	1.61	0.66	13.8316	0.87	0.36
28.038194	19.952778	0	   NA	0.0000	0.0000	0.0000	0.0000	0.0000	0.0000	0.0000	0.0000	0.0000	0.0000	0.0000	0.0000	0.0000	0.0000	0.0000	0.0000	0.0000	0.0000	0.00	0.00	0.0000	0.00	0.00	0.0000	0.00	0.00
28.163194	20.077778	0.125	   NA	25.0329	7.3958	17.7287	9.0594	22.7811	24.1966	24.4564	28.2496	18.3295	15.2124	18.8891	4.6796	17.5626	23.4480	27.1303	28.5769	21.0808	16.3996	7.94	3.55	21.5556	4.86	1.98	20.4130	8.68	3.55
28.288194	20.202778	0.25	   NA	55.2778	14.8312	43.5647	18.6497	48.9062	57.4389	54.7817	56.4991	44.5544	31.6786	40.4366	9.3593	35.1251	46.8961	63.7683	57.1539	42.1617	36.2459	18.33	8.20	47.5649	10.41	4.25	42.4107	19.18	7.83
28.413194	20.327778	0.375	   NA	97.0430	29.3681	70.8417	34.8591	85.9641	95.3481	96.1676	105.2924	72.8441	58.3241	73.9971	14.0389	62.8557	86.2015	105.8921	105.3528	75.7241	63.6152	30.29	13.54	83.6622	17.96	7.33	75.0109	34.25	13.98
28.538194	20.452778	0.5	   NA	130.5730	42.7625	93.6349	48.3207	114.1223	127.1602	130.3322	145.7739	96.9841	80.8915	102.9819	18.7186	87.7543	118.5514	139.1196	147.7125	105.4934	85.8827	39.13	17.50	114.0206	24.32	9.93	102.8916	46.66	19.05
28.663194	20.577778	0.625	   NA	157.3735	52.7678	111.9617	59.6406	136.3493	153.2401	156.3515	178.7080	118.1759	100.3467	126.4562	23.3983	104.8895	141.9299	165.3248	179.8107	127.2000	103.6186	46.23	20.68	138.8797	28.86	11.78	123.7589	55.93	22.83
28.788194	20.702778	0.75	   NA	177.1864	59.1767	124.4486	68.9553	152.6095	171.8417	174.4182	199.9180	133.9220	114.7846	143.4441	28.0779	115.7102	157.4419	184.4878	201.8342	140.0136	116.4753	51.47	23.02	156.3881	31.18	12.73	137.9276	61.96	25.30
28.913194	20.827778	0.875	   NA	192.3501	64.3727	134.4785	76.4882	165.0671	186.7332	192.4849	213.7501	146.7096	124.9812	156.4390	32.7576	125.1941	168.7126	200.1529	216.6009	151.0546	126.5513	55.34	24.75	170.1830	33.02	13.48	149.0788	65.82	26.87
29.038194	20.952778	1	   NA	205.8614	69.4958	142.6402	83.6637	176.7505	199.6381	206.7161	227.1640	156.7237	134.5916	168.3796	39.7130	134.6780	179.4109	213.9522	230.2029	162.0707	135.6823	58.62	26.22	182.2022	34.74	14.18	160.0046	68.31	27.89
29.163194	21.077778	1.125	   NA	216.8158	74.2322	149.9811	89.6897	186.7437	210.8614	216.6229	239.3558	165.5038	142.6419	178.0084	47.9109	142.3188	188.2799	225.6634	239.9815	168.6094	143.4925	61.20	27.37	192.1657	36.16	14.76	168.7940	69.28	28.28
29.288194	21.202778	1.25	   NA	226.3979	78.4793	156.6550	95.0464	195.4861	221.0804	225.5613	250.4925	173.5037	149.9278	186.2634	55.4488	149.2015	196.4183	235.8510	248.3522	174.3645	150.4129	63.41	28.36	201.1382	37.52	15.32	176.6061	69.98	28.57
29.413194	21.327778	1.375	   NA	234.8290	82.3507	162.6637	99.8612	203.2974	230.3245	233.7798	260.5582	180.6415	156.4565	193.4733	62.4079	155.6380	204.0431	244.8468	255.6880	179.5058	156.6004	65.33	29.21	209.2056	38.81	15.85	183.6883	70.50	28.78
29.538194	21.452778	1.5	   NA	242.2756	85.9716	168.1881	104.3075	210.5172	238.7344	241.3124	269.7234	187.2028	162.3229	200.0482	68.8044	161.4588	211.1216	252.8995	262.2164	184.0875	162.2520	66.98	29.95	216.5573	40.02	16.34	190.0980	70.93	28.96
29.663194	21.577778	1.625	   NA	248.9326	89.4206	173.3464	108.6629	217.3421	246.5101	248.1624	278.1096	193.3832	167.5737	206.0662	74.6732	166.7482	217.6099	260.3464	268.1346	188.2276	167.5409	68.39	30.58	223.3009	41.13	16.79	195.9566	71.34	29.12
29.788194	21.702778	1.75	   NA	254.9540	92.7077	178.1298	112.7266	223.7943	253.7010	254.4042	285.7075	199.1185	172.4272	211.6703	80.0398	171.7028	223.4843	267.3296	273.5481	192.0885	172.4625	69.64	31.15	229.5048	42.10	17.19	201.3655	71.74	29.29
29.913194	21.827778	1.875	   NA	260.6636	95.8770	182.6703	116.6594	230.0303	260.4613	260.3559	292.6161	204.4232	177.0731	217.0964	85.1949	176.4614	229.1246	274.1148	278.5345	195.6574	177.1801	70.83	31.67	235.3377	42.94	17.53	206.5146	72.12	29.44
30.038194	21.952778	2	   NA	265.9154	98.9960	187.0179	120.4682	236.0255	267.0670	265.8083	299.2482	209.3727	181.4374	222.2076	89.8608	181.1224	234.6709	280.4673	283.3637	199.1464	181.6846	71.87	32.14	240.8569	43.79	17.88	211.4386	72.57	29.63
30.163194	22.077778	2.125	   NA	270.8014	102.0893	191.1769	124.1572	241.8640	273.3977	270.9994	305.6586	213.9811	185.5447	226.9594	94.2924	185.5734	240.1574	286.5477	287.9751	202.4938	186.0178	72.81	32.56	246.0901	44.67	18.24	216.1733	73.02	29.81
30.288194	22.202778	2.25	   NA	275.4487	105.2038	195.2632	127.7814	247.6594	279.4366	275.9413	311.9469	218.2945	189.4847	231.4941	98.5599	189.9356	245.7415	292.4577	292.4996	205.7725	190.2713	73.68	32.95	251.0997	45.56	18.60	220.8278	73.51	30.01
30.413194	22.327778	2.375	   NA	279.9514	108.3754	199.2973	131.3619	253.4673	285.3729	280.6214	318.1559	222.4701	193.3176	235.8154	102.7056	194.3373	251.4965	298.2764	297.0292	209.0513	194.4907	74.51	33.32	255.9589	46.46	18.97	225.4827	74.04	30.23
30.538194	22.452778	2.5	   NA	284.3962	111.6379	203.3006	134.9044	259.2880	291.1097	285.2359	324.4534	226.5934	196.9862	239.8976	106.8386	198.7702	257.5204	304.0991	301.6605	212.3910	198.7054	75.31	33.68	260.7127	47.43	19.36	230.2133	74.62	30.46
30.663194	22.577778	2.625	   NA	288.8264	114.9978	207.2787	138.4139	265.1265	296.8808	289.7781	330.8291	230.5522	200.5527	243.9167	110.9400	203.3237	263.5926	309.9278	306.4645	215.7925	202.9287	76.09	34.03	265.4183	48.47	19.79	235.0069	75.24	30.71
30.788194	22.702778	2.75	   NA	293.2273	118.4178	211.1797	141.9021	270.9588	302.7324	294.0805	337.2504	234.3465	204.1396	247.9036	114.9586	207.9734	269.4406	315.7706	311.4952	219.2069	207.1371	76.86	34.37	270.0755	49.54	20.22	239.8075	75.91	30.99
30.913194	22.827778	2.875	   NA	297.5942	121.8489	214.9310	145.3614	276.7030	308.4655	298.1401	343.7873	238.1239	207.5967	251.9044	118.9771	212.5645	275.1750	321.6347	316.6513	222.6018	211.2877	77.60	34.70	274.6696	50.64	20.67	244.6007	76.62	31.28
31.038194	22.952778	3	   NA	301.9467	125.2836	218.6890	148.7906	282.3473	313.8902	302.1383	350.3464	241.8813	210.9558	255.9201	123.0161	217.1259	280.8275	327.5565	321.8499	225.9477	215.4114	78.33	35.03	279.1887	51.74	21.12	249.3873	77.34	31.58
31.163194	23.077778	3.125	   NA	306.2082	128.7128	222.5097	152.1966	287.8657	318.8681	306.0870	356.7233	245.5207	214.2631	259.8398	127.0806	221.5835	286.2404	333.4605	327.0637	229.1403	219.4986	79.01	35.34	283.5503	52.76	21.54	254.0948	78.06	31.87
31.288194	23.202778	3.25	   NA	310.2725	132.0790	226.1988	155.5691	293.2191	323.4123	309.9274	362.7845	249.0455	217.3697	263.5535	131.0404	225.8727	291.3911	339.1891	332.1212	232.1706	223.4677	79.64	35.62	287.6821	53.72	21.93	258.6309	78.76	32.15
31.413194	23.327778	3.375	   NA	314.0818	135.3357	229.7425	158.8718	298.3627	327.9398	313.5950	368.4223	252.5648	220.2435	267.1114	134.7827	229.9255	296.3407	344.7690	336.9330	235.0498	227.2789	80.20	35.87	291.6461	54.63	22.30	262.9668	79.47	32.44
31.538194	23.452778	3.5	   NA	317.6350	138.4688	233.0990	162.0757	303.2827	332.0373	317.0378	373.6124	255.9841	222.9948	270.5714	138.3224	233.8062	301.0384	350.1879	341.4330	237.7681	230.9122	80.70	36.09	295.3730	55.39	22.61	267.0927	80.17	32.73
31.663194	23.577778	3.625	   NA	320.9523	141.4820	236.2464	165.1899	307.9858	335.6511	320.2459	378.4782	259.1621	225.5912	273.7846	141.7592	237.4011	305.4908	355.3018	345.6060	240.3162	234.3713	81.14	36.29	298.8188	56.08	22.89	270.9792	80.79	32.98
31.788194	23.702778	3.75	   NA	323.5449	144.3471	239.1722	168.0866	312.0686	338.8176	322.8576	382.7236	262.0975	227.8038	276.4480	145.0430	240.5930	309.6578	360.4139	349.4221	242.5973	237.4439	81.34	36.37	301.7914	56.67	23.13	274.6212	81.43	33.25
31.913194	23.827778	3.875	   NA	325.9734	147.1299	241.7022	170.8617	315.9519	341.3082	325.3619	386.4862	264.7172	229.8398	278.9206	147.8055	243.3805	313.5666	365.1939	352.9813	244.5831	240.3238	81.50	36.45	304.4390	57.14	23.33	277.9185	82.17	33.54
32.038194	23.952778	4	   NA	328.4019	149.9127	244.2321	173.6369	319.8353	343.7988	327.8663	390.2488	267.3370	231.8758	281.3931	150.5152	246.1680	317.4755	369.9740	356.5404	246.5689	243.2038	81.66	36.52	307.0866	57.61	23.52	281.2070	82.92	33.85
32.163194	24.077778	4.125	   NA	330.8304	152.6429	246.7621	176.4120	323.7186	346.2894	330.3706	394.0113	269.9568	233.9118	283.8657	153.2249	248.9554	321.3844	374.6022	360.0052	248.5548	246.0732	81.85	36.60	309.7343	58.08	23.71	284.4545	83.63	34.14
32.288194	24.202778	4.25	   NA	333.2589	155.1722	249.2920	179.1871	327.6020	348.7800	332.8749	397.7739	272.5766	235.9478	286.3382	155.9346	251.7429	325.2932	378.6872	362.8850	250.5406	248.9024	82.09	36.71	312.3819	58.55	23.90	287.5139	84.12	34.34
32.413194	24.327778	4.375	   NA	335.6874	157.5399	251.8220	181.9623	331.4853	351.2706	335.3793	401.5365	275.1964	237.9838	288.8107	158.6443	254.5303	329.0618	382.5993	365.7649	252.5265	251.6994	82.38	36.84	315.0295	59.03	24.10	290.5212	84.56	34.52
32.538194	24.452778	4.5	   NA	338.1159	159.9076	254.3519	184.7374	335.3687	353.7612	337.8836	405.2991	277.4476	240.0198	291.2833	161.3540	257.3178	332.1564	386.5114	368.6448	254.5123	254.4963	82.68	36.98	317.6158	59.55	24.31	293.4161	84.95	34.68
32.663194	24.577778	4.625	   NA	340.5444	162.2754	256.4177	187.5126	339.2520	356.2518	340.3880	409.0617	279.6280	241.9081	293.7558	164.0637	260.1053	335.2509	390.4235	371.5247	256.4982	257.2004	82.99	37.11	320.1656	60.13	24.55	296.3111	85.34	34.84
32.788194	24.702778	4.75	   NA	342.9729	164.6431	258.4156	190.2877	343.1354	358.7424	342.8923	412.6111	281.8085	243.5470	296.2284	166.7734	262.8927	338.3455	394.3356	374.4045	258.4840	259.8909	83.29	37.25	322.6383	60.71	24.78	299.2060	85.73	35.00
32.913194	24.827778	4.875	   NA	345.4014	167.0108	260.4134	193.0629	347.0187	361.2330	345.3966	415.4814	283.9889	245.1860	298.7009	169.4832	265.6802	341.4400	398.2477	377.2844	260.4699	262.5814	83.61	37.39	324.9978	61.09	24.94	302.1009	86.13	35.16
33.038194	24.952778	5	   NA	347.8299	169.3785	262.4112	195.8380	350.9020	363.7236	347.9010	418.3397	286.1694	246.8250	301.1735	172.1929	268.4464	344.4793	402.1598	380.1086	262.4285	265.2719	83.92	37.53	327.3554	61.47	25.09	304.9692	86.52	35.32
33.163194	25.077778	5.125	   NA	349.8451	171.6942	264.2447	198.5051	354.4474	365.7141	350.0436	421.1469	288.1558	248.4321	303.4345	174.5399	270.6814	347.2264	405.5798	382.5766	264.0346	267.7473	84.10	37.61	329.4878	61.80	25.23	307.4398	86.90	35.48
33.288194	25.202778	5.25	   NA	351.4762	173.8636	265.9874	200.9377	357.5694	367.4544	351.8689	423.8874	290.0011	249.9682	305.4005	176.5923	272.7825	349.8305	408.7289	384.9635	265.5927	269.9669	84.16	37.64	331.4301	62.12	25.36	309.7484	87.30	35.64
33.413194	25.327778	5.375	   NA	353.0571	176.0022	267.6613	203.3033	360.6064	369.1023	353.6276	426.5285	291.7838	251.4507	307.2949	178.5843	274.7909	352.3550	411.7595	387.2656	267.1051	272.1261	84.22	37.67	333.2980	62.43	25.49	311.9767	87.69	35.80
33.538194	25.452778	5.5	   NA	354.5888	178.0923	269.2590	205.6113	363.5799	370.6435	355.3356	429.0806	293.5073	252.8744	309.1179	180.5444	276.7498	354.8415	414.6461	389.4733	268.5760	274.2263	84.29	37.69	335.0932	62.72	25.61	314.1385	88.04	35.94
33.663194	25.577778	5.625	   NA	356.0632	180.1198	270.7816	207.8684	366.5013	372.0747	356.9678	431.5359	295.1481	254.2520	310.8973	182.4114	278.5978	357.2156	417.3852	391.5729	270.0084	276.2669	84.35	37.72	336.8126	63.00	25.72	316.1986	88.37	36.08
33.788194	25.702778	5.75	   NA	357.4830	182.0989	272.2368	210.0754	369.3667	373.4547	358.5122	433.9060	296.7257	255.5837	312.6252	184.1832	280.3599	359.5110	420.0184	393.5881	271.3990	278.2522	84.42	37.76	338.4679	63.27	25.83	318.1766	88.70	36.21
33.913194	25.827778	5.875	   NA	358.8622	184.0359	273.6283	212.2394	372.1805	374.8246	359.9927	436.1863	298.2501	256.8695	314.2959	185.9103	282.1097	361.7464	422.5594	395.5339	272.7591	280.1893	84.49	37.79	340.0698	63.53	25.93	320.1031	89.01	36.34
34.038194	25.952778	6	   NA	360.2024	185.9284	274.9611	214.3627	374.9567	376.1689	361.4162	438.3823	299.7369	258.1154	315.9142	187.5841	283.8194	363.9096	424.9954	397.4073	274.1048	282.0823	84.57	37.82	341.6223	63.78	26.04	321.9701	89.30	36.46
34.163194	26.077778	6.125	   NA	361.4996	187.7845	276.2383	216.4412	377.6898	377.4315	362.7922	440.4824	301.1450	259.3137	317.4791	189.1810	285.4258	365.9842	427.3243	399.2259	275.4246	283.9307	84.65	37.86	343.1073	64.01	26.13	323.7610	89.58	36.57
34.288194	26.202778	6.25	   NA	362.7546	189.6156	277.4599	218.4748	380.3608	378.6369	364.1314	442.4677	302.4751	260.4647	319.0068	190.7333	286.9081	367.9465	429.5561	400.9968	276.7127	285.7331	84.73	37.89	344.5304	64.23	26.22	325.4756	89.85	36.68
34.413194	26.327778	6.375	   NA	363.9677	191.4272	278.6332	220.4565	382.9648	379.7917	365.4256	444.3505	303.7641	261.5821	320.5105	192.2539	288.3049	369.7698	431.6910	402.7095	277.9590	287.4899	84.80	37.92	345.9041	64.42	26.30	327.1147	90.09	36.78
34.538194	26.452778	6.5	   NA	365.1434	193.2025	279.7591	222.3876	385.5077	380.8649	366.6574	446.1897	304.9885	262.6920	321.9936	193.7050	289.6526	371.4975	433.7108	404.3621	279.1829	289.2001	84.87	37.95	347.2310	64.61	26.38	328.6852	90.31	36.87
34.663194	26.577778	6.625	   NA	366.2853	194.9276	280.8325	224.2776	387.9792	381.8633	367.8164	447.9787	306.1261	263.7714	323.4249	195.0617	290.9601	373.1919	435.6051	405.9607	280.3946	290.8604	84.94	37.99	348.4968	64.79	26.45	330.1957	90.53	36.96
34.788194	26.702778	6.75	   NA	367.3775	196.5979	281.8163	226.1201	390.3691	382.8000	368.9119	449.6606	307.1597	264.7935	324.7860	196.3374	292.2511	374.8458	437.3665	407.5052	281.5732	292.4562	85.00	38.01	349.6853	64.96	26.52	331.6465	90.74	37.04
34.913194	26.827778	6.875	   NA	368.4330	198.2155	282.7659	227.9226	392.7119	383.7136	369.9781	451.2527	308.1654	265.7832	326.1109	197.5751	293.4884	376.4272	439.0646	408.9910	282.7070	294.0098	85.08	38.05	350.8340	65.11	26.58	333.0422	90.93	37.12
35.038194	26.952778	7	   NA	369.4392	199.7988	283.6939	229.6613	395.0014	384.5987	371.0097	452.7728	309.1592	266.7385	327.3924	198.7668	294.6906	377.9104	440.6885	410.4357	283.8059	295.5189	85.15	38.08	351.9452	65.25	26.64	334.3830	91.11	37.20
35.163194	27.077778	7.125	   NA	370.4161	201.3783	284.6081	231.3547	397.2669	385.4437	371.9911	454.1994	310.1269	267.6553	328.6174	199.9176	295.8623	379.2690	442.2403	411.8376	284.8609	297.0048	85.22	38.11	353.0056	65.38	26.69	335.6646	91.27	37.26
35.288194	27.202778	7.25	   NA	371.3529	202.9407	285.4847	233.0181	399.4940	386.2418	372.9239	455.5427	311.0425	268.5445	329.8168	200.9922	296.9988	380.5383	443.6911	413.1890	285.8830	298.4581	85.29	38.14	354.0187	65.48	26.73	336.8821	91.43	37.32
35.413194	27.327778	7.375	   NA	372.2557	204.4845	286.3184	234.6506	401.6673	387.0059	373.8113	456.8731	311.9254	269.4264	331.0092	201.9920	298.0695	381.7401	445.0466	414.4762	286.8719	299.8753	85.35	38.17	355.0086	65.59	26.78	338.0327	91.57	37.38
35.538194	27.452778	7.5	   NA	373.1317	206.0038	287.1075	236.2477	403.7735	387.7396	374.6442	458.1582	312.7774	270.2699	332.1403	202.9536	299.0666	382.8844	446.3206	415.7015	287.8231	301.2528	85.40	38.19	355.9549	65.69	26.82	339.1250	91.70	37.44
35.663194	27.577778	7.625	   NA	373.9733	207.4829	287.8595	237.8118	405.8019	388.4419	375.4316	459.3780	313.5898	271.0858	333.2338	203.8601	300.0110	383.9789	447.5236	416.8723	288.7425	302.5859	85.45	38.21	356.8601	65.79	26.86	340.1647	91.83	37.49
35.788194	27.702778	7.75	   NA	374.7753	208.9170	288.5819	239.3383	407.7468	389.1193	376.1918	460.5119	314.3572	271.8841	334.2989	204.7106	300.9138	385.0006	448.6733	417.9908	289.6290	303.8719	85.49	38.23	357.7272	65.86	26.89	341.1530	91.95	37.54
35.913194	27.827778	7.875	   NA	375.5436	210.2990	289.2759	240.8284	409.6217	389.7710	376.9217	461.5978	315.0741	272.6558	335.3307	205.5238	301.7783	385.9611	449.7664	419.0547	290.4837	305.1137	85.52	38.25	358.5585	65.94	26.92	342.0947	92.07	37.59
36.038194	27.952778	8	   NA	376.2778	211.6431	289.9392	242.2894	411.4432	390.3833	377.6127	462.6425	315.7456	273.4050	336.3398	206.3101	302.5962	386.8750	450.7806	420.0692	291.3067	306.3185	85.55	38.26	359.3548	66.00	26.95	342.9896	92.16	37.63
36.163194	28.077778	8.125	   NA	376.9741	212.9492	290.5724	243.7244	413.2290	390.9633	378.2710	463.6285	316.3892	274.1126	337.2978	207.0645	303.3733	387.7290	451.7166	421.0354	292.0891	307.4898	85.58	38.27	360.1104	66.07	26.97	343.8347	92.25	37.66
36.288194	28.202778	8.25	   NA	377.6389	214.2504	291.1794	245.1367	414.9735	391.5114	378.8933	464.5964	317.0029	274.8079	338.2393	207.7718	304.1201	388.5480	452.5879	421.9520	292.8410	308.6358	85.61	38.28	360.8419	66.13	27.00	344.6368	92.32	37.69
36.413194	28.327778	8.375	   NA	378.2653	215.5022	291.7624	246.5201	416.6415	392.0299	379.4768	465.5477	317.5881	275.5007	339.1734	208.4293	304.8329	389.3384	453.3947	422.8278	293.5738	309.7383	85.62	38.29	361.5528	66.19	27.02	345.3995	92.39	37.72
36.538194	28.452778	8.5	   NA	378.8459	216.7087	292.3226	247.8595	418.2078	392.5252	380.0330	466.4615	318.1486	276.1663	340.0632	209.0405	305.5103	390.0927	454.1363	423.6655	294.2810	310.7889	85.62	38.29	362.2330	66.24	27.04	346.1210	92.46	37.75
36.663194	28.577778	8.625	   NA	379.3926	217.8769	292.8594	249.1466	419.7049	392.9940	380.5692	467.3492	318.6757	276.8095	340.9191	209.6187	306.1614	390.8222	454.8156	424.4670	294.9560	311.7961	85.61	38.29	362.8861	66.30	27.07	346.8068	92.52	37.77
36.788194	28.702778	8.75	   NA	379.9112	219.0122	293.3732	250.3854	421.1492	393.4396	381.0792	468.1975	319.1735	277.4260	341.7556	210.1787	306.7932	391.5233	455.4390	425.2258	295.6039	312.7662	85.60	38.28	363.5119	66.35	27.09	347.4606	92.56	37.79
36.913194	28.827778	8.875	   NA	380.4031	220.1218	293.9036	251.5977	422.5449	393.8755	381.5690	468.9959	319.6671	278.0230	342.5714	210.7230	307.3905	392.1821	456.0316	425.9467	296.2273	313.7142	85.59	38.28	364.1170	66.40	27.11	348.0835	92.60	37.80
37.038194	28.952778	9	   NA	380.8809	221.2282	294.4581	252.8301	423.9120	394.3195	382.0464	469.7861	320.1667	278.6153	343.3635	211.2557	307.9719	392.8306	456.6153	426.6583	296.8426	314.6619	85.56	38.26	364.7163	66.44	27.12	348.6957	92.64	37.82
37.163194	29.077778	9.125	   NA	381.3324	222.2983	294.9611	254.0577	425.2192	394.7448	382.5075	470.5467	320.6363	279.1860	344.1180	211.7586	308.5334	393.4445	457.1552	427.3496	297.4402	315.5737	85.52	38.25	365.2899	66.48	27.14	349.2803	92.67	37.83
37.288194	29.202778	9.25	   NA	381.7498	223.3195	295.4061	255.2372	426.4441	395.1362	382.9280	471.2824	321.0656	279.7428	344.8409	212.2140	309.0685	394.0315	457.6344	428.0039	298.0159	316.4313	85.48	38.23	365.8327	66.52	27.16	349.8280	92.70	37.85
37.413194	29.327778	9.375	   NA	382.1460	224.2909	295.8317	256.3737	427.5825	395.5102	383.3161	471.9902	321.4738	280.2778	345.5345	212.6444	309.5803	394.5933	458.0777	428.6170	298.5682	317.2450	85.43	38.20	366.3504	66.56	27.17	350.3468	92.73	37.86
37.538194	29.452778	9.5	   NA	382.5234	225.2159	296.2371	257.4582	428.6197	395.8648	383.6874	472.6626	321.8613	280.7813	346.2001	213.0552	310.0742	395.1258	458.4903	429.1969	299.0955	318.0109	85.36	38.18	366.8429	66.60	27.19	350.8397	92.75	37.87
37.663194	29.577778	9.625	   NA	382.8830	226.1107	296.6235	258.4891	429.5641	396.2026	384.0391	473.3206	322.2341	281.2748	346.8511	213.4400	310.5434	395.6421	458.8755	429.7519	299.5975	318.7341	85.29	38.14	367.3204	66.64	27.21	351.3084	92.77	37.87
37.788194	29.702778	9.75	   NA	383.2281	226.9817	296.9969	259.4779	430.4375	396.5309	384.3709	473.9766	322.5972	281.7580	347.4818	213.8029	310.9897	396.1512	459.2396	430.2864	300.0779	319.4244	85.20	38.10	367.7859	66.68	27.22	351.7579	92.79	37.88
37.913194	29.827778	9.875	   NA	383.5609	227.8339	297.3589	260.4458	431.3060	396.8478	384.6928	474.6099	322.9446	282.2253	348.0896	214.1555	311.4260	396.6450	459.5884	430.8037	300.5454	320.1011	85.12	38.07	368.2350	66.72	27.24	352.1940	92.82	37.89
38.038194	29.952778	10	   NA	383.8802	228.6710	297.7060	261.4000	432.1083	397.1562	385.0084	475.2122	323.2810	282.6747	348.6746	214.5007	311.8481	397.1175	459.9229	431.3045	301.0042	320.7531	85.03	38.03	368.6679	66.76	27.25	352.6163	92.83	37.90
38.163194	30.077778	10.125	   NA	384.1870	229.4932	298.0443	262.3405	432.8722	397.4560	385.3076	475.8105	323.6124	283.1136	349.2403	214.8306	312.2517	397.5776	460.2443	431.7864	301.4532	321.3874	84.92	37.98	369.0901	66.80	27.27	353.0240	92.85	37.91
38.288194	30.202778	10.25	   NA	384.4837	230.2899	298.3768	263.2697	433.6079	397.7423	385.5979	476.4033	323.9348	283.5389	349.7912	215.1445	312.6440	398.0345	460.5547	432.2504	301.8899	322.0056	84.82	37.93	369.5014	66.84	27.29	353.4197	92.87	37.91
38.413194	30.327778	10.375	   NA	384.7711	231.0632	298.6986	264.1752	434.3029	398.0199	385.8831	476.9757	324.2477	283.9461	350.3216	215.4485	313.0319	398.4817	460.8535	432.7008	302.3144	322.6022	84.71	37.89	369.8990	66.88	27.31	353.8051	92.88	37.92
38.538194	30.452778	10.5	   NA	385.0489	231.8145	299.0115	265.0388	434.9428	398.2916	386.1588	477.5332	324.5499	284.3489	350.8416	215.7501	313.4148	398.9143	461.1407	433.1344	302.7259	323.1713	84.60	37.84	370.2873	66.92	27.32	354.1800	92.90	37.92
38.663194	30.577778	10.625	   NA	385.3144	232.5356	299.3167	265.8678	435.5332	398.5548	386.4236	478.0859	324.8416	284.7472	351.3523	216.0371	313.7887	399.3418	461.4201	433.5632	303.1242	323.7135	84.49	37.78	370.6676	66.96	27.34	354.5458	92.91	37.93
38.788194	30.702778	10.75	   NA	385.5596	233.2410	299.6089	266.6750	436.0754	398.8078	386.6701	478.6249	325.1209	285.1205	351.8211	216.3030	314.1489	399.7607	461.6877	433.9749	303.5094	324.2320	84.36	37.73	371.0276	67.01	27.36	354.8974	92.93	37.94
38.913194	30.827778	10.875	   NA	385.7923	233.9357	299.8823	267.4703	436.5846	399.0509	386.8991	479.1545	325.3866	285.4826	352.2713	216.5601	314.5035	400.1743	461.9333	434.3780	303.8893	324.7330	84.23	37.67	371.3742	67.05	27.37	355.2398	92.94	37.94
39.038194	30.952778	11	   NA	386.0128	234.6016	300.1431	268.2410	437.0518	399.2844	387.1133	479.6578	325.6401	285.8242	352.6943	216.8003	314.8361	400.5707	462.1661	434.7590	304.2458	325.2101	84.10	37.61	371.7024	67.10	27.39	355.5630	92.96	37.95
39.163194	31.077778	11.125	   NA	386.2316	235.2361	300.4040	268.9866	437.4918	399.5153	387.3287	480.1537	325.8934	286.1662	353.1172	217.0282	315.1622	400.9608	462.3937	435.1294	304.5934	325.6700	83.97	37.55	372.0291	67.14	27.41	355.8779	92.98	37.96
39.288194	31.202778	11.25	   NA	386.4529	235.8551	300.6705	269.7144	437.9285	399.7540	387.5514	480.6425	326.1573	286.5119	353.5405	217.2659	315.4769	401.3439	462.6274	435.4909	304.9324	326.1243	83.84	37.50	372.3596	67.18	27.43	356.1896	93.00	37.97
39.413194	31.327778	11.375	   NA	386.6678	236.4614	300.9313	270.4265	438.3405	399.9880	387.7667	481.1168	326.4156	286.8462	353.9477	217.4975	315.7830	401.7183	462.8563	435.8454	305.2654	326.5655	83.72	37.44	372.6802	67.22	27.44	356.4943	93.01	37.97
39.538194	31.452778	11.5	   NA	386.8793	237.0535	301.1873	271.1197	438.7186	400.2169	387.9790	481.5835	326.6669	287.1722	354.3440	217.7238	316.0856	402.0833	463.0795	436.1933	305.5910	326.9917	83.59	37.38	372.9937	67.26	27.46	356.7928	93.03	37.98
39.663194	31.577778	11.625	   NA	387.0850	237.6338	301.4392	271.7856	439.0650	400.4404	388.1821	482.0400	326.9124	287.4881	354.7260	217.9392	316.3822	402.4368	463.2979	436.5364	305.9114	327.4017	83.45	37.32	373.2982	67.29	27.47	357.0840	93.05	37.99
39.788194	31.702778	11.75	   NA	387.2834	238.2041	301.6866	272.4146	439.3854	400.6576	388.3786	482.4911	327.1502	287.7929	355.0899	218.1474	316.6678	402.7862	463.5134	436.8741	306.2249	327.7948	83.32	37.26	373.5934	67.34	27.49	357.3690	93.06	37.99
39.913194	31.827778	11.875	   NA	387.4781	238.7671	301.9288	273.0203	439.6811	400.8680	388.5730	482.9364	327.3818	288.0833	355.4359	218.3518	316.9452	403.1332	463.7245	437.2063	306.5266	328.1751	83.18	37.20	373.8797	67.38	27.51	357.6479	93.09	38.00
40.038194	31.952778	12	   NA	387.6681	239.3198	302.1655	273.6233	439.9624	401.0727	388.7626	483.3684	327.6118	288.3572	355.7601	218.5464	317.2215	403.4747	463.9302	437.5327	306.8238	328.5478	83.04	37.14	374.1555	67.43	27.53	357.9216	93.11	38.01
40.163194	32.077778	12.125	   NA	387.8561	239.8581	302.3978	274.2192	440.2328	401.2756	388.9494	483.7915	327.8413	288.6252	356.0734	218.7394	317.4990	403.8100	464.1321	437.8552	307.1222	328.9128	82.90	37.08	374.4261	67.47	27.54	358.1930	93.13	38.02
40.288194	32.202778	12.25	   NA	388.0406	240.3877	302.6268	274.8013	440.4914	401.4771	389.1303	484.2121	328.0679	288.8873	356.3760	218.9315	317.7715	404.1403	464.3302	438.1740	307.4135	329.2696	82.77	37.01	374.6918	67.52	27.56	358.4602	93.14	38.03
40.413194	32.327778	12.375	   NA	388.2204	240.9091	302.8524	275.3628	440.7355	401.6775	389.3074	484.6363	328.2898	289.1459	356.6664	219.1210	318.0365	404.4708	464.5245	438.4861	307.6994	329.6160	82.63	36.95	374.9539	67.57	27.58	358.7231	93.16	38.03
40.538194	32.452778	12.5	   NA	388.3960	241.4218	303.0733	275.8932	440.9663	401.8775	389.4833	485.0512	328.5076	289.3997	356.9487	219.3095	318.2934	404.7952	464.7172	438.7911	307.9854	329.9501	82.50	36.89	375.2113	67.61	27.60	358.9820	93.18	38.04
40.663194	32.577778	12.625	   NA	388.5677	241.9287	303.2883	276.3989	441.1864	402.0726	389.6556	485.4555	328.7219	289.6452	357.2187	219.4933	318.5432	405.1140	464.9069	439.0909	308.2648	330.2740	82.36	36.83	375.4616	67.66	27.62	359.2355	93.20	38.05
40.788194	32.702778	12.75	   NA	388.7406	242.4270	303.4976	276.8845	441.3932	402.2599	389.8220	485.8564	328.9273	289.8837	357.4783	219.6713	318.7880	405.4298	465.0920	439.3867	308.5337	330.5886	82.23	36.78	375.7046	67.71	27.64	359.4836	93.22	38.06
40.913194	32.827778	12.875	   NA	388.9113	242.9096	303.7028	277.3532	441.5899	402.4420	389.9858	486.2524	329.1289	290.1104	357.7280	219.8442	319.0287	405.7404	465.2725	439.6768	308.7939	330.8934	82.11	36.72	375.9412	67.76	27.66	359.7261	93.24	38.06
41.038194	32.952778	13	   NA	389.0760	243.3767	303.9059	277.8151	441.7806	402.6248	390.1500	486.6439	329.3291	290.3313	357.9691	220.0161	319.2686	406.0469	465.4505	439.9603	309.0486	331.1909	81.98	36.66	376.1747	67.81	27.68	359.9652	93.26	38.07
41.163194	33.077778	13.125	   NA	389.2372	243.8363	304.1072	278.2638	441.9642	402.8059	390.3082	487.0232	329.5269	290.5474	358.1968	220.1856	319.5064	406.3448	465.6249	440.2396	309.3002	331.4817	81.86	36.61	376.4014	67.86	27.71	360.2002	93.27	38.08
41.288194	33.202778	13.25	   NA	389.3960	244.2879	304.3054	278.6963	442.1411	402.9845	390.4630	487.3928	329.7226	290.7576	358.4141	220.3529	319.7382	406.6367	465.7957	440.5158	309.5485	331.7653	81.74	36.56	376.6224	67.91	27.73	360.4313	93.29	38.09
41.413194	33.327778	13.375	   NA	389.5550	244.7282	304.4997	279.1171	442.3124	403.1606	390.6205	487.7557	329.9154	290.9628	358.6262	220.5203	319.9639	406.9250	465.9645	440.7864	309.7941	332.0425	81.63	36.50	376.8402	67.96	27.74	360.6590	93.31	38.09
41.538194	33.452778	13.5	   NA	389.7130	245.1586	304.6912	279.5197	442.4767	403.3354	390.7756	488.1087	330.1054	291.1588	358.8291	220.6848	320.1856	407.2061	466.1320	441.0508	310.0372	332.3118	81.51	36.45	377.0522	68.01	27.76	360.8827	93.32	38.10
41.663194	33.577778	13.625	   NA	389.8678	245.5746	304.8810	279.9020	442.6360	403.5083	390.9270	488.4569	330.2909	291.3500	359.0231	220.8457	320.4056	407.4838	466.2989	441.3098	310.2764	332.5723	81.40	36.40	377.2594	68.06	27.78	361.1034	93.34	38.11
41.788194	33.702778	13.75	   NA	390.0183	245.9787	305.0735	280.2703	442.7976	403.6782	391.0754	488.8022	330.4732	291.5390	359.2136	221.0029	320.6244	407.7599	466.4650	441.5644	310.5129	332.8277	81.30	36.36	377.4636	68.11	27.80	361.3216	93.36	38.11
41.913194	33.827778	13.875	   NA	390.1708	246.3898	305.2715	280.6385	442.9592	403.8527	391.2244	489.1445	330.6593	291.7252	359.4050	221.1589	320.8423	408.0347	466.6332	441.8196	310.7490	333.0860	81.20	36.31	377.6685	68.16	27.82	361.5396	93.37	38.12
42.038194	33.952778	14	   NA	390.3268	246.8032	305.4658	281.0047	443.1227	404.0258	391.3747	489.4818	330.8429	291.9118	359.5984	221.3152	321.0583	408.3073	466.7999	442.0749	310.9844	333.3446	81.09	36.27	377.8726	68.20	27.84	361.7567	93.39	38.13
42.163194	34.077778	14.125	   NA	390.4798	247.2087	305.6505	281.3629	443.2888	404.1868	391.5234	489.8158	331.0167	292.1008	359.7936	221.4686	321.2689	408.5772	466.9608	442.3273	311.2167	333.5981	80.99	36.22	378.0729	68.25	27.86	361.9699	93.41	38.13
42.288194	34.202778	14.25	   NA	390.6295	247.6054	305.8340	281.7145	443.4575	404.3488	391.6679	490.1526	331.1926	292.2905	359.9887	221.6170	321.4770	408.8444	467.1208	442.5768	311.4451	333.8482	80.90	36.18	378.2735	68.29	27.88	362.1802	93.43	38.14
42.413194	34.327778	14.375	   NA	390.7777	247.9966	306.0125	282.0573	443.6279	404.5094	391.8064	490.4855	331.3696	292.4792	360.1832	221.7619	321.6879	409.1080	467.2805	442.8246	311.6714	334.0944	80.81	36.14	378.4722	68.34	27.90	362.3890	93.44	38.15
42.538194	34.452778	14.5	   NA	390.9236	248.3789	306.1887	282.3889	443.7949	404.6673	391.9462	490.8100	331.5451	292.6619	360.3704	221.9106	321.8982	409.3700	467.4390	443.0709	311.8952	334.3350	80.72	36.10	378.6668	68.38	27.92	362.5973	93.46	38.16
42.663194	34.577778	14.625	   NA	391.0672	248.7475	306.3657	282.7006	443.9515	404.8248	392.0868	491.1276	331.7171	292.8345	360.5437	222.0594	322.1024	409.6272	467.5946	443.3130	312.1162	334.5665	80.63	36.06	378.8558	68.43	27.94	362.8021	93.48	38.16
42.788194	34.702778	14.75	   NA	391.2099	249.1048	306.5405	282.9920	444.1001	404.9823	392.2254	491.4355	331.8859	292.9979	360.7074	222.2064	322.3031	409.8765	467.7497	443.5480	312.3348	334.7895	80.55	36.02	379.0391	68.47	27.95	363.0031	93.49	38.17
42.913194	34.827778	14.875	   NA	391.3524	249.4531	306.7122	283.2737	444.2448	405.1414	392.3618	491.7386	332.0549	293.1552	360.8665	222.3525	322.5029	410.1246	467.9026	443.7779	312.5492	335.0072	80.47	35.99	379.2197	68.52	27.97	363.2016	93.51	38.17
43.038194	34.952778	15	   NA	391.4952	249.7923	306.8813	283.5482	444.3859	405.2959	392.4980	492.0387	332.2212	293.3099	361.0223	222.4969	322.6999	410.3705	468.0525	444.0045	312.7583	335.2206	80.40	35.95	379.3977	68.56	27.99	363.3971	93.52	38.18
43.163194	35.077778	15.125	   NA	391.6363	250.1232	307.0458	283.8153	444.5235	405.4471	392.6354	492.3287	332.3834	293.4605	361.1739	222.6412	322.8929	410.6082	468.1992	444.2279	312.9633	335.4288	80.32	35.92	379.5715	68.61	28.01	363.5888	93.53	38.18
43.288194	35.202778	15.25	   NA	391.7726	250.4449	307.2071	284.0708	444.6573	405.5963	392.7704	492.6085	332.5425	293.6035	361.3181	222.7822	323.0806	410.8386	468.3426	444.4464	313.1653	335.6305	80.25	35.89	379.7399	68.65	28.03	363.7760	93.55	38.19
43.413194	35.327778	15.375	   NA	391.9048	250.7573	307.3661	284.3115	444.7880	405.7404	392.9041	492.8828	332.6979	293.7389	361.4545	222.9193	323.2654	411.0656	468.4834	444.6610	313.3619	335.8255	80.18	35.86	379.9031	68.69	28.04	363.9594	93.56	38.19
43.538194	35.452778	15.5	   NA	392.0350	251.0617	307.5228	284.5377	444.9159	405.8827	393.0355	493.1525	332.8509	293.8684	361.5844	223.0549	323.4471	411.2876	468.6227	444.8733	313.5538	336.0146	80.12	35.83	380.0624	68.74	28.06	364.1399	93.57	38.20
43.663194	35.577778	15.625	   NA	392.1644	251.3584	307.6767	284.7519	445.0407	406.0226	393.1625	493.4145	333.0003	293.9949	361.7119	223.1872	323.6227	411.5034	468.7595	445.0812	313.7434	336.1984	80.06	35.80	380.2178	68.78	28.08	364.3162	93.58	38.21
43.788194	35.702778	15.75	   NA	392.2934	251.6479	307.8282	284.9606	445.1642	406.1599	393.2868	493.6691	333.1474	294.1193	361.8398	223.3164	323.7964	411.7168	468.8945	445.2852	313.9309	336.3789	80.00	35.78	380.3704	68.82	28.10	364.4900	93.60	38.21
43.913194	35.827778	15.875	   NA	392.4202	251.9314	307.9784	285.1656	445.2860	406.2965	393.4105	493.9201	333.2935	294.2395	361.9628	223.4433	323.9684	411.9283	469.0281	445.4869	314.1165	336.5563	79.94	35.75	380.5205	68.86	28.11	364.6619	93.61	38.22
44.038194	35.952778	16	   NA	392.5451	252.2098	308.1259	285.3647	445.4061	406.4303	393.5366	494.1714	333.4375	294.3584	362.0820	223.5643	324.1372	412.1368	469.1580	445.6852	314.2996	336.7303	79.88	35.73	380.6694	68.90	28.13	364.8302	93.62	38.22
44.163194	36.077778	16.125	   NA	392.6670	252.4842	308.2714	285.5594	445.5259	406.5609	393.6586	494.4262	333.5795	294.4775	362.2006	223.6819	324.3045	412.3443	469.2864	445.8811	314.4806	336.9016	79.83	35.70	380.8172	68.95	28.15	364.9965	93.64	38.23
44.288194	36.202778	16.25	   NA	392.7895	252.7573	308.4172	285.7523	445.6468	406.6888	393.7745	494.6823	333.7208	294.5961	362.3180	223.7991	324.4721	412.5526	469.4141	446.0766	314.6598	337.0726	79.78	35.68	380.9634	68.99	28.16	365.1624	93.65	38.23
44.413194	36.327778	16.375	   NA	392.9156	253.0297	308.5628	285.9457	445.7699	406.8147	393.8930	494.9337	333.8603	294.7174	362.4381	223.9156	324.6375	412.7581	469.5404	446.2715	314.8371	337.2447	79.72	35.65	381.1095	69.03	28.18	365.3267	93.66	38.24
44.538194	36.452778	16.5	   NA	393.0446	253.3007	308.7073	286.1399	445.8956	406.9405	394.0175	495.1800	333.9974	294.8406	362.5621	224.0350	324.8018	412.9631	469.6674	446.4668	315.0144	337.4176	79.67	35.63	381.2563	69.07	28.20	365.4914	93.68	38.24
44.663194	36.577778	16.625	   NA	393.1774	253.5697	308.8518	286.3341	446.0249	407.0698	394.1462	495.4265	334.1372	294.9645	362.6880	224.1556	324.9708	413.1734	469.7957	446.6632	315.1925	337.5916	79.62	35.61	381.4054	69.11	28.21	365.6585	93.69	38.25
44.788194	36.702778	16.75	   NA	393.3143	253.8378	308.9971	286.5292	446.1569	407.2007	394.2752	495.6750	334.2788	295.0918	362.8154	224.2746	325.1425	413.3859	469.9256	446.8598	315.3703	337.7671	79.58	35.59	381.5562	69.14	28.23	365.8265	93.70	38.25
44.913194	36.827778	16.875	   NA	393.4539	254.1041	309.1415	286.7248	446.2881	407.3273	394.4086	495.9207	334.4175	295.2197	362.9421	224.3937	325.3116	413.5946	470.0541	447.0552	315.5464	337.9425	79.53	35.57	381.7060	69.18	28.24	365.9926	93.72	38.26
45.038194	36.952778	17	   NA	393.5911	254.3648	309.2828	286.9143	446.4190	407.4514	394.5488	496.1622	334.5541	295.3442	363.0671	224.5131	325.4759	413.7979	470.1790	447.2470	315.7196	338.1144	79.49	35.55	381.8546	69.22	28.26	366.1554	93.73	38.27
45.163194	37.077778	17.125	   NA	393.7240	254.6172	309.4224	287.0945	446.5461	407.5737	394.6850	496.4039	334.6882	295.4657	363.1902	224.6306	325.6388	413.9967	470.3026	447.4351	315.8902	338.2808	79.45	35.53	382.0011	69.26	28.27	366.3157	93.74	38.27
45.288194	37.202778	17.25	   NA	393.8517	254.8641	309.5612	287.2667	446.6687	407.6961	394.8112	496.6427	334.8200	295.5832	363.3093	224.7455	325.7994	414.1916	470.4247	447.6194	316.0590	338.4425	79.41	35.51	382.1438	69.30	28.29	366.4733	93.76	38.28
45.413194	37.327778	17.375	   NA	393.9732	255.1061	309.6976	287.4305	446.7872	407.8187	394.9316	496.8727	334.9520	295.6946	363.4248	224.8579	325.9568	414.3840	470.5457	447.7998	316.2274	338.5989	79.37	35.49	382.2824	69.33	28.31	366.6286	93.77	38.28
45.538194	37.452778	17.5	   NA	394.0916	255.3401	309.8314	287.5870	446.9026	407.9393	395.0459	497.0951	335.0828	295.8025	363.5368	224.9684	326.1141	414.5730	470.6631	447.9778	316.3940	338.7505	79.33	35.48	382.4171	69.37	28.32	366.7817	93.78	38.28
45.663194	37.577778	17.625	   NA	394.2081	255.5670	309.9640	287.7374	447.0146	408.0578	395.1574	497.3150	335.2128	295.9081	363.6435	225.0786	326.2697	414.7594	470.7780	448.1530	316.5583	338.8982	79.29	35.46	382.5491	69.41	28.33	366.9328	93.79	38.29
45.788194	37.702778	17.75	   NA	394.3225	255.7905	310.0950	287.8830	447.1244	408.1760	395.2683	497.5354	335.3421	296.0102	363.7473	225.1862	326.4200	414.9469	470.8946	448.3263	316.7208	339.0431	79.25	35.44	382.6799	69.44	28.35	367.0825	93.80	38.29
45.913194	37.827778	17.875	   NA	394.4353	256.0102	310.2244	288.0254	447.2331	408.2957	395.3738	497.7511	335.4696	296.1115	363.8512	225.2895	326.5658	415.1318	471.0119	448.4987	316.8805	339.1857	79.22	35.43	382.8088	69.48	28.36	367.2297	93.81	38.30
46.038194	37.952778	18	   NA	394.5458	256.2249	310.3525	288.1643	447.3388	408.4107	395.4768	497.9622	335.5943	296.2123	363.9547	225.3922	326.7125	415.3132	471.1261	448.6695	317.0378	339.3253	79.18	35.41	382.9352	69.51	28.38	367.3752	93.83	38.30
46.163194	38.077778	18.125	   NA	394.6547	256.4357	310.4787	288.3004	447.4421	408.5245	395.5794	498.1714	335.7187	296.3111	364.0554	225.4974	326.8584	415.4946	471.2385	448.8392	317.1953	339.4623	79.15	35.40	383.0601	69.55	28.39	367.5206	93.84	38.31
46.288194	38.202778	18.25	   NA	394.7626	256.6449	310.6040	288.4341	447.5457	408.6397	395.6805	498.3786	335.8430	296.4096	364.1540	225.6034	327.0018	415.6728	471.3523	449.0079	317.3527	339.5983	79.11	35.38	383.1842	69.58	28.41	367.6652	93.85	38.31
46.413194	38.327778	18.375	   NA	394.8699	256.8510	310.7287	288.5643	447.6487	408.7536	395.7812	498.5837	335.9666	296.5074	364.2538	225.7062	327.1449	415.8485	471.4660	449.1751	317.5069	339.7325	79.08	35.37	383.3077	69.61	28.42	367.8079	93.86	38.32
46.538194	38.452778	18.5	   NA	394.9774	257.0522	310.8522	288.6910	447.7506	408.8682	395.8814	498.7877	336.0890	296.6033	364.3545	225.8068	327.2879	416.0254	471.5775	449.3411	317.6590	339.8647	79.05	35.35	383.4307	69.65	28.43	367.9496	93.87	38.32
46.663194	38.577778	18.625	   NA	395.0837	257.2508	310.9756	288.8148	447.8517	408.9820	395.9822	498.9894	336.2114	296.6985	364.4544	225.9079	327.4289	416.2024	471.6894	449.5050	317.8123	339.9953	79.02	35.34	383.5530	69.68	28.45	368.0910	93.89	38.33
46.788194	38.702778	18.75	   NA	395.1883	257.4472	311.0980	288.9358	447.9513	409.0940	396.0815	499.1858	336.3318	296.7931	364.5529	226.0102	327.5689	416.3806	471.8023	449.6662	317.9653	340.1241	78.99	35.32	383.6732	69.71	28.46	368.2323	93.90	38.33
46.913194	38.827778	18.875	   NA	395.2921	257.6387	311.2197	289.0537	448.0505	409.2047	396.1794	499.3785	336.4489	296.8868	364.6479	226.1124	327.7085	416.5580	471.9123	449.8258	318.1168	340.2509	78.96	35.31	383.7910	69.74	28.47	368.3723	93.91	38.34
47.038194	38.952778	19	   NA	395.3947	257.8257	311.3404	289.1683	448.1494	409.3150	396.2773	499.5679	336.5659	296.9788	364.7413	226.2116	327.8468	416.7280	472.0192	449.9844	318.2671	340.3757	78.93	35.30	383.9077	69.77	28.48	368.5095	93.92	38.34
47.163194	39.077778	19.125	   NA	395.4955	258.0091	311.4594	289.2807	448.2467	409.4224	396.3743	499.7554	336.6826	297.0686	364.8339	226.3093	327.9837	416.8940	472.1254	450.1413	318.4154	340.4983	78.91	35.29	384.0229	69.80	28.50	368.6449	93.93	38.35
47.288194	39.202778	19.25	   NA	395.5957	258.1897	311.5782	289.3916	448.3426	409.5284	396.4717	499.9439	336.7969	297.1566	364.9252	226.4098	328.1188	417.0606	472.2325	450.2964	318.5625	340.6196	78.88	35.28	384.1371	69.83	28.51	368.7801	93.94	38.35
47.413194	39.327778	19.375	   NA	395.6945	258.3681	311.6968	289.5001	448.4382	409.6367	396.5689	500.1295	336.9105	297.2448	365.0162	226.5110	328.2524	417.2248	472.3399	450.4500	318.7073	340.7395	78.86	35.27	384.2511	69.86	28.52	368.9142	93.95	38.35
47.538194	39.452778	19.5	   NA	395.7932	258.5434	311.8133	289.6075	448.5337	409.7431	396.6637	500.3084	337.0238	297.3342	365.1059	226.6100	328.3872	417.3857	472.4476	450.6025	318.8498	340.8582	78.83	35.25	384.3632	69.89	28.53	369.0471	93.96	38.36
47.663194	39.577778	19.625	   NA	395.8905	258.7147	311.9292	289.7146	448.6298	409.8493	396.7566	500.4839	337.1360	297.4248	365.1962	226.7057	328.5229	417.5448	472.5545	450.7533	318.9925	340.9758	78.81	35.24	384.4745	69.92	28.54	369.1789	93.97	38.36
47.788194	39.702778	19.75	   NA	395.9869	258.8838	312.0460	289.8193	448.7250	409.9558	396.8506	500.6599	337.2457	297.5146	365.2864	226.8005	328.6565	417.7026	472.6598	450.9027	319.1351	341.0922	78.79	35.23	384.5855	69.95	28.56	369.3095	93.98	38.37
47.913194	39.827778	19.875	   NA	396.0828	259.0525	312.1613	289.9227	448.8196	410.0605	396.9436	500.8358	337.3543	297.6040	365.3757	226.8957	328.7891	417.8580	472.7635	451.0526	319.2753	341.2078	78.76	35.22	384.6957	69.97	28.57	369.4390	93.99	38.37
