days.origin	days.water	days.manure	F07	F08	F09	F10	F11	F12	GW01	GW02	GW03	GW04	GW05	GW06	GWL01	GWL02	GWL03	GWL04	GWo01	GWo02	mean.F	sd.F	se.F	mean.GW	sd.GW	se.GW	mean.GWL	sd.GWL	se.GWL
4	-4.085417	-24.038194	   NA	1.5183	3.3412	2.3172	1.8196	3.4764	13.8821	5.6681	19.5936	7.9244	11.5518	13.2772	1.2322	-6.6478	3.2597	3.1615	1.8449	-12.3105	2.4945	0.88	0.40	11.9829	4.89	2.00	-1.5767	6.42	2.62
4.125	-3.960417	-23.913194	   NA	1.5287	3.3569	2.3292	1.8313	3.4950	13.9523	5.6900	19.6992	7.9566	11.6123	13.3510	1.2383	-9.6478	3.2787	3.1779	1.8536	-15.3105	2.5082	0.89	0.40	12.0436	4.92	2.01	-2.5683	7.92	3.23
4.25	-3.835417	-23.788194	   NA	1.5387	3.3730	2.3411	1.8421	3.5134	14.0229	5.7127	19.8038	7.9883	11.6744	13.4241	1.2444	-10.1095	3.2977	3.1944	1.8622	-15.7028	2.5217	0.89	0.40	12.1044	4.95	2.02	-2.7023	8.14	3.32
4.375	-3.710417	-23.663194	   NA	1.5486	3.3893	2.3532	1.8518	3.5316	14.0938	5.7371	19.9095	8.0206	11.7360	13.4981	1.2505	-10.0637	3.3171	3.2110	1.8719	-15.6944	2.5349	0.89	0.40	12.1658	4.98	2.03	-2.6846	8.13	3.32
4.5	-3.585417	-23.538194	   NA	1.5582	3.4059	2.3654	1.8606	3.5498	14.1656	5.7626	20.0152	8.0537	11.7964	13.5738	1.2568	-10.0183	3.3370	3.2274	1.8818	-15.6869	2.5480	0.90	0.40	12.2279	5.01	2.05	-2.6670	8.13	3.32
4.625	-3.460417	-23.413194	   NA	1.5673	3.4223	2.3775	1.8685	3.5678	14.2381	5.7882	20.1192	8.0876	11.8582	13.6495	1.2631	-9.9735	3.3567	3.2436	1.8910	-15.6803	2.5607	0.90	0.40	12.2901	5.04	2.06	-2.6499	8.13	3.32
4.75	-3.335417	-23.288194	   NA	1.5762	3.4387	2.3896	1.8758	3.5862	14.3103	5.8137	20.2226	8.1228	11.9200	13.7237	1.2693	-9.9297	3.3756	3.2598	1.8999	-15.6722	2.5733	0.91	0.41	12.3522	5.07	2.07	-2.6329	8.12	3.32
4.875	-3.210417	-23.163194	   NA	1.5851	3.4551	2.4016	1.8827	3.6045	14.3819	5.8386	20.3251	8.1589	11.9799	13.7958	1.2754	-9.8868	3.3936	3.2761	1.9091	-15.6641	2.5858	0.91	0.41	12.4134	5.10	2.08	-2.6161	8.12	3.31
5	-3.085417	-23.038194	   NA	1.5940	3.4718	2.4134	1.8899	3.6227	14.4528	5.8633	20.4264	8.1952	12.0392	13.8655	1.2813	-9.8448	3.4111	3.2921	1.9184	-15.6581	2.5984	0.92	0.41	12.4737	5.12	2.09	-2.6000	8.12	3.31
5.125	-2.960417	-22.913194	   NA	1.6025	3.4888	2.4252	1.8973	3.6408	14.5232	5.8883	20.5270	8.2316	12.0984	13.9336	1.2875	-9.8034	3.4281	3.3080	1.9279	-15.6525	2.6109	0.92	0.41	12.5337	5.15	2.10	-2.5841	8.11	3.31
5.25	-2.835417	-22.788194	   NA	1.6105	3.5062	2.4370	1.9047	3.6588	14.5937	5.9145	20.6280	8.2690	12.1573	14.0016	1.2939	-9.7625	3.4452	3.3238	1.9373	-15.6469	2.6234	0.93	0.41	12.5940	5.18	2.11	-2.5682	8.11	3.31
5.375	-2.710417	-22.663194	   NA	1.6184	3.5240	2.4487	1.9119	3.6770	14.6648	5.9422	20.7293	8.3078	12.2170	14.0703	1.3004	-9.7220	3.4625	3.3397	1.9472	-15.6414	2.6360	0.93	0.42	12.6552	5.20	2.12	-2.5523	8.11	3.31
5.5	-2.585417	-22.538194	   NA	1.6261	3.5419	2.4604	1.9191	3.6956	14.7362	5.9703	20.8302	8.3478	12.2790	14.1396	1.3068	-9.6819	3.4794	3.3559	1.9571	-15.6362	2.6486	0.94	0.42	12.7172	5.23	2.13	-2.5365	8.11	3.31
5.625	-2.460417	-22.413194	   NA	1.6336	3.5600	2.4723	1.9266	3.7139	14.8074	5.9987	20.9314	8.3890	12.3435	14.2096	1.3134	-9.6428	3.4963	3.3725	1.9672	-15.6308	2.6613	0.94	0.42	12.7799	5.25	2.15	-2.5207	8.10	3.31
5.75	-2.335417	-22.288194	   NA	1.6412	3.5784	2.4845	1.9361	3.7320	14.8789	6.0274	21.0325	8.4317	12.4091	14.2798	1.3198	-9.6045	3.5128	3.3894	1.9780	-15.6256	2.6744	0.95	0.42	12.8432	5.28	2.16	-2.5050	8.10	3.31
5.875	-2.210417	-22.163194	   NA	1.6483	3.5969	2.4966	1.9475	3.7498	14.9497	6.0557	21.1324	8.4751	12.4732	14.3497	1.3263	-9.5669	3.5288	3.4062	1.9891	-15.6205	2.6878	0.95	0.43	12.9060	5.30	2.17	-2.4895	8.10	3.31
6	-2.085417	-22.038194	   NA	1.6551	3.6154	2.5085	1.9593	3.7673	15.0196	6.0835	21.2305	8.5195	12.5345	14.4185	1.3329	-9.5304	3.5443	3.4229	2.0007	-15.6157	2.7011	0.96	0.43	12.9677	5.33	2.18	-2.4742	8.10	3.31
6.125	-1.960417	-21.913194	   NA	1.6616	3.6342	2.5203	1.9710	3.7846	15.0893	6.1118	21.3281	8.5654	12.5934	14.4869	1.3394	-9.4941	3.5594	3.4395	2.0122	-15.6115	2.7143	0.96	0.43	13.0291	5.35	2.18	-2.4592	8.10	3.31
6.25	-1.835417	-21.788194	   NA	1.6680	3.6534	2.5320	1.9823	3.8021	15.1591	6.1411	21.4261	8.6129	12.6517	14.5557	1.3455	-9.4582	3.5748	3.4561	2.0242	-15.6070	2.7276	0.97	0.43	13.0911	5.37	2.19	-2.4441	8.10	3.31
6.375	-1.710417	-21.663194	   NA	1.6742	3.6724	2.5437	1.9935	3.8197	15.2296	6.1717	21.5250	8.6621	12.7102	14.6243	1.3514	-9.4228	3.5901	3.4727	2.0358	-15.6025	2.7407	0.97	0.43	13.1538	5.40	2.20	-2.4292	8.10	3.31
6.5	-1.585417	-21.538194	   NA	1.6803	3.6917	2.5555	2.0046	3.8373	15.3022	6.2033	21.6242	8.7127	12.7695	14.6920	1.3574	-9.3878	3.6057	3.4893	2.0474	-15.5978	2.7539	0.98	0.44	13.2173	5.42	2.21	-2.4143	8.10	3.30
6.625	-1.460417	-21.413194	   NA	1.6865	3.7110	2.5674	2.0156	3.8547	15.3759	6.2356	21.7234	8.7643	12.8306	14.7599	1.3637	-9.3530	3.6218	3.5058	2.0591	-15.5930	2.7670	0.98	0.44	13.2816	5.44	2.22	-2.3993	8.09	3.30
6.75	-1.335417	-21.288194	   NA	1.6930	3.7314	2.5794	2.0268	3.8723	15.4493	6.2681	21.8229	8.8162	12.8943	14.8282	1.3703	-9.3193	3.6377	3.5224	2.0703	-15.5884	2.7806	0.99	0.44	13.3465	5.46	2.23	-2.3845	8.09	3.30
6.875	-1.210417	-21.163194	   NA	1.6994	3.7514	2.5915	2.0376	3.8902	15.5220	6.3004	21.9221	8.8683	12.9575	14.8946	1.3770	-9.2860	3.6537	3.5387	2.0810	-15.5837	2.7940	0.99	0.44	13.4108	5.49	2.24	-2.3699	8.09	3.30
7	-1.085417	-21.038194	   NA	1.7055	3.7697	2.6036	2.0484	3.9079	15.5947	6.3325	22.0209	8.9206	13.0185	14.9583	1.3835	-9.2524	3.6695	3.5549	2.0915	-15.5788	2.8070	1.00	0.45	13.4742	5.51	2.25	-2.3553	8.09	3.30
7.125	-0.960417	-20.913194	   NA	1.7114	3.7881	2.6155	2.0585	3.9256	15.6676	6.3651	22.1188	8.9728	13.0783	15.0207	1.3901	-9.2194	3.6850	3.5710	2.1019	-15.5738	2.8198	1.00	0.45	13.5372	5.53	2.26	-2.3409	8.09	3.30
7.25	-0.835417	-20.788194	   NA	1.7172	3.8067	2.6267	2.0685	3.9433	15.7410	6.3989	22.2170	9.0251	13.1376	15.0821	1.3967	-9.1873	3.7002	3.5868	2.1124	-15.5687	2.8325	1.01	0.45	13.6003	5.55	2.27	-2.3266	8.09	3.30
7.375	-0.710417	-20.663194	   NA	1.7233	3.8257	2.6374	2.0785	3.9610	15.8157	6.4346	22.3164	9.0778	13.1967	15.1434	1.4030	-9.1553	3.7159	3.6017	2.1233	-15.5636	2.8452	1.01	0.45	13.6641	5.57	2.27	-2.3125	8.09	3.30
7.5	-0.585417	-20.538194	   NA	1.7297	3.8448	2.6480	2.0889	3.9792	15.8923	6.4720	22.4167	9.1313	13.2556	15.2052	1.4094	-9.1235	3.7322	3.6165	2.1341	-15.5582	2.8581	1.02	0.45	13.7288	5.59	2.28	-2.2983	8.09	3.30
7.625	-0.460417	-20.413194	   NA	1.7364	3.8640	2.6596	2.0997	3.9977	15.9714	6.5106	22.5173	9.1868	13.3153	15.2658	1.4163	-9.0920	3.7477	3.6322	2.1452	-15.5525	2.8715	1.02	0.46	13.7945	5.61	2.29	-2.2838	8.09	3.30
7.75	-0.335417	-20.288194	   NA	1.7432	3.8817	2.6721	2.1098	4.0159	16.0533	6.5500	22.6163	9.2433	13.3743	15.3253	1.4237	-9.0620	3.7631	3.6488	2.1557	-15.5481	2.8845	1.03	0.46	13.8604	5.63	2.30	-2.2698	8.09	3.30
7.875	-0.210417	-20.163194	   NA	1.7496	3.8991	2.6844	2.1200	4.0340	16.1366	6.5964	22.7141	9.2989	13.4328	15.3846	1.4310	-9.0331	3.7780	3.6656	2.1657	-15.5441	2.8974	1.03	0.46	13.9272	5.65	2.31	-2.2562	8.09	3.30
8	-0.085417	-20.038194	   NA	1.7552	3.9178	2.7048	2.1309	4.0518	16.2155	6.6609	22.8116	9.3523	13.4914	15.4438	1.4414	-9.0037	3.7930	3.6827	2.1761	-15.5392	2.9121	1.04	0.46	13.9959	5.66	2.31	-2.2416	8.09	3.30
8.085417	0	-19.952778	   NA	0.0000	0.0000	0.0000	0.0000	0.0000	0.0000	0.0000	0.0000	0.0000	0.0000	0.0000	0.0000	0.0000	0.0000	0.0000	0.0000	0.0000	0.0000	0.00	0.00	0.0000	0.00	0.00	0.0000	0.00	0.00
8.210417	0.125	-19.827778	   NA	0.0077	0.0163	0.0420	0.0110	0.0108	0.0737	0.1099	0.1222	0.0520	0.0920	0.0643	0.0282	0.0599	0.0118	0.0202	0.0069	0.0066	0.0176	0.01	0.01	0.0857	0.03	0.01	0.0223	0.02	0.01
8.335417	0.25	-19.702778	   NA	0.0174	0.0374	0.0850	0.0224	0.0184	0.1585	0.2377	0.2549	0.1052	0.2125	0.1474	0.0585	0.1247	0.0228	0.0417	0.0131	0.0142	0.0361	0.03	0.01	0.1860	0.06	0.02	0.0458	0.04	0.02
8.460417	0.375	-19.577778	   NA	0.0294	0.0728	0.1334	0.0350	0.0246	0.2531	0.3726	0.4065	0.1616	0.3816	0.2751	0.0942	0.2182	0.0319	0.0635	0.0177	0.0263	0.0590	0.05	0.02	0.3084	0.09	0.04	0.0753	0.08	0.03
8.585417	0.5	-19.452778	   NA	0.0419	0.1174	0.1846	0.0475	0.0321	0.3574	0.5070	0.5504	0.2222	0.5747	0.4408	0.1322	0.3110	0.0419	0.0843	0.0234	0.0409	0.0847	0.07	0.03	0.4421	0.13	0.05	0.1056	0.11	0.04
8.710417	0.625	-19.327778	   NA	0.0533	0.1542	0.2336	0.0574	0.0399	0.4640	0.6279	0.6746	0.2833	0.7671	0.6152	0.1674	0.3932	0.0517	0.1032	0.0286	0.0537	0.1077	0.08	0.04	0.5720	0.17	0.07	0.1330	0.14	0.06
8.835417	0.75	-19.202778	   NA	0.0626	0.1816	0.2801	0.0655	0.0470	0.5683	0.7265	0.7828	0.3407	0.9444	0.7767	0.1987	0.4612	0.0602	0.1167	0.0327	0.0634	0.1274	0.10	0.05	0.6899	0.21	0.09	0.1555	0.16	0.07
8.960417	0.875	-19.077778	   NA	0.0698	0.2049	0.3243	0.0725	0.0532	0.6642	0.8057	0.8842	0.3923	1.1071	0.9155	0.2260	0.5274	0.0688	0.1293	0.0365	0.0726	0.1449	0.12	0.05	0.7948	0.24	0.10	0.1768	0.18	0.08
9.085417	1	-18.952778	   NA	0.0759	0.2206	0.3675	0.0778	0.0584	0.7483	0.8721	0.9704	0.4396	1.2636	1.0427	0.2494	0.5831	0.0774	0.1420	0.0398	0.0790	0.1600	0.13	0.06	0.8895	0.28	0.11	0.1951	0.20	0.08
9.210417	1.125	-18.827778	   NA	0.0815	0.2348	0.4102	0.0826	0.0627	0.8230	0.9308	1.0509	0.4832	1.4180	1.1601	0.2698	0.6365	0.0859	0.1546	0.0430	0.0853	0.1744	0.15	0.07	0.9777	0.32	0.13	0.2125	0.22	0.09
9.335417	1.25	-18.702778	   NA	0.0865	0.2490	0.4532	0.0871	0.0668	0.8921	0.9870	1.1271	0.5247	1.5704	1.2659	0.2877	0.6904	0.0945	0.1673	0.0457	0.0925	0.1885	0.17	0.07	1.0612	0.35	0.14	0.2297	0.24	0.10
9.460417	1.375	-18.577778	   NA	0.0911	0.2640	0.4979	0.0919	0.0711	0.9583	1.0432	1.2003	0.5650	1.7203	1.3674	0.3049	0.7438	0.1031	0.1799	0.0485	0.1010	0.2032	0.18	0.08	1.1424	0.39	0.16	0.2469	0.26	0.11
9.585417	1.5	-18.452778	   NA	0.0958	0.2794	0.5438	0.0973	0.0754	1.0221	1.0975	1.2707	0.6041	1.8682	1.4663	0.3207	0.7929	0.1116	0.1925	0.0516	0.1102	0.2183	0.20	0.09	1.2215	0.43	0.17	0.2633	0.28	0.11
9.710417	1.625	-18.327778	   NA	0.1004	0.2944	0.5890	0.1027	0.0793	1.0847	1.1478	1.3378	0.6417	2.0137	1.5618	0.3353	0.8358	0.1202	0.2052	0.0548	0.1187	0.2332	0.22	0.10	1.2979	0.47	0.19	0.2783	0.29	0.12
9.835417	1.75	-18.202778	   NA	0.1046	0.3077	0.6340	0.1072	0.0828	1.1451	1.1927	1.3990	0.6771	2.1527	1.6521	0.3485	0.8719	0.1288	0.2178	0.0571	0.1253	0.2473	0.23	0.10	1.3698	0.50	0.20	0.2916	0.30	0.12
9.960417	1.875	-18.077778	   NA	0.1082	0.3194	0.6771	0.1107	0.0861	1.2019	1.2321	1.4539	0.7105	2.2832	1.7358	0.3604	0.9035	0.1373	0.2304	0.0591	0.1300	0.2603	0.25	0.11	1.4362	0.53	0.22	0.3034	0.31	0.13
10.085417	2	-17.952778	   NA	0.1112	0.3300	0.7184	0.1134	0.0894	1.2558	1.2692	1.5055	0.7424	2.4067	1.8143	0.3732	0.9336	0.1459	0.2431	0.0614	0.1343	0.2725	0.27	0.12	1.4990	0.57	0.23	0.3153	0.32	0.13
10.210417	2.125	-17.827778	   NA	0.1141	0.3410	0.7598	0.1157	0.0927	1.3081	1.3083	1.5564	0.7730	2.5254	1.8912	0.3871	0.9643	0.1543	0.2557	0.0636	0.1388	0.2847	0.28	0.13	1.5604	0.60	0.24	0.3273	0.33	0.14
10.335417	2.25	-17.702778	   NA	0.1168	0.3542	0.8018	0.1182	0.0961	1.3608	1.3512	1.6084	0.8036	2.6417	1.9705	0.3997	0.9958	0.1624	0.2638	0.0657	0.1443	0.2974	0.30	0.13	1.6227	0.63	0.26	0.3386	0.34	0.14
10.460417	2.375	-17.577778	   NA	0.1198	0.3701	0.8448	0.1209	0.0996	1.4153	1.3948	1.6604	0.8341	2.7592	2.0535	0.4116	1.0259	0.1704	0.2710	0.0683	0.1514	0.3110	0.32	0.14	1.6862	0.66	0.27	0.3498	0.35	0.14
10.585417	2.5	-17.452778	   NA	0.1233	0.3869	0.8879	0.1236	0.1033	1.4697	1.4351	1.7107	0.8651	2.8794	2.1382	0.4228	1.0523	0.1784	0.2778	0.0716	0.1589	0.3250	0.34	0.15	1.7497	0.69	0.28	0.3603	0.36	0.15
10.710417	2.625	-17.327778	   NA	0.1268	0.4022	0.9279	0.1261	0.1068	1.5225	1.4711	1.7590	0.8961	3.0000	2.2208	0.4329	1.0747	0.1865	0.2843	0.0748	0.1654	0.3380	0.35	0.16	1.8116	0.72	0.30	0.3698	0.37	0.15
10.835417	2.75	-17.202778	   NA	0.1300	0.4155	0.9678	0.1284	0.1100	1.5743	1.5037	1.8020	0.9265	3.1165	2.2981	0.4419	1.0938	0.1933	0.2907	0.0776	0.1707	0.3503	0.37	0.16	1.8702	0.76	0.31	0.3780	0.37	0.15
10.960417	2.875	-17.077778	   NA	0.1334	0.4269	1.0046	0.1304	0.1130	1.6249	1.5342	1.8419	0.9560	3.2273	2.3697	0.4499	1.1111	0.1993	0.2967	0.0800	0.1747	0.3617	0.38	0.17	1.9257	0.79	0.32	0.3853	0.38	0.15
11.085417	3	-16.952778	   NA	0.1365	0.4373	1.0409	0.1324	0.1159	1.6732	1.5654	1.8810	0.9850	3.3353	2.4371	0.4577	1.1287	0.2054	0.3022	0.0822	0.1788	0.3726	0.40	0.18	1.9795	0.81	0.33	0.3925	0.38	0.16
11.210417	3.125	-16.827778	   NA	0.1392	0.4485	1.0784	0.1346	0.1191	1.7198	1.6002	1.9213	1.0137	3.4413	2.5043	0.4656	1.1478	0.2116	0.3076	0.0841	0.1828	0.3840	0.41	0.18	2.0334	0.84	0.34	0.3999	0.39	0.16
11.335417	3.25	-16.702778	   NA	0.1418	0.4613	1.1179	0.1373	0.1227	1.7670	1.6385	1.9651	1.0425	3.5472	2.5759	0.4735	1.1698	0.2183	0.3131	0.0858	0.1874	0.3962	0.43	0.19	2.0894	0.87	0.35	0.4080	0.40	0.16
11.460417	3.375	-16.577778	   NA	0.1447	0.4759	1.1570	0.1402	0.1263	1.8167	1.6772	2.0100	1.0715	3.6544	2.6533	0.4815	1.1925	0.2255	0.3185	0.0878	0.1930	0.4088	0.44	0.20	2.1472	0.90	0.37	0.4165	0.40	0.16
11.585417	3.5	-16.452778	   NA	0.1476	0.4913	1.1948	0.1430	0.1297	1.8677	1.7122	2.0536	1.1002	3.7637	2.7339	0.4901	1.2138	0.2326	0.3235	0.0905	0.1988	0.4213	0.46	0.21	2.2052	0.93	0.38	0.4249	0.41	0.17
11.710417	3.625	-16.327778	   NA	0.1504	0.5058	1.2307	0.1456	0.1330	1.9184	1.7439	2.0945	1.1287	3.8714	2.8139	0.4990	1.2335	0.2391	0.3287	0.0934	0.2038	0.4331	0.47	0.21	2.2618	0.96	0.39	0.4329	0.42	0.17
11.835417	3.75	-16.202778	   NA	0.1530	0.5183	1.2632	0.1477	0.1357	1.9692	1.7735	2.1316	1.1570	3.9722	2.8897	0.5072	1.2500	0.2450	0.3337	0.0956	0.2079	0.4436	0.49	0.22	2.3155	0.99	0.40	0.4399	0.42	0.17
11.960417	3.875	-16.077778	   NA	0.1552	0.5294	1.2923	0.1495	0.1380	2.0200	1.8018	2.1660	1.1849	4.0668	2.9604	0.5140	1.2636	0.2505	0.3383	0.0974	0.2114	0.4529	0.50	0.22	2.3666	1.01	0.41	0.4459	0.42	0.17
12.085417	4	-15.952778	   NA	0.1573	0.5395	1.3201	0.1514	0.1412	2.0695	1.8303	2.1996	1.2126	4.1554	3.0273	0.5204	1.2773	0.2560	0.3426	0.0993	0.2147	0.4619	0.51	0.23	2.4158	1.04	0.42	0.4517	0.43	0.17
12.210417	4.125	-15.827778	   NA	0.1592	0.5497	1.3485	0.1535	0.1451	2.1179	1.8602	2.2340	1.2399	4.2409	3.0934	0.5271	1.2931	0.2614	0.3470	0.1013	0.2180	0.4712	0.52	0.23	2.4644	1.06	0.43	0.4580	0.43	0.18
12.335417	4.25	-15.702778	   NA	0.1610	0.5612	1.3772	0.1556	0.1491	2.1672	1.8923	2.2710	1.2668	4.3260	3.1625	0.5337	1.3111	0.2669	0.3513	0.1035	0.2216	0.4808	0.53	0.24	2.5143	1.08	0.44	0.4647	0.44	0.18
12.460417	4.375	-15.577778	   NA	0.1630	0.5744	1.4071	0.1578	0.1532	2.2192	1.9249	2.3095	1.2936	4.4108	3.2373	0.5404	1.3295	0.2722	0.3555	0.1060	0.2257	0.4911	0.54	0.24	2.5659	1.10	0.45	0.4715	0.44	0.18
12.585417	4.5	-15.452778	   NA	0.1654	0.5880	1.4368	0.1600	0.1570	2.2726	1.9558	2.3479	1.3203	4.4947	3.3168	0.5467	1.3465	0.2775	0.3601	0.1087	0.2306	0.5014	0.55	0.25	2.6180	1.12	0.46	0.4783	0.45	0.18
12.710417	4.625	-15.327778	   NA	0.1674	0.6006	1.4651	0.1619	0.1604	2.3253	1.9850	2.3843	1.3462	4.5768	3.3966	0.5525	1.3615	0.2825	0.3646	0.1116	0.2356	0.5111	0.57	0.25	2.6690	1.15	0.47	0.4847	0.45	0.19
12.835417	4.75	-15.202778	   NA	0.1692	0.6120	1.4916	0.1634	0.1635	2.3784	2.0124	2.4179	1.3715	4.6563	3.4723	0.5586	1.3745	0.2874	0.3689	0.1144	0.2397	0.5199	0.58	0.26	2.7181	1.17	0.48	0.4906	0.46	0.19
12.960417	4.875	-15.077778	   NA	0.1708	0.6219	1.5166	0.1648	0.1675	2.4300	2.0384	2.4494	1.3962	4.7332	3.5427	0.5643	1.3869	0.2925	0.3732	0.1169	0.2431	0.5283	0.59	0.26	2.7650	1.19	0.49	0.4961	0.46	0.19
13.085417	5	-14.952778	   NA	0.1723	0.6305	1.5399	0.1661	0.1719	2.4779	2.0636	2.4791	1.4206	4.8078	3.6093	0.5695	1.3999	0.2977	0.3772	0.1195	0.2459	0.5361	0.60	0.27	2.8097	1.21	0.49	0.5016	0.46	0.19
13.210417	5.125	-14.827778	   NA	0.1738	0.6387	1.5620	0.1678	0.1758	2.5236	2.0901	2.5085	1.4450	4.8812	3.6740	0.5750	1.4140	0.3027	0.3808	0.1223	0.2488	0.5436	0.60	0.27	2.8537	1.23	0.50	0.5073	0.47	0.19
13.335417	5.25	-14.702778	   NA	0.1756	0.6475	1.5836	0.1699	0.1794	2.5687	2.1183	2.5394	1.4686	4.9565	3.7395	0.5809	1.4289	0.3078	0.3844	0.1250	0.2521	0.5512	0.61	0.27	2.8985	1.25	0.51	0.5132	0.47	0.19
13.460417	5.375	-14.577778	   NA	0.1776	0.6576	1.6052	0.1718	0.1831	2.6156	2.1469	2.5716	1.4918	5.0354	3.8082	0.5871	1.4441	0.3129	0.3888	0.1276	0.2555	0.5591	0.62	0.28	2.9449	1.27	0.52	0.5193	0.48	0.20
13.585417	5.5	-14.452778	   NA	0.1795	0.6688	1.6276	0.1739	0.1869	2.6649	2.1755	2.6043	1.5149	5.1168	3.8804	0.5931	1.4591	0.3179	0.3933	0.1301	0.2594	0.5673	0.63	0.28	2.9928	1.30	0.53	0.5255	0.48	0.20
13.710417	5.625	-14.327778	   NA	0.1812	0.6799	1.6493	0.1761	0.1906	2.7138	2.2028	2.6365	1.5381	5.1991	3.9557	0.5985	1.4731	0.3228	0.3970	0.1330	0.2635	0.5754	0.64	0.29	3.0410	1.32	0.54	0.5313	0.49	0.20
13.835417	5.75	-14.202778	   NA	0.1828	0.6896	1.6710	0.1785	0.1942	2.7615	2.2282	2.6679	1.5615	5.2806	4.0306	0.6037	1.4855	0.3277	0.4007	0.1360	0.2676	0.5832	0.65	0.29	3.0884	1.35	0.55	0.5369	0.49	0.20
13.960417	5.875	-14.077778	   NA	0.1846	0.6980	1.6942	0.1809	0.1979	2.8086	2.2523	2.6976	1.5845	5.3598	4.1007	0.6086	1.4972	0.3325	0.4047	0.1386	0.2714	0.5911	0.66	0.29	3.1339	1.37	0.56	0.5422	0.49	0.20
14.085417	6	-13.952778	   NA	0.1860	0.7058	1.7163	0.1834	0.2015	2.8528	2.2768	2.7265	1.6056	5.4354	4.1693	0.6145	1.5088	0.3371	0.4087	0.1406	0.2748	0.5986	0.66	0.30	3.1777	1.39	0.57	0.5474	0.50	0.20
14.210417	6.125	-13.827778	   NA	0.1872	0.7133	1.7378	0.1859	0.2050	2.8964	2.3013	2.7553	1.6269	5.5096	4.2380	0.6204	1.5204	0.3416	0.4127	0.1426	0.2783	0.6058	0.67	0.30	3.2213	1.41	0.58	0.5527	0.50	0.20
14.335417	6.25	-13.702778	   NA	0.1883	0.7210	1.7583	0.1882	0.2080	2.9378	2.3257	2.7843	1.6489	5.5825	4.3037	0.6269	1.5324	0.3468	0.4164	0.1457	0.2816	0.6128	0.68	0.30	3.2638	1.43	0.59	0.5583	0.50	0.21
14.460417	6.375	-13.577778	   NA	0.1898	0.7293	1.7802	0.1901	0.2108	2.9805	2.3505	2.8144	1.6725	5.6566	4.3709	0.6327	1.5456	0.3526	0.4199	0.1503	0.2851	0.6200	0.69	0.31	3.3076	1.46	0.59	0.5644	0.51	0.21
14.585417	6.5	-13.452778	   NA	0.1915	0.7382	1.8030	0.1922	0.2143	3.0255	2.3754	2.8453	1.6971	5.7330	4.4424	0.6383	1.5598	0.3581	0.4237	0.1544	0.2896	0.6278	0.70	0.31	3.3531	1.48	0.60	0.5706	0.51	0.21
14.710417	6.625	-13.327778	   NA	0.1934	0.7473	1.8256	0.1945	0.2177	3.0725	2.3996	2.8759	1.7229	5.8102	4.5178	0.6445	1.5731	0.3627	0.4287	0.1579	0.2948	0.6357	0.71	0.32	3.3998	1.50	0.61	0.5770	0.51	0.21
14.835417	6.75	-13.202778	   NA	0.1954	0.7555	1.8472	0.1972	0.2206	3.1190	2.4227	2.9046	1.7493	5.8851	4.5926	0.6504	1.5843	0.3667	0.4335	0.1612	0.2995	0.6432	0.71	0.32	3.4455	1.52	0.62	0.5826	0.52	0.21
14.960417	6.875	-13.077778	   NA	0.1972	0.7627	1.8683	0.1997	0.2236	3.1650	2.4456	2.9309	1.7755	5.9545	4.6623	0.6554	1.5942	0.3707	0.4380	0.1645	0.3037	0.6503	0.72	0.32	3.4890	1.54	0.63	0.5877	0.52	0.21
15.085417	7	-12.952778	   NA	0.1988	0.7691	1.8877	0.2017	0.2275	3.2086	2.4683	2.9550	1.8011	6.0193	4.7271	0.6601	1.6032	0.3747	0.4413	0.1680	0.3076	0.6570	0.73	0.33	3.5299	1.56	0.64	0.5925	0.52	0.21
15.210417	7.125	-12.827778	   NA	0.2003	0.7751	1.9051	0.2035	0.2318	3.2504	2.4905	2.9783	1.8256	6.0824	4.7886	0.6645	1.6122	0.3789	0.4447	0.1716	0.3114	0.6632	0.74	0.33	3.5693	1.58	0.64	0.5972	0.52	0.21
15.335417	7.25	-12.702778	   NA	0.2016	0.7811	1.9219	0.2051	0.2351	3.2908	2.5141	3.0027	1.8494	6.1449	4.8495	0.6692	1.6228	0.3831	0.4479	0.1752	0.3155	0.6690	0.74	0.33	3.6086	1.60	0.65	0.6023	0.53	0.21
15.460417	7.375	-12.577778	   NA	0.2028	0.7877	1.9395	0.2067	0.2375	3.3308	2.5398	3.0295	1.8729	6.2096	4.9122	0.6742	1.6350	0.3873	0.4509	0.1789	0.3203	0.6748	0.75	0.34	3.6491	1.61	0.66	0.6078	0.53	0.22
15.585417	7.5	-12.452778	   NA	0.2040	0.7947	1.9573	0.2084	0.2399	3.3712	2.5655	3.0565	1.8969	6.2754	4.9782	0.6797	1.6474	0.3914	0.4539	0.1828	0.3258	0.6809	0.76	0.34	3.6906	1.63	0.67	0.6135	0.53	0.22
15.710417	7.625	-12.327778	   NA	0.2054	0.8022	1.9744	0.2104	0.2427	3.4114	2.5897	3.0821	1.9226	6.3414	5.0470	0.6850	1.6585	0.3956	0.4572	0.1869	0.3318	0.6870	0.76	0.34	3.7324	1.65	0.67	0.6192	0.53	0.22
15.835417	7.75	-12.202778	   NA	0.2069	0.8093	1.9912	0.2126	0.2456	3.4511	2.6119	3.1067	1.9498	6.4056	5.1152	0.6901	1.6682	0.3998	0.4602	0.1910	0.3378	0.6931	0.77	0.34	3.7734	1.67	0.68	0.6245	0.54	0.22
15.960417	7.875	-12.077778	   NA	0.2080	0.8153	2.0077	0.2147	0.2491	3.4901	2.6326	3.1300	1.9772	6.4683	5.1785	0.6950	1.6767	0.4038	0.4629	0.1945	0.3429	0.6990	0.78	0.35	3.8128	1.69	0.69	0.6293	0.54	0.22
16.085417	8	-11.952778	   NA	0.2092	0.8208	2.0241	0.2168	0.2527	3.5285	2.6534	3.1527	2.0044	6.5307	5.2410	0.6995	1.6846	0.4077	0.4660	0.1976	0.3473	0.7047	0.78	0.35	3.8518	1.71	0.70	0.6338	0.54	0.22
16.210417	8.125	-11.827778	   NA	0.2105	0.8259	2.0398	0.2187	0.2562	3.5652	2.6739	3.1755	2.0313	6.5938	5.2993	0.7040	1.6922	0.4118	0.4689	0.2003	0.3515	0.7102	0.79	0.35	3.8898	1.72	0.70	0.6381	0.54	0.22
16.335417	8.25	-11.702778	   NA	0.2125	0.8313	2.0544	0.2204	0.2587	3.6006	2.6957	3.1995	2.0578	6.6592	5.3572	0.7089	1.6999	0.4163	0.4717	0.2030	0.3556	0.7155	0.79	0.35	3.9283	1.74	0.71	0.6426	0.54	0.22
16.460417	8.375	-11.577778	   NA	0.2143	0.8379	2.0685	0.2223	0.2614	3.6373	2.7197	3.2258	2.0846	6.7270	5.4175	0.7144	1.7089	0.4213	0.4744	0.2058	0.3606	0.7209	0.80	0.36	3.9687	1.76	0.72	0.6476	0.55	0.22
16.585417	8.5	-11.452778	   NA	0.2154	0.8450	2.0831	0.2240	0.2642	3.6761	2.7449	3.2535	2.1117	6.7970	5.4823	0.7203	1.7198	0.4268	0.4771	0.2091	0.3667	0.7263	0.80	0.36	4.0109	1.78	0.73	0.6533	0.55	0.22
16.710417	8.625	-11.327778	   NA	0.2166	0.8522	2.0991	0.2255	0.2668	3.7157	2.7694	3.2799	2.1400	6.8677	5.5493	0.7265	1.7310	0.4327	0.4800	0.2129	0.3735	0.7320	0.81	0.36	4.0537	1.80	0.73	0.6594	0.55	0.22
16.835417	8.75	-11.202778	   NA	0.2179	0.8590	2.1159	0.2268	0.2694	3.7547	2.7921	3.3043	2.1700	6.9365	5.6141	0.7323	1.7406	0.4383	0.4830	0.2169	0.3800	0.7378	0.82	0.37	4.0953	1.82	0.74	0.6652	0.55	0.23
16.960417	8.875	-11.077778	   NA	0.2194	0.8660	2.1314	0.2290	0.2727	3.7913	2.8141	3.3289	2.2005	7.0025	5.6747	0.7368	1.7639	0.4538	0.4865	0.2322	0.3980	0.7437	0.82	0.37	4.1353	1.84	0.75	0.6785	0.56	0.23
17.085417	9	-10.952778	   NA	0.2205	0.8712	2.1455	0.2314	0.2770	3.8253	2.8351	3.3518	2.2314	7.0642	5.7296	0.7473	1.8016	0.4742	0.4953	0.2530	0.4269	0.7491	0.83	0.37	4.1729	1.85	0.76	0.6997	0.56	0.23
17.210417	9.125	-10.827778	   NA	0.2216	0.8743	2.1598	0.2337	0.2805	3.8592	2.8562	3.3709	2.2626	7.1251	5.7811	0.7577	1.8218	0.4836	0.5032	0.2602	0.4554	0.7540	0.83	0.37	4.2092	1.87	0.76	0.7137	0.57	0.23
17.335417	9.25	-10.702778	   NA	0.2226	0.8785	2.1745	0.2354	0.2831	3.8932	2.8772	3.3903	2.2944	7.1835	5.8322	0.7618	1.8270	0.4878	0.5059	0.2612	0.4715	0.7588	0.84	0.37	4.2451	1.88	0.77	0.7192	0.57	0.23
17.460417	9.375	-10.577778	   NA	0.2239	0.8835	2.1896	0.2369	0.2857	3.9285	2.8995	3.4120	2.3251	7.2424	5.8842	0.7661	1.8348	0.4928	0.5083	0.2638	0.4763	0.7639	0.84	0.38	4.2820	1.89	0.77	0.7237	0.57	0.23
17.585417	9.5	-10.452778	   NA	0.2250	0.8896	2.2049	0.2389	0.2881	3.9642	2.9219	3.4349	2.3549	7.3033	5.9390	0.7715	1.8443	0.4984	0.5102	0.2668	0.4820	0.7693	0.85	0.38	4.3197	1.91	0.78	0.7289	0.57	0.23
17.710417	9.625	-10.327778	   NA	0.2260	0.8967	2.2207	0.2408	0.2909	3.9993	2.9437	3.4569	2.3851	7.3645	5.9943	0.7791	1.8539	0.5036	0.5116	0.2695	0.4880	0.7750	0.86	0.38	4.3573	1.93	0.79	0.7343	0.57	0.23
17.835417	9.75	-10.202778	   NA	0.2270	0.9034	2.2373	0.2427	0.2938	4.0331	2.9655	3.4782	2.4166	7.4256	6.0496	0.7856	1.8614	0.5079	0.5128	0.2712	0.4939	0.7808	0.86	0.39	4.3948	1.94	0.79	0.7388	0.57	0.23
17.960417	9.875	-10.077778	   NA	0.2280	0.9095	2.2542	0.2443	0.2967	4.0669	2.9867	3.4993	2.4484	7.4851	6.1034	0.7921	1.8676	0.5118	0.5140	0.2730	0.4996	0.7865	0.87	0.39	4.4316	1.96	0.80	0.7430	0.58	0.23
18.085417	10	-9.952778	   NA	0.2291	0.9149	2.2694	0.2458	0.3000	4.0995	3.0078	3.5199	2.4798	7.5409	6.1546	0.7971	1.8743	0.5161	0.5160	0.2759	0.5045	0.7918	0.87	0.39	4.4671	1.97	0.80	0.7473	0.58	0.24
18.210417	10.125	-9.827778	   NA	0.2301	0.9205	2.2830	0.2476	0.3036	4.1313	3.0296	3.5401	2.5110	7.5945	6.2043	0.8011	1.8813	0.5214	0.5179	0.2790	0.5097	0.7970	0.88	0.39	4.5018	1.98	0.81	0.7517	0.58	0.24
18.335417	10.25	-9.702778	   NA	0.2314	0.9271	2.2961	0.2495	0.3066	4.1640	3.0530	3.5617	2.5419	7.6489	6.2537	0.8049	1.8894	0.5270	0.5199	0.2823	0.5156	0.8021	0.88	0.40	4.5372	2.00	0.81	0.7565	0.58	0.24
18.460417	10.375	-9.577778	   NA	0.2329	0.9345	2.3095	0.2514	0.3090	4.1983	3.0778	3.5856	2.5739	7.7049	6.3039	0.8089	1.8993	0.5330	0.5220	0.2855	0.5220	0.8075	0.89	0.40	4.5741	2.01	0.82	0.7618	0.58	0.24
18.585417	10.5	-9.452778	   NA	0.2345	0.9420	2.3227	0.2534	0.3113	4.2329	3.1030	3.6101	2.6070	7.7616	6.3560	0.8135	1.9109	0.5401	0.5240	0.2907	0.5296	0.8128	0.89	0.40	4.6118	2.02	0.82	0.7681	0.58	0.24
18.710417	10.625	-9.327778	   NA	0.2365	0.9490	2.3372	0.2554	0.3136	4.2674	3.1285	3.6333	2.6414	7.8180	6.4091	0.8203	1.9244	0.5492	0.5265	0.3028	0.5428	0.8183	0.90	0.40	4.6496	2.03	0.83	0.7777	0.59	0.24
18.835417	10.75	-9.202778	   NA	0.2386	0.9549	2.3518	0.2569	0.3158	4.3019	3.1534	3.6539	2.6767	7.8718	6.4616	0.8281	1.9349	0.5563	0.5291	0.3125	0.5538	0.8236	0.90	0.40	4.6866	2.04	0.83	0.7858	0.59	0.24
18.960417	10.875	-9.077778	   NA	0.2403	0.9599	2.3654	0.2585	0.3181	4.3352	3.1770	3.6729	2.7115	7.9235	6.5123	0.8340	1.9416	0.5605	0.5317	0.3153	0.5582	0.8284	0.91	0.41	4.7221	2.06	0.84	0.7902	0.59	0.24
19.085417	11	-8.952778	   NA	0.2415	0.9650	2.3783	0.2602	0.3215	4.3683	3.2000	3.6924	2.7457	7.9740	6.5604	0.8383	1.9484	0.5652	0.5340	0.3183	0.5627	0.8333	0.91	0.41	4.7568	2.07	0.84	0.7945	0.59	0.24
19.210417	11.125	-8.827778	   NA	0.2428	0.9700	2.3905	0.2619	0.3259	4.4007	3.2230	3.7135	2.7780	8.0232	6.6071	0.8421	1.9548	0.5701	0.5364	0.3214	0.5671	0.8382	0.92	0.41	4.7909	2.08	0.85	0.7986	0.59	0.24
19.335417	11.25	-8.702778	   NA	0.2440	0.9756	2.4025	0.2639	0.3300	4.4341	3.2462	3.7369	2.8084	8.0713	6.6535	0.8460	1.9618	0.5747	0.5388	0.3246	0.5719	0.8432	0.92	0.41	4.8251	2.09	0.85	0.8030	0.59	0.24
19.460417	11.375	-8.577778	   NA	0.2451	0.9819	2.4149	0.2662	0.3328	4.4690	3.2696	3.7620	2.8390	8.1198	6.7007	0.8498	1.9710	0.5791	0.5411	0.3278	0.5768	0.8482	0.93	0.41	4.8600	2.10	0.86	0.8076	0.59	0.24
19.585417	11.5	-8.452778	   NA	0.2459	0.9887	2.4278	0.2683	0.3353	4.5041	3.2929	3.7867	2.8704	8.1687	6.7501	0.8537	1.9810	0.5841	0.5432	0.3309	0.5823	0.8532	0.93	0.42	4.8955	2.11	0.86	0.8125	0.60	0.24
19.710417	11.625	-8.327778	   NA	0.2471	0.9952	2.4432	0.2699	0.3379	4.5397	3.3170	3.8101	2.9034	8.2165	6.8005	0.8580	1.9908	0.5896	0.5453	0.3343	0.5885	0.8587	0.94	0.42	4.9312	2.12	0.86	0.8177	0.60	0.24
19.835417	11.75	-8.202778	   NA	0.2489	1.0005	2.4596	0.2713	0.3406	4.5756	3.3416	3.8312	2.9374	8.2624	6.8495	0.8632	1.9989	0.5949	0.5477	0.3376	0.5941	0.8642	0.94	0.42	4.9663	2.13	0.87	0.8227	0.60	0.24
19.960417	11.875	-8.077778	   NA	0.2509	1.0049	2.4745	0.2726	0.3432	4.6100	3.3657	3.8501	2.9709	8.3070	6.8962	0.8693	2.0054	0.5995	0.5501	0.3406	0.5983	0.8692	0.95	0.42	5.0000	2.14	0.87	0.8272	0.60	0.25
20.085417	12	-7.952778	   NA	0.2526	1.0093	2.4888	0.2742	0.3469	4.6441	3.3894	3.8687	3.0039	8.3506	6.9407	0.8749	2.0120	0.6042	0.5524	0.3435	0.6022	0.8744	0.96	0.43	5.0329	2.14	0.88	0.8315	0.60	0.25
20.210417	12.125	-7.827778	   NA	0.2543	1.0141	2.5023	0.2760	0.3518	4.6767	3.4132	3.8878	3.0359	8.3934	6.9835	0.8796	2.0188	0.6094	0.5547	0.3465	0.6065	0.8797	0.96	0.43	5.0651	2.15	0.88	0.8359	0.60	0.25
20.335417	12.25	-7.702778	   NA	0.2559	1.0197	2.5150	0.2776	0.3563	4.7095	3.4379	3.9086	3.0668	8.4358	7.0257	0.8840	2.0264	0.6150	0.5568	0.3496	0.6108	0.8849	0.96	0.43	5.0974	2.16	0.88	0.8404	0.61	0.25
20.460417	12.375	-7.577778	   NA	0.2574	1.0259	2.5275	0.2792	0.3596	4.7430	3.4638	3.9313	3.0965	8.4794	7.0692	0.8886	2.0354	0.6205	0.5589	0.3531	0.6151	0.8899	0.97	0.43	5.1305	2.17	0.88	0.8453	0.61	0.25
20.585417	12.5	-7.452778	   NA	0.2586	1.0317	2.5401	0.2809	0.3621	4.7771	3.4904	3.9548	3.1241	8.5242	7.1146	0.8929	2.0449	0.6258	0.5611	0.3564	0.6200	0.8947	0.97	0.44	5.1642	2.18	0.89	0.8502	0.61	0.25
20.710417	12.625	-7.327778	   NA	0.2597	1.0372	2.5535	0.2826	0.3648	4.8118	3.5178	3.9775	3.1493	8.5684	7.1608	0.8969	2.0534	0.6310	0.5639	0.3596	0.6253	0.8996	0.98	0.44	5.1976	2.19	0.89	0.8550	0.61	0.25
20.835417	12.75	-7.202778	   NA	0.2610	1.0421	2.5682	0.2838	0.3681	4.8458	3.5456	3.9985	3.1738	8.6107	7.2064	0.9010	2.0617	0.6361	0.5665	0.3626	0.6300	0.9046	0.98	0.44	5.2301	2.19	0.90	0.8597	0.61	0.25
20.960417	12.875	-7.077778	   NA	0.2625	1.0469	2.5836	0.2852	0.3718	4.8787	3.5731	4.0188	3.1980	8.6514	7.2514	0.9048	2.0725	0.6414	0.5684	0.3657	0.6347	0.9100	0.99	0.44	5.2619	2.20	0.90	0.8646	0.62	0.25
21.085417	13	-6.952778	   NA	0.2644	1.0523	2.5977	0.2872	0.3753	4.9152	3.6021	4.0396	3.2259	8.6916	7.2960	0.9098	2.0832	0.6474	0.5705	0.3692	0.6402	0.9154	0.99	0.44	5.2951	2.21	0.90	0.8700	0.62	0.25
21.210417	13.125	-6.827778	   NA	0.2663	1.0576	2.6117	0.2891	0.3788	4.9523	3.6320	4.0603	3.2540	8.7318	7.3406	0.9152	2.0940	0.6533	0.5727	0.3728	0.6458	0.9207	1.00	0.45	5.3285	2.22	0.90	0.8756	0.62	0.25
21.335417	13.25	-6.702778	   NA	0.2682	1.0630	2.6257	0.2910	0.3823	4.9894	3.6620	4.0811	3.2822	8.7720	7.3853	0.9207	2.1047	0.6593	0.5749	0.3763	0.6513	0.9260	1.00	0.45	5.3620	2.22	0.91	0.8812	0.62	0.25
21.460417	13.375	-6.577778	   NA	0.2701	1.0683	2.6398	0.2929	0.3858	5.0265	3.6920	4.1019	3.3104	8.8122	7.4299	0.9262	2.1154	0.6652	0.5771	0.3799	0.6568	0.9314	1.01	0.45	5.3955	2.23	0.91	0.8868	0.63	0.26
21.585417	13.5	-6.452778	   NA	0.2720	1.0737	2.6538	0.2949	0.3893	5.0636	3.7220	4.1227	3.3386	8.8524	7.4745	0.9317	2.1262	0.6712	0.5793	0.3835	0.6623	0.9367	1.01	0.45	5.4290	2.24	0.91	0.8924	0.63	0.26
21.710417	13.625	-6.327778	   NA	0.2740	1.0790	2.6678	0.2968	0.3928	5.1007	3.7520	4.1435	3.3667	8.8926	7.5192	0.9372	2.1369	0.6771	0.5814	0.3870	0.6679	0.9421	1.02	0.46	5.4625	2.24	0.92	0.8979	0.63	0.26
21.835417	13.75	-6.202778	   NA	0.2759	1.0844	2.6818	0.2987	0.3963	5.1379	3.7820	4.1643	3.3949	8.9328	7.5638	0.9427	2.1477	0.6831	0.5836	0.3906	0.6734	0.9474	1.02	0.46	5.4959	2.25	0.92	0.9035	0.64	0.26
21.960417	13.875	-6.077778	   NA	0.2778	1.0897	2.6959	0.3006	0.3998	5.1750	3.8120	4.1851	3.4231	8.9730	7.6084	0.9482	2.1584	0.6890	0.5858	0.3941	0.6789	0.9528	1.03	0.46	5.5294	2.26	0.92	0.9091	0.64	0.26
22.085417	14	-5.952778	   NA	0.2797	1.0950	2.7099	0.3026	0.4033	5.2121	3.8420	4.2058	3.4512	9.0132	7.6530	0.9536	2.1692	0.6950	0.5880	0.3977	0.6844	0.9581	1.04	0.46	5.5629	2.27	0.92	0.9147	0.64	0.26
22.210417	14.125	-5.827778	   NA	0.2817	1.1004	2.7239	0.3045	0.4068	5.2492	3.8719	4.2266	3.4794	9.0534	7.6977	0.9591	2.1799	0.7009	0.5901	0.4012	0.6900	0.9635	1.04	0.47	5.5964	2.27	0.93	0.9202	0.64	0.26
22.335417	14.25	-5.702778	   NA	0.2836	1.1057	2.7379	0.3064	0.4103	5.2863	3.9019	4.2474	3.5076	9.0936	7.7423	0.9646	2.1907	0.7069	0.5923	0.4048	0.6955	0.9688	1.05	0.47	5.6299	2.28	0.93	0.9258	0.65	0.26
22.460417	14.375	-5.577778	   NA	0.2855	1.1111	2.7520	0.3083	0.4138	5.3234	3.9319	4.2682	3.5357	9.1338	7.7869	0.9701	2.2014	0.7128	0.5945	0.4083	0.7010	0.9741	1.05	0.47	5.6633	2.29	0.93	0.9313	0.65	0.26
22.585417	14.5	-5.452778	   NA	0.2874	1.1164	2.7660	0.3103	0.4173	5.3605	3.9619	4.2890	3.5639	9.1740	7.8315	0.9756	2.2122	0.7188	0.5967	0.4119	0.7065	0.9795	1.06	0.47	5.6968	2.29	0.94	0.9370	0.65	0.27
22.710417	14.625	-5.327778	   NA	0.2894	1.1218	2.7800	0.3122	0.4208	5.3976	3.9919	4.3098	3.5921	9.2142	7.8762	0.9811	2.2229	0.7247	0.5989	0.4154	0.7121	0.9848	1.06	0.47	5.7303	2.30	0.94	0.9425	0.65	0.27
22.835417	14.75	-5.202778	   NA	0.2913	1.1271	2.7941	0.3141	0.4243	5.4347	4.0219	4.3306	3.6202	9.2544	7.9208	0.9866	2.2336	0.7307	0.6010	0.4190	0.7176	0.9902	1.07	0.48	5.7638	2.31	0.94	0.9481	0.66	0.27
22.960417	14.875	-5.077778	   NA	0.2932	1.1325	2.8081	0.3160	0.4278	5.4718	4.0519	4.3513	3.6484	9.2946	7.9654	0.9921	2.2444	0.7366	0.6032	0.4225	0.7231	0.9955	1.07	0.48	5.7972	2.31	0.95	0.9536	0.66	0.27
23.085417	15	-4.952778	   NA	0.2951	1.1378	2.8221	0.3180	0.4313	5.5089	4.0819	4.3721	3.6766	9.3348	8.0100	0.9975	2.2551	0.7426	0.6054	0.4261	0.7287	1.0009	1.08	0.48	5.8307	2.32	0.95	0.9592	0.66	0.27
23.210417	15.125	-4.827778	   NA	0.2970	1.1432	2.8361	0.3199	0.4348	5.5461	4.1118	4.3929	3.7047	9.3750	8.0547	1.0030	2.2659	0.7485	0.6076	0.4296	0.7342	1.0062	1.08	0.48	5.8642	2.33	0.95	0.9648	0.66	0.27
23.335417	15.25	-4.702778	   NA	0.2990	1.1485	2.8502	0.3218	0.4382	5.5832	4.1418	4.4137	3.7329	9.4152	8.0993	1.0085	2.2766	0.7545	0.6097	0.4332	0.7397	1.0115	1.09	0.49	5.8977	2.34	0.95	0.9704	0.67	0.27
23.460417	15.375	-4.577778	   NA	0.3009	1.1539	2.8642	0.3237	0.4417	5.6203	4.1718	4.4345	3.7611	9.4554	8.1439	1.0140	2.2874	0.7604	0.6119	0.4367	0.7452	1.0169	1.09	0.49	5.9312	2.34	0.96	0.9759	0.67	0.27
23.585417	15.5	-4.452778	   NA	0.3028	1.1592	2.8782	0.3257	0.4452	5.6574	4.2018	4.4553	3.7892	9.4956	8.1885	1.0195	2.2981	0.7664	0.6141	0.4403	0.7508	1.0222	1.10	0.49	5.9646	2.35	0.96	0.9815	0.67	0.27
23.710417	15.625	-4.327778	   NA	0.3044	1.1647	2.8923	0.3276	0.4483	5.6980	4.2318	4.4761	3.8222	9.5359	8.2332	1.0259	2.3088	0.7724	0.6162	0.4437	0.7567	1.0275	1.10	0.49	5.9995	2.36	0.96	0.9873	0.68	0.28
23.835417	15.75	-4.202778	   NA	0.3059	1.1700	2.9063	0.3296	0.4510	5.7376	4.2640	4.4968	3.8566	9.5761	8.2778	1.0321	2.3186	0.7784	0.6181	0.4467	0.7637	1.0326	1.11	0.49	6.0348	2.36	0.96	0.9929	0.68	0.28
23.960417	15.875	-4.077778	   NA	0.3077	1.1747	2.9203	0.3314	0.4542	5.7757	4.2971	4.5177	3.8924	9.6163	8.3224	1.0380	2.3259	0.7842	0.6204	0.4493	0.7694	1.0377	1.11	0.50	6.0703	2.37	0.97	0.9979	0.68	0.28
24.085417	16	-3.952778	   NA	0.3097	1.1790	2.9343	0.3331	0.4578	5.8136	4.3301	4.5388	3.9281	9.6565	8.3671	1.0439	2.3329	0.7900	0.6228	0.4524	0.7734	1.0428	1.12	0.50	6.1057	2.37	0.97	1.0026	0.68	0.28
24.210417	16.125	-3.827778	   NA	0.3117	1.1834	2.9484	0.3347	0.4615	5.8500	4.3633	4.5591	3.9632	9.6967	8.4117	1.0489	2.3399	0.7958	0.6253	0.4557	0.7774	1.0479	1.12	0.50	6.1407	2.38	0.97	1.0072	0.68	0.28
24.335417	16.25	-3.702778	   NA	0.3137	1.1878	2.9623	0.3363	0.4657	5.8857	4.3965	4.5785	3.9969	9.7369	8.4557	1.0538	2.3470	0.8016	0.6276	0.4592	0.7811	1.0532	1.13	0.50	6.1750	2.38	0.97	1.0117	0.68	0.28
24.460417	16.375	-3.577778	   NA	0.3155	1.1923	2.9751	0.3379	0.4708	5.9223	4.4299	4.5983	4.0297	9.7771	8.4996	1.0583	2.3543	0.8073	0.6297	0.4628	0.7849	1.0583	1.13	0.51	6.2095	2.39	0.98	1.0162	0.68	0.28
24.585417	16.5	-3.452778	   NA	0.3176	1.1966	2.9877	0.3394	0.4754	5.9601	4.4636	4.6190	4.0619	9.8173	8.5444	1.0628	2.3622	0.8130	0.6314	0.4664	0.7889	1.0633	1.13	0.51	6.2444	2.40	0.98	1.0208	0.69	0.28
24.710417	16.625	-3.327778	   NA	0.3197	1.2010	3.0008	0.3408	0.4784	5.9984	4.4978	4.6398	4.0943	9.8575	8.5900	1.0677	2.3710	0.8188	0.6331	0.4701	0.7930	1.0681	1.14	0.51	6.2796	2.40	0.98	1.0256	0.69	0.28
24.835417	16.75	-3.202778	   NA	0.3218	1.2052	3.0143	0.3423	0.4809	6.0361	4.5310	4.6595	4.1265	9.8977	8.6355	1.0729	2.3794	0.8242	0.6351	0.4738	0.7970	1.0729	1.14	0.51	6.3144	2.41	0.98	1.0304	0.69	0.28
24.960417	16.875	-3.077778	   NA	0.3239	1.2095	3.0277	0.3440	0.4837	6.0720	4.5622	4.6783	4.1580	9.9379	8.6795	1.0784	2.3864	0.8295	0.6370	0.4778	0.8010	1.0778	1.15	0.51	6.3480	2.42	0.99	1.0350	0.69	0.28
25.085417	17	-2.952778	   NA	0.3260	1.2138	3.0408	0.3456	0.4867	6.1053	4.5924	4.6964	4.1886	9.9767	8.7213	1.0846	2.3927	0.8349	0.6388	0.4821	0.8050	1.0826	1.15	0.52	6.3801	2.42	0.99	1.0397	0.69	0.28
25.210417	17.125	-2.827778	   NA	0.3281	1.2182	3.0533	0.3471	0.4902	6.1366	4.6219	4.7142	4.2194	10.0137	8.7611	1.0914	2.3990	0.8403	0.6405	0.4862	0.8088	1.0874	1.16	0.52	6.4112	2.43	0.99	1.0444	0.69	0.28
25.335417	17.25	-2.702778	   NA	0.3301	1.2227	3.0655	0.3489	0.4942	6.1685	4.6515	4.7323	4.2515	10.0497	8.7994	1.0983	2.4059	0.8458	0.6425	0.4901	0.8127	1.0923	1.16	0.52	6.4421	2.43	0.99	1.0492	0.70	0.28
25.460417	17.375	-2.577778	   NA	0.3319	1.2274	3.0776	0.3507	0.4983	6.2019	4.6815	4.7510	4.2842	10.0860	8.8373	1.1044	2.4139	0.8516	0.6443	0.4943	0.8167	1.0972	1.17	0.52	6.4736	2.44	0.99	1.0542	0.70	0.28
25.585417	17.5	-2.452778	   NA	0.3335	1.2321	3.0888	0.3525	0.5036	6.2362	4.7119	4.7703	4.3166	10.1232	8.8755	1.1100	2.4227	0.8579	0.6458	0.4991	0.8208	1.1021	1.17	0.52	6.5056	2.44	1.00	1.0594	0.70	0.29
25.710417	17.625	-2.327778	   NA	0.3351	1.2364	3.1007	0.3543	0.5120	6.2714	4.7424	4.7895	4.3499	10.1609	8.9144	1.1154	2.4315	0.8649	0.6494	0.5041	0.8250	1.1077	1.17	0.52	6.5381	2.45	1.00	1.0651	0.70	0.29
25.835417	17.75	-2.202778	   NA	0.3366	1.2405	3.1131	0.3560	0.5218	6.3053	4.7729	4.8080	4.3838	10.1972	8.9530	1.1209	2.4393	0.8723	0.6534	0.5087	0.8288	1.1136	1.18	0.53	6.5700	2.45	1.00	1.0706	0.70	0.29
25.960417	17.875	-2.077778	   NA	0.3384	1.2445	3.1249	0.3575	0.5297	6.3362	4.8027	4.8261	4.4160	10.2312	8.9900	1.1261	2.4459	0.8795	0.6555	0.5129	0.8320	1.1190	1.18	0.53	6.6004	2.45	1.00	1.0753	0.70	0.29
26.085417	18	-1.952778	   NA	0.3405	1.2486	3.1359	0.3590	0.5353	6.3658	4.8322	4.8437	4.4475	10.2635	9.0261	1.1313	2.4521	0.8865	0.6574	0.5170	0.8352	1.1239	1.18	0.53	6.6298	2.46	1.00	1.0799	0.70	0.29
26.210417	18.125	-1.827778	   NA	0.3426	1.2528	3.1469	0.3607	0.5397	6.3958	4.8620	4.8609	4.4785	10.2955	9.0621	1.1365	2.4585	0.8936	0.6591	0.5210	0.8386	1.1285	1.19	0.53	6.6591	2.46	1.00	1.0845	0.71	0.29
26.335417	18.25	-1.702778	   NA	0.3447	1.2574	3.1584	0.3625	0.5439	6.4269	4.8915	4.8785	4.5094	10.3279	9.0982	1.1425	2.4658	0.9009	0.6610	0.5250	0.8420	1.1334	1.19	0.53	6.6887	2.46	1.01	1.0895	0.71	0.29
26.460417	18.375	-1.577778	   NA	0.3466	1.2620	3.1699	0.3646	0.5482	6.4587	4.9212	4.8970	4.5401	10.3616	9.1345	1.1492	2.4752	0.9088	0.6632	0.5292	0.8455	1.1383	1.20	0.53	6.7188	2.47	1.01	1.0952	0.71	0.29
26.585417	18.5	-1.452778	   NA	0.3481	1.2667	3.1821	0.3665	0.5539	6.4907	4.9517	4.9161	4.5713	10.3960	9.1708	1.1557	2.4854	0.9172	0.6649	0.5333	0.8493	1.1435	1.20	0.54	6.7494	2.47	1.01	1.1010	0.71	0.29
26.710417	18.625	-1.327778	   NA	0.3496	1.2717	3.1942	0.3682	0.5612	6.5226	4.9833	4.9353	4.6041	10.4298	9.2072	1.1616	2.4945	0.9258	0.6666	0.5372	0.8535	1.1490	1.20	0.54	6.7804	2.48	1.01	1.1065	0.71	0.29
26.835417	18.75	-1.202778	   NA	0.3511	1.2767	3.2066	0.3699	0.5693	6.5540	5.0156	4.9544	4.6376	10.4624	9.2428	1.1675	2.5024	0.9341	0.6688	0.5411	0.8576	1.1547	1.21	0.54	6.8111	2.48	1.01	1.1119	0.71	0.29
26.960417	18.875	-1.077778	   NA	0.3529	1.2819	3.2184	0.3717	0.5773	6.5842	5.0475	4.9731	4.6716	10.4941	9.2771	1.1735	2.5094	0.9419	0.6710	0.5448	0.8614	1.1604	1.21	0.54	6.8413	2.48	1.01	1.1170	0.72	0.29
27.085417	19	-0.952778	   NA	0.3551	1.2872	3.2298	0.3734	0.5832	6.6129	5.0788	4.9911	4.7064	10.5248	9.3102	1.1790	2.5161	0.9491	0.6729	0.5482	0.8650	1.1657	1.21	0.54	6.8707	2.48	1.01	1.1217	0.72	0.29
27.210417	19.125	-0.827778	   NA	0.3572	1.2924	3.2415	0.3752	0.5873	6.6408	5.1095	5.0086	4.7417	10.5546	9.3426	1.1843	2.5229	0.9558	0.6743	0.5515	0.8684	1.1707	1.22	0.54	6.8996	2.48	1.01	1.1262	0.72	0.29
27.335417	19.25	-0.702778	   NA	0.3591	1.2979	3.2535	0.3768	0.5902	6.6687	5.1407	5.0262	4.7783	10.5844	9.3754	1.1895	2.5302	0.9624	0.6757	0.5548	0.8718	1.1755	1.22	0.55	6.9289	2.48	1.01	1.1307	0.72	0.29
27.460417	19.375	-0.577778	   NA	0.3607	1.3034	3.2653	0.3784	0.5931	6.6985	5.1725	5.0445	4.8167	10.6152	9.4092	1.1953	2.5384	0.9690	0.6776	0.5582	0.8752	1.1802	1.23	0.55	6.9594	2.49	1.01	1.1356	0.72	0.29
27.585417	19.5	-0.452778	   NA	0.3625	1.3088	3.2776	0.3802	0.6001	6.7298	5.2041	5.0639	4.8568	10.6466	9.4432	1.2012	2.5474	0.9757	0.6796	0.5616	0.8790	1.1858	1.23	0.55	6.9907	2.49	1.01	1.1407	0.72	0.30
27.710417	19.625	-0.327778	   NA	0.3644	1.3142	3.2908	0.3820	0.6099	6.7614	5.2348	5.0833	4.8985	10.7067	9.4774	1.2084	2.5563	0.9824	0.6817	0.5648	0.8831	1.1923	1.23	0.55	7.0270	2.50	1.02	1.1461	0.73	0.30
27.835417	19.75	-0.202778	   NA	0.3664	1.3195	3.3044	0.3838	0.6175	6.7936	5.2650	5.1025	4.9407	10.7873	9.5118	1.2164	2.5649	0.9892	0.6837	0.5681	0.8872	1.1983	1.24	0.55	7.0668	2.51	1.03	1.1516	0.73	0.30
27.960417	19.875	-0.077778	   NA	0.3684	1.3249	3.3179	0.3855	0.6239	6.8259	5.2951	5.1217	4.9829	10.8679	9.5464	1.2246	2.5734	0.9959	0.6856	0.5714	0.8913	1.2041	1.24	0.56	7.1067	2.53	1.03	1.1570	0.73	0.30
28.038194	19.952778	0	   NA	0.0000	0.0000	0.0000	0.0000	0.0000	0.0000	0.0000	0.0000	0.0000	0.0000	0.0000	0.0000	0.0000	0.0000	0.0000	0.0000	0.0000	0.0000	0.00	0.00	0.0000	0.00	0.00	0.0000	0.00	0.00
28.163194	20.077778	0.125	   NA	0.0177	0.0051	0.0411	0.0011	0.0039	0.0794	0.0723	0.0624	0.0968	0.0806	0.0930	0.0167	0.0135	0.0088	0.0043	0.0141	0.0113	0.0138	0.02	0.01	0.0807	0.01	0.01	0.0114	0.00	0.00
28.288194	20.202778	0.25	   NA	0.0395	0.0102	0.1009	0.0022	0.0072	0.1874	0.1602	0.1248	0.2299	0.1680	0.1993	0.0334	0.0270	0.0176	0.0096	0.0282	0.0226	0.0320	0.04	0.02	0.1783	0.04	0.01	0.0231	0.01	0.00
28.413194	20.327778	0.375	   NA	0.0723	0.0152	0.1769	0.0027	0.0081	0.3328	0.2878	0.2345	0.4035	0.3159	0.3752	0.0501	0.0447	0.0297	0.0153	0.0508	0.0393	0.0550	0.07	0.03	0.3250	0.06	0.02	0.0383	0.01	0.01
28.538194	20.452778	0.5	   NA	0.1050	0.0207	0.2577	0.0031	0.0088	0.4940	0.4290	0.3563	0.6032	0.4960	0.5900	0.0668	0.0637	0.0457	0.0204	0.0764	0.0584	0.0791	0.11	0.05	0.4947	0.09	0.04	0.0552	0.02	0.01
28.663194	20.577778	0.625	   NA	0.1382	0.0266	0.3399	0.0036	0.0095	0.6648	0.5786	0.4853	0.8299	0.7073	0.8477	0.0836	0.0814	0.0632	0.0252	0.1066	0.0798	0.1036	0.14	0.06	0.6856	0.14	0.06	0.0733	0.03	0.01
28.788194	20.702778	0.75	   NA	0.1726	0.0319	0.4204	0.0046	0.0101	0.8420	0.7320	0.6164	1.0773	0.9401	1.1397	0.1003	0.0974	0.0788	0.0299	0.1383	0.1014	0.1279	0.18	0.08	0.8913	0.20	0.08	0.0910	0.04	0.01
28.913194	20.827778	0.875	   NA	0.2089	0.0361	0.4997	0.0055	0.0113	1.0226	0.8854	0.7487	1.3317	1.1857	1.4419	0.1170	0.1130	0.0922	0.0346	0.1697	0.1229	0.1523	0.21	0.09	1.1027	0.27	0.11	0.1082	0.04	0.02
29.038194	20.952778	1	   NA	0.2461	0.0400	0.5760	0.0063	0.0126	1.2078	1.0413	0.8815	1.5916	1.4341	1.7449	0.1380	0.1286	0.1052	0.0393	0.2010	0.1444	0.1762	0.24	0.11	1.3169	0.33	0.14	0.1261	0.05	0.02
29.163194	21.077778	1.125	   NA	0.2848	0.0429	0.6504	0.0065	0.0141	1.3985	1.2034	1.0172	1.8606	1.6907	2.0533	0.1618	0.1447	0.1164	0.0438	0.2327	0.1648	0.1997	0.28	0.12	1.5373	0.40	0.16	0.1440	0.06	0.03
29.288194	21.202778	1.25	   NA	0.3247	0.0454	0.7252	0.0068	0.0157	1.5954	1.3724	1.1586	2.1430	1.9537	2.3727	0.1856	0.1621	0.1272	0.0484	0.2636	0.1849	0.2236	0.31	0.14	1.7660	0.47	0.19	0.1620	0.07	0.03
29.413194	21.327778	1.375	   NA	0.3662	0.0480	0.8000	0.0072	0.0166	1.7981	1.5464	1.3063	2.4394	2.2236	2.7005	0.2102	0.1799	0.1387	0.0532	0.2939	0.2044	0.2476	0.34	0.15	2.0024	0.54	0.22	0.1800	0.08	0.03
29.538194	21.452778	1.5	   NA	0.4084	0.0510	0.8738	0.0074	0.0174	2.0050	1.7235	1.4596	2.7470	2.4996	3.0339	0.2357	0.1977	0.1515	0.0578	0.3256	0.2236	0.2716	0.38	0.17	2.2448	0.61	0.25	0.1986	0.09	0.04
29.663194	21.577778	1.625	   NA	0.4517	0.0544	0.9470	0.0077	0.0181	2.2158	1.9047	1.6191	3.0634	2.7789	3.3733	0.2623	0.2154	0.1646	0.0625	0.3579	0.2425	0.2958	0.41	0.18	2.4925	0.69	0.28	0.2175	0.10	0.04
29.788194	21.702778	1.75	   NA	0.4963	0.0579	1.0198	0.0079	0.0184	2.4320	2.0916	1.7854	3.3881	3.0585	3.7186	0.2900	0.2339	0.1769	0.0674	0.3900	0.2614	0.3201	0.44	0.20	2.7457	0.76	0.31	0.2366	0.11	0.04
29.913194	21.827778	1.875	   NA	0.5415	0.0615	1.0925	0.0080	0.0184	2.6541	2.2818	1.9580	3.7196	3.3374	4.0677	0.3183	0.2540	0.1884	0.0723	0.4212	0.2802	0.3444	0.47	0.21	3.0031	0.84	0.34	0.2557	0.12	0.05
30.038194	21.952778	2	   NA	0.5871	0.0649	1.1655	0.0079	0.0186	2.8793	2.4793	2.1347	4.0565	3.6165	4.4224	0.3486	0.2742	0.1998	0.0776	0.4517	0.2990	0.3688	0.51	0.23	3.2648	0.91	0.37	0.2751	0.13	0.05
30.163194	22.077778	2.125	   NA	0.6333	0.0684	1.2373	0.0080	0.0191	3.1063	2.6772	2.3163	4.3973	3.8939	4.7816	0.3792	0.2943	0.2110	0.0829	0.4814	0.3176	0.3932	0.54	0.24	3.5288	0.98	0.40	0.2944	0.14	0.06
30.288194	22.202778	2.25	   NA	0.6795	0.0721	1.3085	0.0081	0.0195	3.3343	2.8793	2.5016	4.7409	4.1691	5.1452	0.4090	0.3145	0.2226	0.0878	0.5119	0.3360	0.4175	0.57	0.26	3.7951	1.06	0.43	0.3136	0.15	0.06
30.413194	22.327778	2.375	   NA	0.7253	0.0764	1.3803	0.0082	0.0198	3.5633	3.0845	2.6913	5.0874	4.4436	5.5162	0.4393	0.3353	0.2359	0.0932	0.5451	0.3545	0.4420	0.60	0.27	4.0644	1.13	0.46	0.3339	0.16	0.06
30.538194	22.452778	2.5	   NA	0.7710	0.0822	1.4528	0.0086	0.0201	3.7949	3.2923	2.8851	5.4357	4.7200	5.8942	0.4705	0.3564	0.2516	0.0987	0.5816	0.3737	0.4669	0.64	0.28	4.3370	1.21	0.49	0.3554	0.17	0.07
30.663194	22.577778	2.625	   NA	0.8166	0.0885	1.5262	0.0095	0.0205	4.0282	3.5014	3.0851	5.7866	4.9965	6.2755	0.5026	0.3780	0.2695	0.1040	0.6200	0.3935	0.4923	0.67	0.30	4.6122	1.28	0.52	0.3779	0.18	0.07
30.788194	22.702778	2.75	   NA	0.8623	0.0948	1.5997	0.0101	0.0213	4.2624	3.7129	3.2893	6.1407	5.2675	6.6572	0.5367	0.4007	0.2879	0.1098	0.6574	0.4138	0.5176	0.70	0.31	4.8883	1.35	0.55	0.4010	0.19	0.08
30.913194	22.827778	2.875	   NA	0.9075	0.1014	1.6741	0.0098	0.0231	4.4988	3.9278	3.4925	6.4961	5.5344	7.0349	0.5707	0.4239	0.3058	0.1161	0.6935	0.4342	0.5432	0.74	0.33	5.1641	1.43	0.58	0.4240	0.20	0.08
31.038194	22.952778	3	   NA	0.9511	0.1082	1.7494	0.0096	0.0248	4.7348	4.1429	3.6959	6.8520	5.7982	7.4084	0.6060	0.4471	0.3223	0.1224	0.7296	0.4541	0.5686	0.77	0.34	5.4387	1.50	0.61	0.4469	0.21	0.09
31.163194	23.077778	3.125	   NA	0.9937	0.1148	1.8261	0.0096	0.0259	4.9670	4.3564	3.9016	7.2099	6.0582	7.7810	0.6426	0.4702	0.3373	0.1294	0.7647	0.4728	0.5940	0.80	0.36	5.7123	1.57	0.64	0.4695	0.22	0.09
31.288194	23.202778	3.25	   NA	1.0361	0.1207	1.9056	0.0098	0.0265	5.1970	4.5694	4.1096	7.5706	6.3183	8.1550	0.6806	0.4939	0.3527	0.1367	0.7988	0.4911	0.6197	0.84	0.37	5.9867	1.64	0.67	0.4923	0.23	0.10
31.413194	23.327778	3.375	   NA	1.0779	0.1264	1.9867	0.0098	0.0267	5.4269	4.7825	4.3206	7.9347	6.5795	8.5292	0.7192	0.5179	0.3691	0.1440	0.8341	0.5094	0.6455	0.87	0.39	6.2622	1.71	0.70	0.5156	0.25	0.10
31.538194	23.452778	3.5	   NA	1.1192	0.1320	2.0708	0.0098	0.0271	5.6557	4.9962	4.5345	8.3038	6.8407	8.9023	0.7589	0.5420	0.3871	0.1514	0.8702	0.5278	0.6718	0.91	0.41	6.5389	1.79	0.73	0.5396	0.26	0.11
31.663194	23.577778	3.625	   NA	1.1596	0.1383	2.1561	0.0101	0.0279	5.8841	5.2111	4.7505	8.6779	7.1030	9.2736	0.7996	0.5663	0.4063	0.1599	0.9062	0.5467	0.6984	0.95	0.42	6.8167	1.86	0.76	0.5642	0.27	0.11
31.788194	23.702778	3.75	   NA	1.1984	0.1448	2.2409	0.0104	0.0287	6.1127	5.4272	4.9684	9.0572	7.3640	9.6412	0.8414	0.5909	0.4257	0.1685	0.9415	0.5661	0.7246	0.98	0.44	7.0951	1.93	0.79	0.5890	0.28	0.11
31.913194	23.827778	3.875	   NA	1.2361	0.1510	2.3257	0.0106	0.0293	6.3387	5.6433	5.1873	9.4421	7.6196	9.9996	0.8837	0.6155	0.4448	0.1775	0.9761	0.5852	0.7505	1.02	0.46	7.3718	2.00	0.82	0.6138	0.29	0.12
32.038194	23.952778	4	   NA	1.2729	0.1572	2.4105	0.0108	0.0298	6.5602	5.8585	5.4067	9.8270	7.8710	10.3503	0.9263	0.6400	0.4639	0.1862	1.0106	0.6041	0.7762	1.05	0.47	7.6456	2.07	0.85	0.6385	0.30	0.12
32.163194	24.077778	4.125	   NA	1.3084	0.1641	2.4970	0.0112	0.0303	6.7772	6.0738	5.6276	10.2184	8.1197	10.6916	0.9701	0.6647	0.4834	0.1955	1.0453	0.6229	0.8022	1.09	0.49	7.9180	2.14	0.88	0.6636	0.31	0.13
32.288194	24.202778	4.25	   NA	1.3431	0.1715	2.5837	0.0117	0.0310	6.9910	6.2902	5.8507	10.6145	8.3688	11.0247	1.0150	0.6901	0.5042	0.2055	1.0811	0.6420	0.8282	1.13	0.50	8.1900	2.21	0.90	0.6896	0.33	0.13
32.413194	24.327778	4.375	   NA	1.3775	0.1789	2.6726	0.0124	0.0317	7.2012	6.5074	6.0761	11.0123	8.6191	11.3497	1.0614	0.7165	0.5262	0.2161	1.1195	0.6613	0.8546	1.16	0.52	8.4610	2.28	0.93	0.7168	0.34	0.14
32.538194	24.452778	4.5	   NA	1.4114	0.1868	2.7639	0.0131	0.0321	7.4086	6.7251	6.3035	11.4120	8.8700	11.6663	1.1086	0.7426	0.5491	0.2270	1.1589	0.6801	0.8815	1.20	0.54	8.7309	2.34	0.96	0.7444	0.35	0.14
32.663194	24.577778	4.625	   NA	1.4444	0.1950	2.8570	0.0133	0.0322	7.6118	6.9426	6.5328	11.8139	9.1198	11.9718	1.1561	0.7689	0.5734	0.2384	1.1976	0.6988	0.9084	1.24	0.56	8.9988	2.41	0.98	0.7722	0.36	0.15
32.788194	24.702778	4.75	   NA	1.4762	0.2039	2.9516	0.0136	0.0326	7.8094	7.1592	6.7637	12.2192	9.3666	12.2636	1.2039	0.7968	0.5990	0.2507	1.2358	0.7185	0.9356	1.28	0.57	9.2636	2.47	1.01	0.8008	0.37	0.15
32.913194	24.827778	4.875	   NA	1.5069	0.2126	3.0474	0.0144	0.0333	8.0017	7.3744	6.9945	12.6261	9.6085	12.5407	1.2528	0.8255	0.6257	0.2634	1.2737	0.7383	0.9629	1.32	0.59	9.5243	2.53	1.03	0.8299	0.39	0.16
33.038194	24.952778	5	   NA	1.5368	0.2207	3.1441	0.0150	0.0340	8.1879	7.5879	7.2254	13.0325	9.8465	12.8030	1.3025	0.8551	0.6527	0.2767	1.3115	0.7579	0.9901	1.36	0.61	9.7805	2.59	1.06	0.8594	0.40	0.16
33.163194	25.077778	5.125	   NA	1.5661	0.2285	3.2419	0.0153	0.0346	8.3677	7.8000	7.4562	13.4397	10.0823	13.0516	1.3529	0.8850	0.6802	0.2905	1.3489	0.7773	1.0173	1.40	0.63	10.0329	2.65	1.08	0.8891	0.41	0.17
33.288194	25.202778	5.25	   NA	1.5947	0.2360	3.3411	0.0157	0.0350	8.5422	8.0121	7.6876	13.8501	10.3164	13.2888	1.4049	0.9153	0.7089	0.3047	1.3876	0.7967	1.0445	1.44	0.64	10.2829	2.71	1.11	0.9197	0.42	0.17
33.413194	25.327778	5.375	   NA	1.6227	0.2437	3.4421	0.0163	0.0354	8.7120	8.2240	7.9205	14.2636	10.5494	13.5164	1.4583	0.9468	0.7392	0.3198	1.4296	0.8162	1.0720	1.48	0.66	10.5310	2.77	1.13	0.9516	0.44	0.18
33.538194	25.452778	5.5	   NA	1.6503	0.2518	3.5441	0.0167	0.0361	8.8764	8.4350	8.1540	14.6810	10.7817	13.7351	1.5123	0.9793	0.7717	0.3356	1.4728	0.8353	1.0998	1.52	0.68	10.7772	2.83	1.15	0.9845	0.45	0.18
33.663194	25.577778	5.625	   NA	1.6772	0.2595	3.6466	0.0170	0.0369	9.0349	8.6451	8.3881	15.1035	11.0139	13.9459	1.5671	1.0130	0.8063	0.3526	1.5149	0.8543	1.1274	1.57	0.70	11.0219	2.89	1.18	1.0180	0.46	0.19
33.788194	25.702778	5.75	   NA	1.7036	0.2671	3.7486	0.0178	0.0378	9.1870	8.8544	8.6230	15.5288	11.2460	14.1489	1.6229	1.0477	0.8421	0.3707	1.5560	0.8730	1.1550	1.61	0.72	11.2647	2.95	1.21	1.0521	0.47	0.19
33.913194	25.827778	5.875	   NA	1.7295	0.2747	3.8504	0.0189	0.0397	9.3319	9.0621	8.8585	15.9555	11.4773	14.3436	1.6795	1.0829	0.8788	0.3900	1.5973	0.8912	1.1826	1.65	0.74	11.5048	3.02	1.23	1.0866	0.49	0.20
34.038194	25.952778	6	   NA	1.7555	0.2825	3.9539	0.0199	0.0421	9.4699	9.2678	9.0935	16.3844	11.7058	14.5306	1.7365	1.1197	0.9169	0.4103	1.6387	0.9097	1.2108	1.69	0.76	11.7420	3.09	1.26	1.1220	0.50	0.20
34.163194	26.077778	6.125	   NA	1.7814	0.2905	4.0580	0.0207	0.0441	9.6018	9.4726	9.3274	16.8157	11.9308	14.7115	1.7937	1.1583	0.9568	0.4311	1.6799	0.9286	1.2389	1.74	0.78	11.9766	3.16	1.29	1.1581	0.51	0.21
34.288194	26.202778	6.25	   NA	1.8074	0.2983	4.1619	0.0213	0.0453	9.7287	9.6758	9.5606	17.2476	12.1532	14.8876	1.8512	1.1984	0.9988	0.4524	1.7220	0.9477	1.2668	1.78	0.80	12.2089	3.23	1.32	1.1951	0.52	0.21
34.413194	26.327778	6.375	   NA	1.8336	0.3062	4.2665	0.0220	0.0462	9.8508	9.8770	9.7939	17.6786	12.3735	15.0595	1.9094	1.2401	1.0431	0.4746	1.7654	0.9673	1.2949	1.82	0.81	12.4389	3.30	1.35	1.2333	0.53	0.22
34.538194	26.452778	6.5	   NA	1.8604	0.3146	4.3722	0.0229	0.0470	9.9701	10.0773	10.0258	18.1100	12.5912	15.2274	1.9681	1.2830	1.0891	0.4978	1.8095	0.9869	1.3234	1.87	0.83	12.6670	3.38	1.38	1.2724	0.55	0.22
34.663194	26.577778	6.625	   NA	1.8875	0.3240	4.4776	0.0238	0.0476	10.0919	10.2774	10.2558	18.5408	12.8074	15.3917	2.0277	1.3268	1.1367	0.5220	1.8537	1.0061	1.3521	1.91	0.85	12.8942	3.46	1.41	1.3122	0.56	0.23
34.788194	26.702778	6.75	   NA	1.9140	0.3341	4.5819	0.0245	0.0478	10.2142	10.4762	10.4840	18.9690	13.0234	15.5526	2.0871	1.3723	1.1880	0.5468	1.8993	1.0259	1.3805	1.95	0.87	13.1199	3.54	1.44	1.3532	0.57	0.23
34.913194	26.827778	6.875	   NA	1.9401	0.3434	4.6853	0.0245	0.0478	10.3347	10.6739	10.7088	19.3956	13.2390	15.7115	2.1471	1.4333	1.2505	0.5759	1.9545	1.0561	1.4082	2.00	0.89	13.3439	3.62	1.48	1.4029	0.58	0.24
35.038194	26.952778	7	   NA	1.9667	0.3527	4.7880	0.0246	0.0492	10.4525	10.8707	10.9336	19.8207	13.4505	15.8677	2.2102	1.4941	1.3134	0.6136	2.0075	1.0856	1.4362	2.04	0.91	13.5659	3.70	1.51	1.4541	0.59	0.24
35.163194	27.077778	7.125	   NA	1.9935	0.3613	4.8892	0.0245	0.0513	10.5694	11.0657	11.1538	20.2435	13.6563	16.0201	2.2745	1.5454	1.3686	0.6477	2.0501	1.1076	1.4640	2.08	0.93	13.7848	3.78	1.54	1.4990	0.60	0.25
35.288194	27.202778	7.25	   NA	2.0214	0.3708	4.9869	0.0251	0.0528	10.6833	11.2570	11.3678	20.6591	13.8580	16.1678	2.3371	1.5913	1.4216	0.6732	2.0904	1.1272	1.4914	2.12	0.95	13.9988	3.86	1.58	1.5401	0.61	0.25
35.413194	27.327778	7.375	   NA	2.0487	0.3812	5.0811	0.0258	0.0539	10.7929	11.4461	11.5809	21.0656	14.0563	16.3121	2.3997	1.6373	1.4738	0.6980	2.1313	1.1469	1.5181	2.16	0.97	14.2090	3.94	1.61	1.5812	0.63	0.26
35.538194	27.452778	7.5	   NA	2.0752	0.3923	5.1719	0.0268	0.0548	10.8971	11.6312	11.7881	21.4635	14.2529	16.4547	2.4613	1.6837	1.5266	0.7221	2.1724	1.1665	1.5442	2.20	0.98	14.4146	4.02	1.64	1.6221	0.64	0.26
35.663194	27.577778	7.625	   NA	2.1005	0.4059	5.2610	0.0278	0.0552	10.9998	11.8122	11.9901	21.8518	14.4470	16.5936	2.5235	1.7308	1.5854	0.7462	2.2112	1.1861	1.5701	2.23	1.00	14.6158	4.10	1.67	1.6639	0.65	0.27
35.788194	27.702778	7.75	   NA	2.1254	0.4200	5.3503	0.0278	0.0570	11.1061	11.9908	12.1914	22.2338	14.6371	16.7301	2.5928	1.7766	1.6443	0.7735	2.2493	1.2036	1.5961	2.27	1.01	14.8149	4.18	1.71	1.7067	0.67	0.27
35.913194	27.827778	7.875	   NA	2.1505	0.4313	5.4388	0.0274	0.0601	11.2105	12.1686	12.3863	22.6124	14.8228	16.8652	2.6627	1.8204	1.6974	0.8015	2.2859	1.2196	1.6216	2.30	1.03	15.0110	4.26	1.74	1.7479	0.68	0.28
36.038194	27.952778	8	   NA	2.1765	0.4421	5.5266	0.0279	0.0630	11.3096	12.3423	12.5742	22.9848	15.0033	16.9966	2.7266	1.8650	1.7511	0.8281	2.3230	1.2375	1.6472	2.34	1.05	15.2018	4.34	1.77	1.7885	0.69	0.28
36.163194	28.077778	8.125	   NA	2.2026	0.4539	5.6129	0.0286	0.0657	11.4068	12.5136	12.7590	23.3516	15.1812	17.1248	2.7905	1.9105	1.8073	0.8549	2.3604	1.2574	1.6727	2.38	1.06	15.3895	4.42	1.80	1.8302	0.71	0.29
36.288194	28.202778	8.25	   NA	2.2289	0.4657	5.6971	0.0293	0.0675	11.5005	12.6834	12.9411	23.7115	15.3582	17.2515	2.8554	1.9564	1.8644	0.8815	2.3974	1.2781	1.6977	2.41	1.08	15.5744	4.49	1.83	1.8722	0.72	0.29
36.413194	28.327778	8.375	   NA	2.2550	0.4787	5.7803	0.0304	0.0686	11.5919	12.8515	13.1203	24.0653	15.5345	17.3783	2.9212	2.0031	1.9216	0.9080	2.4341	1.2993	1.7226	2.44	1.09	15.7570	4.57	1.87	1.9145	0.73	0.30
36.538194	28.452778	8.5	   NA	2.2805	0.4923	5.8627	0.0317	0.0696	11.6826	13.0185	13.2974	24.4129	15.7101	17.5062	2.9883	2.0508	1.9788	0.9348	2.4716	1.3207	1.7474	2.48	1.11	15.9380	4.65	1.90	1.9575	0.75	0.30
36.663194	28.577778	8.625	   NA	2.3064	0.5065	5.9439	0.0335	0.0711	11.7727	13.1848	13.4730	24.7553	15.8859	17.6350	3.0583	2.0988	2.0357	0.9615	2.5099	1.3426	1.7723	2.51	1.12	16.1178	4.72	1.93	2.0011	0.76	0.31
36.788194	28.702778	8.75	   NA	2.3332	0.5214	6.0238	0.0348	0.0724	11.8609	13.3495	13.6462	25.0890	16.0546	17.7634	3.1684	2.1466	2.0917	1.0092	2.5475	1.3645	1.7971	2.54	1.14	16.2939	4.79	1.96	2.0546	0.78	0.32
36.913194	28.827778	8.875	   NA	2.3597	0.5355	6.1027	0.0345	0.0737	11.9456	13.5098	13.8130	25.4138	16.2230	17.8896	3.4047	2.1925	2.1444	1.1022	2.5834	1.3852	1.8212	2.57	1.15	16.4658	4.87	1.99	2.1354	0.83	0.34
37.038194	28.952778	9	   NA	2.3859	0.5494	6.1815	0.0341	0.0750	12.0303	13.6690	13.9786	25.7387	16.3915	18.0156	3.6012	2.2373	2.1962	1.1820	2.6188	1.4055	1.8452	2.61	1.17	16.6373	4.94	2.02	2.2068	0.87	0.36
37.163194	29.077778	9.125	   NA	2.4110	0.5635	6.2591	0.0340	0.0764	12.1126	13.8222	14.1394	26.0540	16.5487	18.1383	3.6684	2.2808	2.2464	1.2157	2.6541	1.4262	1.8688	2.64	1.18	16.8025	5.01	2.04	2.2486	0.89	0.36
37.288194	29.202778	9.25	   NA	2.4356	0.5787	6.3349	0.0350	0.0776	12.1903	13.9729	14.2982	26.3549	16.7056	18.2585	3.7340	2.3238	2.2960	1.2401	2.6902	1.4483	1.8924	2.67	1.19	16.9634	5.07	2.07	2.2887	0.90	0.37
37.413194	29.327778	9.375	   NA	2.4605	0.5945	6.4101	0.0366	0.0790	12.2668	14.1227	14.4551	26.6541	16.8590	18.3780	3.7993	2.3662	2.3441	1.2640	2.7270	1.4705	1.9161	2.70	1.21	17.1226	5.14	2.10	2.3285	0.92	0.37
37.538194	29.452778	9.5	   NA	2.4847	0.6108	6.4840	0.0381	0.0801	12.3421	14.2702	14.6109	26.9563	17.0102	18.4971	3.8635	2.4074	2.3907	1.2869	2.7643	1.4931	1.9395	2.73	1.22	17.2811	5.21	2.13	2.3677	0.93	0.38
37.663194	29.577778	9.625	   NA	2.5072	0.6285	6.5565	0.0392	0.0803	12.4178	14.4150	14.7657	27.2562	17.1592	18.6147	3.9280	2.4590	2.4373	1.3102	2.8056	1.5280	1.9623	2.76	1.23	17.4381	5.28	2.16	2.4113	0.94	0.39
37.788194	29.702778	9.75	   NA	2.5288	0.6440	6.6284	0.0402	0.0807	12.4951	14.5609	14.9153	27.5513	17.3029	18.7298	3.9966	2.5134	2.4796	1.3366	2.8450	1.5654	1.9844	2.79	1.25	17.5925	5.35	2.18	2.4561	0.96	0.39
37.913194	29.827778	9.875	   NA	2.5503	0.6576	6.6999	0.0413	0.0813	12.5688	14.7015	15.0610	27.8391	17.4402	18.8439	4.0636	2.5533	2.5165	1.3610	2.8786	1.5892	2.0061	2.82	1.26	17.7424	5.41	2.21	2.4937	0.97	0.40
38.038194	29.952778	10	   NA	2.5717	0.6734	6.7711	0.0422	0.0827	12.6368	14.8318	15.2057	28.1114	17.5740	18.9567	4.1240	2.5877	2.5525	1.3815	2.9128	1.6099	2.0282	2.84	1.27	17.8861	5.47	2.24	2.5281	0.99	0.40
38.163194	30.077778	10.125	   NA	2.5926	0.6894	6.8423	0.0429	0.0841	12.7025	14.9569	15.3464	28.3713	17.7026	19.0674	4.1812	2.6221	2.5861	1.4015	2.9483	1.6323	2.0503	2.87	1.28	18.0245	5.53	2.26	2.5619	1.00	0.41
38.288194	30.202778	10.25	   NA	2.6125	0.7067	6.9135	0.0437	0.0857	12.7670	15.0775	15.4846	28.6246	17.8266	19.1763	4.2366	2.6553	2.6170	1.4209	2.9850	1.6551	2.0724	2.90	1.30	18.1594	5.59	2.28	2.5950	1.01	0.41
38.413194	30.327778	10.375	   NA	2.6322	0.7244	6.9837	0.0448	0.0874	12.8311	15.1938	15.6208	28.8749	17.9470	19.2839	4.2905	2.6872	2.6460	1.4401	3.0219	1.6780	2.0945	2.93	1.31	18.2919	5.65	2.31	2.6273	1.02	0.42
38.538194	30.452778	10.5	   NA	2.6518	0.7408	7.0494	0.0460	0.0890	12.8936	15.3072	15.7541	29.1207	18.0648	19.3909	4.3439	2.7177	2.6735	1.4576	3.0603	1.7007	2.1154	2.95	1.32	18.4219	5.71	2.33	2.6589	1.04	0.42
38.663194	30.577778	10.625	   NA	2.6704	0.7569	7.1121	0.0477	0.0907	12.9548	15.4171	15.8878	29.3629	18.1793	19.4967	4.3953	2.7498	2.7020	1.4730	3.0993	1.7249	2.1356	2.98	1.33	18.5498	5.76	2.35	2.6907	1.05	0.43
38.788194	30.702778	10.75	   NA	2.6885	0.7731	7.1774	0.0495	0.0926	13.0201	15.5218	16.0166	29.6006	18.2886	19.5993	4.4455	2.7822	2.7285	1.4902	3.1380	1.7488	2.1562	3.00	1.34	18.6745	5.82	2.38	2.7222	1.06	0.43
38.913194	30.827778	10.875	   NA	2.7066	0.7891	7.2398	0.0512	0.0948	13.0888	15.6222	16.1424	29.8194	18.3955	19.7000	4.4942	2.8139	2.7535	1.5095	3.1767	1.7721	2.1763	3.03	1.35	18.7947	5.87	2.40	2.7533	1.07	0.44
39.038194	30.952778	11	   NA	2.7246	0.8050	7.2994	0.0531	0.0976	13.1512	15.7185	16.2598	30.0228	18.4981	19.7980	4.5408	2.8402	2.7735	1.5256	3.2154	1.7923	2.1959	3.05	1.36	18.9081	5.91	2.41	2.7813	1.08	0.44
39.163194	31.077778	11.125	   NA	2.7421	0.8206	7.3580	0.0549	0.1005	13.2103	15.8089	16.3738	30.2120	18.5960	19.8923	4.5856	2.8664	2.7931	1.5400	3.2523	1.8127	2.2152	3.07	1.37	19.0156	5.95	2.43	2.8083	1.09	0.45
39.288194	31.202778	11.25	   NA	2.7595	0.8362	7.4162	0.0566	0.1035	13.2683	15.8948	16.4838	30.3856	18.6903	19.9847	4.6283	2.8922	2.8116	1.5541	3.2883	1.8331	2.2344	3.10	1.39	19.1179	5.99	2.45	2.8346	1.10	0.45
39.413194	31.327778	11.375	   NA	2.7769	0.8520	7.4740	0.0582	0.1065	13.3262	15.9769	16.5906	30.5444	18.7828	20.0763	4.6692	2.9175	2.8287	1.5677	3.3248	1.8537	2.2535	3.12	1.40	19.2162	6.02	2.46	2.8603	1.11	0.45
39.538194	31.452778	11.5	   NA	2.7942	0.8674	7.5308	0.0597	0.1092	13.3839	16.0546	16.6943	30.6893	18.8733	20.1670	4.7088	2.9422	2.8449	1.5804	3.3608	1.8742	2.2723	3.14	1.40	19.3104	6.05	2.47	2.8852	1.12	0.46
39.663194	31.577778	11.625	   NA	2.8107	0.8822	7.5865	0.0612	0.1116	13.4413	16.1289	16.7924	30.8209	18.9614	20.2567	4.7473	2.9667	2.8607	1.5924	3.3957	1.8950	2.2904	3.16	1.41	19.4003	6.07	2.48	2.9096	1.13	0.46
39.788194	31.702778	11.75	   NA	2.8273	0.8966	7.6410	0.0627	0.1139	13.4984	16.2007	16.8888	30.9430	19.0461	20.3434	4.7851	2.9911	2.8758	1.6045	3.4293	1.9155	2.3083	3.18	1.42	19.4867	6.09	2.49	2.9335	1.14	0.46
39.913194	31.827778	11.875	   NA	2.8433	0.9112	7.6935	0.0640	0.1167	13.5541	16.2687	16.9805	31.0594	19.1273	20.4266	4.8217	3.0145	2.8902	1.6161	3.4615	1.9347	2.3257	3.20	1.43	19.5694	6.11	2.49	2.9564	1.15	0.47
40.038194	31.952778	12	   NA	2.8593	0.9271	7.7441	0.0654	0.1201	13.6085	16.3333	17.0680	31.1714	19.2058	20.5077	4.8570	3.0370	2.9041	1.6268	3.4921	1.9533	2.3432	3.22	1.44	19.6491	6.13	2.50	2.9784	1.16	0.47
40.163194	32.077778	12.125	   NA	2.8749	0.9431	7.7934	0.0669	0.1236	13.6622	16.3955	17.1516	31.2796	19.2811	20.5857	4.8913	3.0596	2.9173	1.6374	3.5217	1.9719	2.3604	3.24	1.45	19.7259	6.15	2.51	2.9999	1.16	0.48
40.288194	32.202778	12.25	   NA	2.8895	0.9582	7.8412	0.0685	0.1271	13.7152	16.4556	17.2313	31.3851	19.3543	20.6607	4.9245	3.0822	2.9305	1.6475	3.5512	1.9903	2.3769	3.26	1.46	19.8004	6.16	2.52	3.0210	1.17	0.48
40.413194	32.327778	12.375	   NA	2.9036	0.9731	7.8880	0.0699	0.1306	13.7675	16.5141	17.3072	31.4901	19.4254	20.7340	4.9570	3.1046	2.9437	1.6573	3.5808	2.0086	2.3930	3.28	1.47	19.8730	6.18	2.52	3.0420	1.18	0.48
40.538194	32.452778	12.5	   NA	2.9175	0.9880	7.9340	0.0712	0.1339	13.8193	16.5716	17.3822	31.5957	19.4949	20.8063	4.9893	3.1271	2.9571	1.6668	3.6103	2.0269	2.4089	3.30	1.47	19.9450	6.20	2.53	3.0629	1.19	0.48
40.663194	32.577778	12.625	   NA	2.9311	1.0027	7.9801	0.0724	0.1372	13.8725	16.6280	17.4555	31.7015	19.5634	20.8772	5.0214	3.1508	2.9709	1.6762	3.6416	2.0448	2.4247	3.31	1.48	20.0163	6.22	2.54	3.0843	1.20	0.49
40.788194	32.702778	12.75	   NA	2.9447	1.0172	8.0263	0.0735	0.1412	13.9287	16.6833	17.5261	31.8065	19.6305	20.9442	5.0528	3.1754	2.9844	1.6862	3.6740	2.0623	2.4406	3.33	1.49	20.0866	6.23	2.55	3.1058	1.20	0.49
40.913194	32.827778	12.875	   NA	2.9582	1.0316	8.0715	0.0749	0.1459	13.9833	16.7360	17.5925	31.9073	19.6957	21.0110	5.0829	3.1986	2.9963	1.6956	3.7048	2.0794	2.4564	3.35	1.50	20.1543	6.25	2.55	3.1263	1.21	0.49
41.038194	32.952778	13	   NA	2.9709	1.0458	8.1147	0.0764	0.1505	14.0340	16.7857	17.6544	32.0011	19.7576	21.0740	5.1115	3.2208	3.0072	1.7042	3.7340	2.0962	2.4717	3.36	1.50	20.2178	6.27	2.56	3.1456	1.22	0.50
41.163194	33.077778	13.125	   NA	2.9832	1.0597	8.1558	0.0779	0.1549	14.0842	16.8338	17.7135	32.0893	19.8170	21.1340	5.1389	3.2432	3.0181	1.7128	3.7617	2.1129	2.4863	3.38	1.51	20.2786	6.28	2.56	3.1646	1.22	0.50
41.288194	33.202778	13.25	   NA	2.9955	1.0737	8.1954	0.0792	0.1589	14.1344	16.8815	17.7702	32.1745	19.8750	21.1919	5.1662	3.2650	3.0290	1.7212	3.7887	2.1293	2.5005	3.39	1.52	20.3379	6.29	2.57	3.1832	1.23	0.50
41.413194	33.327778	13.375	   NA	3.0073	1.0873	8.2333	0.0806	0.1625	14.1854	16.9293	17.8254	32.2568	19.9318	21.2493	5.1935	3.2868	3.0397	1.7293	3.8156	2.1457	2.5142	3.41	1.52	20.3963	6.31	2.57	3.2018	1.24	0.51
41.538194	33.452778	13.5	   NA	3.0189	1.1004	8.2701	0.0824	0.1662	14.2363	16.9781	17.8792	32.3365	19.9877	21.3067	5.2199	3.3089	3.0499	1.7371	3.8426	2.1623	2.5276	3.42	1.53	20.4541	6.32	2.58	3.2201	1.24	0.51
41.663194	33.577778	13.625	   NA	3.0305	1.1136	8.3062	0.0844	0.1701	14.2863	17.0281	17.9314	32.4153	20.0431	21.3636	5.2448	3.3316	3.0601	1.7452	3.8695	2.1788	2.5410	3.43	1.54	20.5113	6.33	2.58	3.2383	1.25	0.51
41.788194	33.702778	13.75	   NA	3.0417	1.1275	8.3417	0.0861	0.1743	14.3358	17.0781	17.9819	32.4924	20.0970	21.4197	5.2692	3.3553	3.0704	1.7534	3.8965	2.1944	2.5543	3.45	1.54	20.5675	6.34	2.59	3.2565	1.26	0.51
41.913194	33.827778	13.875	   NA	3.0528	1.1416	8.3772	0.0876	0.1793	14.3852	17.1278	18.0295	32.5706	20.1483	21.4733	5.2937	3.3797	3.0804	1.7613	3.9238	2.2097	2.5677	3.46	1.55	20.6225	6.35	2.59	3.2748	1.26	0.52
42.038194	33.952778	14	   NA	3.0636	1.1557	8.4121	0.0891	0.1842	14.4342	17.1768	18.0750	32.6525	20.1984	21.5241	5.3174	3.4044	3.0902	1.7687	3.9508	2.2251	2.5809	3.47	1.55	20.6768	6.36	2.60	3.2928	1.27	0.52
42.163194	34.077778	14.125	   NA	3.0743	1.1698	8.4476	0.0908	0.1890	14.4832	17.2252	18.1183	32.7425	20.2477	21.5742	5.3411	3.4299	3.1000	1.7760	3.9766	2.2404	2.5943	3.48	1.56	20.7319	6.38	2.60	3.3107	1.27	0.52
42.288194	34.202778	14.25	   NA	3.0849	1.1839	8.4845	0.0929	0.1937	14.5328	17.2735	18.1600	32.8343	20.2966	21.6261	5.3651	3.4562	3.1100	1.7833	4.0011	2.2555	2.6080	3.50	1.56	20.7872	6.39	2.61	3.3285	1.28	0.52
42.413194	34.327778	14.375	   NA	3.0953	1.1978	8.5221	0.0952	0.1984	14.5834	17.3214	18.2005	32.9387	20.3453	21.6792	5.3885	3.4831	3.1200	1.7900	4.0253	2.2702	2.6218	3.51	1.57	20.8447	6.42	2.62	3.3462	1.29	0.53
42.538194	34.452778	14.5	   NA	3.1056	1.2118	8.5584	0.0970	0.2031	14.6354	17.3688	18.2399	33.0486	20.3937	21.7327	5.4117	3.5096	3.1296	1.7967	4.0494	2.2843	2.6352	3.52	1.58	20.9032	6.44	2.63	3.3636	1.29	0.53
42.663194	34.577778	14.625	   NA	3.1159	1.2262	8.5927	0.0988	0.2077	14.6879	17.4157	18.2786	33.1578	20.4430	21.7853	5.4341	3.5356	3.1391	1.8037	4.0738	2.2983	2.6483	3.54	1.58	20.9614	6.46	2.64	3.3808	1.30	0.53
42.788194	34.702778	14.75	   NA	3.1260	1.2408	8.6253	0.1012	0.2124	14.7429	17.4618	18.3166	33.2647	20.4919	21.8363	5.4561	3.5614	3.1482	1.8151	4.0991	2.3127	2.6611	3.55	1.59	21.0190	6.48	2.65	3.3988	1.30	0.53
42.913194	34.827778	14.875	   NA	3.1359	1.2553	8.6576	0.1036	0.2176	14.7966	17.5068	18.3530	33.3670	20.5385	21.8861	5.4780	3.5859	3.1574	1.8268	4.1228	2.3266	2.6740	3.56	1.59	21.0747	6.51	2.66	3.4162	1.31	0.53
43.038194	34.952778	15	   NA	3.1460	1.2695	8.6888	0.1056	0.2227	14.8450	17.5504	18.3885	33.4638	20.5842	21.9341	5.4994	3.6091	3.1666	1.8342	4.1450	2.3400	2.6865	3.57	1.60	21.1277	6.53	2.66	3.4324	1.31	0.54
43.163194	35.077778	15.125	   NA	3.1561	1.2836	8.7197	0.1075	0.2274	14.8924	17.5926	18.4239	33.5571	20.6292	21.9804	5.5208	3.6320	3.1761	1.8415	4.1673	2.3533	2.6989	3.58	1.60	21.1793	6.54	2.67	3.4485	1.32	0.54
43.288194	35.202778	15.25	   NA	3.1660	1.2976	8.7503	0.1096	0.2326	14.9394	17.6335	18.4586	33.6459	20.6739	22.0258	5.5422	3.6549	3.1858	1.8485	4.1887	2.3661	2.7112	3.59	1.61	21.2295	6.56	2.68	3.4644	1.32	0.54
43.413194	35.327778	15.375	   NA	3.1759	1.3117	8.7812	0.1119	0.2380	14.9860	17.6738	18.4924	33.7306	20.7188	22.0720	5.5635	3.6773	3.1961	1.8551	4.2092	2.3787	2.7237	3.60	1.61	21.2789	6.58	2.69	3.4800	1.33	0.54
43.538194	35.452778	15.5	   NA	3.1856	1.3257	8.8136	0.1144	0.2432	15.0320	17.7138	18.5254	33.8121	20.7642	22.1192	5.5848	3.6994	3.2069	1.8620	4.2298	2.3912	2.7365	3.61	1.62	21.3278	6.59	2.69	3.4957	1.34	0.55
43.663194	35.577778	15.625	   NA	3.1949	1.3399	8.8464	0.1170	0.2485	15.0771	17.7533	18.5579	33.8925	20.8104	22.1658	5.6058	3.7216	3.2178	1.8689	4.2503	2.4035	2.7493	3.62	1.62	21.3762	6.61	2.70	3.5113	1.34	0.55
43.788194	35.702778	15.75	   NA	3.2051	1.3545	8.8792	0.1195	0.2538	15.1225	17.7942	18.5901	33.9753	20.8570	22.2107	5.6275	3.7435	3.2283	1.8757	4.2699	2.4162	2.7624	3.64	1.63	21.4250	6.62	2.70	3.5269	1.35	0.55
43.913194	35.827778	15.875	   NA	3.2150	1.3690	8.9107	0.1218	0.2589	15.1673	17.8343	18.6216	34.0622	20.9036	22.2539	5.6494	3.7647	3.2384	1.8825	4.2886	2.4288	2.7751	3.65	1.63	21.4738	6.64	2.71	3.5421	1.35	0.55
44.038194	35.952778	16	   NA	3.2234	1.3831	8.9406	0.1241	0.2634	15.2117	17.8719	18.6525	34.1546	20.9499	22.2950	5.6707	3.7856	3.2484	1.8892	4.3069	2.4415	2.7869	3.66	1.64	21.5226	6.66	2.72	3.5570	1.36	0.55
44.163194	36.077778	16.125	   NA	3.2315	1.3966	8.9714	0.1264	0.2679	15.2575	17.9093	18.6827	34.2532	20.9960	22.3344	5.6912	3.8064	3.2584	1.8958	4.3253	2.4542	2.7988	3.67	1.64	21.5722	6.68	2.73	3.5719	1.36	0.56
44.288194	36.202778	16.25	   NA	3.2401	1.4096	9.0015	0.1287	0.2727	15.3041	17.9474	18.7120	34.3530	21.0427	22.3728	5.7115	3.8273	3.2684	1.9024	4.3440	2.4664	2.8105	3.68	1.64	21.6220	6.71	2.74	3.5867	1.37	0.56
44.413194	36.327778	16.375	   NA	3.2488	1.4222	9.0292	0.1312	0.2775	15.3511	17.9863	18.7412	34.4497	21.0903	22.4110	5.7326	3.8484	3.2785	1.9087	4.3630	2.4786	2.8218	3.69	1.65	21.6716	6.73	2.75	3.6016	1.37	0.56
44.538194	36.452778	16.5	   NA	3.2571	1.4347	9.0559	0.1338	0.2822	15.3985	18.0250	18.7702	34.5426	21.1387	22.4493	5.7532	3.8697	3.2888	1.9149	4.3817	2.4908	2.8327	3.70	1.65	21.7207	6.75	2.75	3.6165	1.38	0.56
44.663194	36.577778	16.625	   NA	3.2650	1.4470	9.0816	0.1364	0.2872	15.4444	18.0630	18.7989	34.6318	21.1880	22.4887	5.7738	3.8911	3.3010	1.9213	4.4016	2.5030	2.8434	3.70	1.66	21.7691	6.77	2.76	3.6320	1.38	0.56
44.788194	36.702778	16.75	   NA	3.2729	1.4590	9.1080	0.1389	0.2922	15.4882	18.1010	18.8272	34.7193	21.2376	22.5278	5.7934	3.9125	3.3150	1.9274	4.4235	2.5152	2.8542	3.71	1.66	21.8168	6.78	2.77	3.6478	1.39	0.57
44.913194	36.827778	16.875	   NA	3.2812	1.4706	9.1362	0.1418	0.2972	15.5298	18.1389	18.8551	34.8036	21.2876	22.5647	5.8128	3.9338	3.3257	1.9335	4.4441	2.5272	2.8654	3.72	1.67	21.8633	6.80	2.78	3.6628	1.39	0.57
45.038194	36.952778	17	   NA	3.2894	1.4822	9.1663	0.1449	0.3023	15.5691	18.1765	18.8821	34.8837	21.3375	22.5999	5.8323	3.9553	3.3337	1.9396	4.4626	2.5385	2.8770	3.73	1.67	21.9081	6.82	2.78	3.6770	1.40	0.57
45.163194	37.077778	17.125	   NA	3.2982	1.4940	9.1967	0.1481	0.3073	15.6066	18.2143	18.9086	34.9610	21.3874	22.6343	5.8519	3.9765	3.3416	1.9454	4.4809	2.5496	2.8889	3.74	1.67	21.9520	6.83	2.79	3.6910	1.40	0.57
45.288194	37.202778	17.25	   NA	3.3069	1.5057	9.2257	0.1515	0.3121	15.6430	18.2523	18.9350	35.0384	21.4373	22.6681	5.8715	3.9972	3.3497	1.9512	4.4989	2.5607	2.9004	3.75	1.68	21.9957	6.85	2.80	3.7049	1.41	0.58
45.413194	37.327778	17.375	   NA	3.3151	1.5174	9.2536	0.1548	0.3170	15.6803	18.2898	18.9614	35.1188	21.4880	22.7014	5.8909	4.0176	3.3579	1.9573	4.5165	2.5715	2.9116	3.76	1.68	22.0399	6.87	2.80	3.7186	1.41	0.58
45.538194	37.452778	17.5	   NA	3.3231	1.5297	9.2800	0.1581	0.3218	15.7184	18.3268	18.9875	35.2015	21.5395	22.7342	5.9103	4.0375	3.3663	1.9633	4.5337	2.5821	2.9225	3.77	1.69	22.0846	6.88	2.81	3.7322	1.42	0.58
45.663194	37.577778	17.625	   NA	3.3318	1.5419	9.3045	0.1615	0.3262	15.7560	18.3645	19.0133	35.2866	21.5904	22.7665	5.9315	4.0604	3.3759	1.9685	4.5503	2.5940	2.9332	3.78	1.69	22.1296	6.90	2.82	3.7468	1.42	0.58
45.788194	37.702778	17.75	   NA	3.3405	1.5531	9.3281	0.1651	0.3312	15.7953	18.4014	19.0383	35.3781	21.6404	22.7978	5.9567	4.0890	3.3861	1.9733	4.5668	2.6073	2.9436	3.79	1.69	22.1752	6.92	2.83	3.7632	1.43	0.58
45.913194	37.827778	17.875	   NA	3.3488	1.5636	9.3519	0.1687	0.3367	15.8343	18.4368	19.0628	35.4719	21.6902	22.8280	5.9810	4.1132	3.3947	1.9790	4.5829	2.6181	2.9539	3.80	1.70	22.2207	6.95	2.84	3.7782	1.44	0.59
46.038194	37.952778	18	   NA	3.3576	1.5745	9.3761	0.1722	0.3415	15.8705	18.4723	19.0875	35.5628	21.7397	22.8578	6.0017	4.1313	3.4021	1.9850	4.5987	2.6271	2.9644	3.80	1.70	22.2651	6.97	2.85	3.7910	1.44	0.59
46.163194	38.077778	18.125	   NA	3.3667	1.5856	9.4004	0.1758	0.3460	15.9057	18.5079	19.1121	35.6553	21.7892	22.8882	6.0218	4.1499	3.4097	1.9908	4.6139	2.6368	2.9749	3.81	1.70	22.3097	6.99	2.85	3.8038	1.45	0.59
46.288194	38.202778	18.25	   NA	3.3760	1.5965	9.4250	0.1792	0.3508	15.9399	18.5431	19.1368	35.7532	21.8389	22.9183	6.0418	4.1684	3.4173	1.9964	4.6291	2.6466	2.9855	3.82	1.71	22.3550	7.02	2.86	3.8166	1.45	0.59
46.413194	38.327778	18.375	   NA	3.3852	1.6074	9.4509	0.1827	0.3555	15.9738	18.5777	19.1615	35.8572	21.8884	22.9482	6.0621	4.1869	3.4248	2.0018	4.6441	2.6566	2.9963	3.83	1.71	22.4011	7.04	2.88	3.8294	1.46	0.60
46.538194	38.452778	18.5	   NA	3.3948	1.6186	9.4783	0.1868	0.3604	16.0074	18.6121	19.1862	35.9632	21.9383	22.9786	6.0824	4.2054	3.4322	2.0070	4.6591	2.6668	3.0078	3.84	1.72	22.4476	7.07	2.89	3.8421	1.47	0.60
46.663194	38.577778	18.625	   NA	3.4039	1.6299	9.5056	0.1910	0.3654	16.0400	18.6447	19.2110	36.0657	21.9883	23.0096	6.1015	4.2254	3.4416	2.0118	4.6761	2.6787	3.0192	3.85	1.72	22.4932	7.10	2.90	3.8559	1.47	0.60
46.788194	38.702778	18.75	   NA	3.4122	1.6406	9.5332	0.1951	0.3701	16.0736	18.6763	19.2355	36.1648	22.0371	23.0402	6.1201	4.2472	3.4521	2.0167	4.6949	2.6932	3.0302	3.86	1.72	22.5379	7.12	2.91	3.8707	1.48	0.60
46.913194	38.827778	18.875	   NA	3.4209	1.6507	9.5610	0.1989	0.3748	16.1090	18.7080	19.2594	36.2609	22.0849	23.0707	6.1393	4.2667	3.4599	2.0225	4.7114	2.7055	3.0413	3.87	1.73	22.5822	7.15	2.92	3.8842	1.48	0.60
47.038194	38.952778	19	   NA	3.4292	1.6612	9.5874	0.2027	0.3798	16.1440	18.7394	19.2832	36.3529	22.1322	23.1015	6.1580	4.2843	3.4656	2.0282	4.7257	2.7148	3.0521	3.87	1.73	22.6255	7.17	2.93	3.8961	1.48	0.61
47.163194	39.077778	19.125	   NA	3.4373	1.6725	9.6134	0.2069	0.3848	16.1785	18.7709	19.3072	36.4449	22.1796	23.1323	6.1770	4.3023	3.4716	2.0342	4.7400	2.7247	3.0630	3.88	1.74	22.6689	7.20	2.94	3.9083	1.49	0.61
47.288194	39.202778	19.25	   NA	3.4456	1.6837	9.6389	0.2110	0.3895	16.2127	18.8022	19.3312	36.5403	22.2271	23.1626	6.1960	4.3203	3.4774	2.0401	4.7539	2.7347	3.0737	3.89	1.74	22.7127	7.22	2.95	3.9204	1.49	0.61
47.413194	39.327778	19.375	   NA	3.4538	1.6942	9.6638	0.2152	0.3943	16.2468	18.8330	19.3552	36.6392	22.2746	23.1921	6.2150	4.3380	3.4836	2.0453	4.7677	2.7450	3.0843	3.90	1.74	22.7568	7.25	2.96	3.9324	1.50	0.61
47.538194	39.452778	19.5	   NA	3.4619	1.7040	9.6889	0.2195	0.3993	16.2816	18.8636	19.3791	36.7420	22.3217	23.2214	6.2339	4.3557	3.4905	2.0505	4.7818	2.7556	3.0947	3.91	1.75	22.8016	7.27	2.97	3.9447	1.50	0.61
47.663194	39.577778	19.625	   NA	3.4701	1.7135	9.7144	0.2241	0.4040	16.3161	18.8941	19.4030	36.8453	22.3683	23.2508	6.2523	4.3735	3.4976	2.0557	4.7957	2.7662	3.1052	3.92	1.75	22.8463	7.30	2.98	3.9568	1.51	0.62
47.788194	39.702778	19.75	   NA	3.4783	1.7229	9.7403	0.2286	0.4095	16.3495	18.9245	19.4268	36.9513	22.4142	23.2801	6.2708	4.3914	3.5050	2.0609	4.8095	2.7766	3.1159	3.92	1.76	22.8911	7.33	2.99	3.9690	1.51	0.62
47.913194	39.827778	19.875	   NA	3.4866	1.7323	9.7671	0.2330	0.4157	16.3827	18.9550	19.4503	37.0571	22.4594	23.3093	6.2894	4.4092	3.5125	2.0667	4.8231	2.7869	3.1269	3.93	1.76	22.9356	7.36	3.00	3.9813	1.52	0.62
