days.origin	days.water	days.manure	F07	F08	F09	F10	F11	F12	GW01	GW02	GW03	GW04	GW05	GW06	GWL01	GWL02	GWL03	GWL04	GWo01	GWo02	mean.F	sd.F	se.F	mean.GW	sd.GW	se.GW	mean.GWL	sd.GWL	se.GWL
4	-4.085417	-24.038194	   NA	-25.9274	-20.4652	-8.7753	-23.9871	-25.0358	-31.8032	-30.0703	-30.6732	-27.0112	-24.4803	-24.5755	-8.3263	-34.3094	-20.8913	-22.4877	-23.4143	-39.9402	-20.8382	7.05	3.16	-28.1023	3.19	1.30	-24.8949	11.08	4.52
4.125	-3.960417	-23.913194	   NA	-26.0656	-20.5743	-8.8230	-24.1134	-25.1688	-31.9710	-30.2304	-30.8349	-27.1553	-24.6069	-24.7037	-8.3690	-37.3094	-21.0027	-22.6088	-23.5362	-42.9402	-20.9490	7.09	3.17	-28.2504	3.21	1.31	-25.9611	12.40	5.06
4.25	-3.835417	-23.788194	   NA	-26.2032	-20.6813	-8.8693	-24.2398	-25.3014	-32.1386	-30.3912	-30.9963	-27.2987	-24.7345	-24.8313	-8.4121	-37.9019	-21.1119	-22.7285	-23.6582	-43.4648	-21.0590	7.13	3.19	-28.3984	3.23	1.32	-26.2129	12.62	5.15
4.375	-3.710417	-23.663194	   NA	-26.3395	-20.7886	-8.9153	-24.3666	-25.4334	-32.3063	-30.5515	-31.1579	-27.4415	-24.8632	-24.9594	-8.4547	-38.0137	-21.2215	-22.8468	-23.7808	-43.6081	-21.1687	7.17	3.21	-28.5466	3.24	1.32	-26.3209	12.64	5.16
4.5	-3.585417	-23.538194	   NA	-26.4751	-20.8974	-8.9626	-24.4931	-25.5657	-32.4748	-30.7116	-31.3198	-27.5841	-24.9925	-25.0878	-8.4973	-38.1253	-21.3321	-22.9656	-23.9033	-43.7510	-21.2788	7.20	3.22	-28.6951	3.26	1.33	-26.4291	12.67	5.17
4.625	-3.460417	-23.413194	   NA	-26.6108	-21.0058	-9.0089	-24.6183	-25.6980	-32.6427	-30.8716	-31.4814	-27.7266	-25.1218	-25.2163	-8.5394	-38.2363	-21.4430	-23.0853	-24.0255	-43.8945	-21.3884	7.24	3.24	-28.8434	3.28	1.34	-26.5373	12.70	5.18
4.75	-3.335417	-23.288194	   NA	-26.7469	-21.1136	-9.0544	-24.7430	-25.8292	-32.8093	-31.0311	-31.6420	-27.8687	-25.2497	-25.3450	-8.5820	-38.3470	-21.5538	-23.2048	-24.1476	-44.0386	-21.4974	7.28	3.25	-28.9910	3.30	1.35	-26.6456	12.73	5.20
4.875	-3.210417	-23.163194	   NA	-26.8827	-21.2226	-9.1010	-24.8691	-25.9605	-32.9764	-31.1911	-31.8017	-28.0111	-25.3759	-25.4729	-8.6260	-38.4568	-21.6635	-23.3234	-24.2698	-44.1826	-21.6072	7.31	3.27	-29.1382	3.31	1.35	-26.7537	12.75	5.21
5	-3.085417	-23.038194	   NA	-27.0194	-21.3323	-9.1488	-24.9955	-26.0943	-33.1442	-31.3517	-31.9622	-28.1541	-25.5028	-25.6010	-8.6711	-38.5669	-21.7728	-23.4431	-24.3923	-44.3259	-21.7181	7.35	3.29	-29.2860	3.33	1.36	-26.8620	12.78	5.22
5.125	-2.960417	-22.913194	   NA	-27.1566	-21.4418	-9.1966	-25.1233	-26.2279	-33.3112	-31.5123	-32.1228	-28.2967	-25.6310	-25.7299	-8.7163	-38.6778	-21.8836	-23.5633	-24.5166	-44.4688	-21.8292	7.39	3.30	-29.4340	3.35	1.37	-26.9711	12.81	5.23
5.25	-2.835417	-22.788194	   NA	-27.2930	-21.5505	-9.2440	-25.2493	-26.3590	-33.4770	-31.6715	-32.2827	-28.4385	-25.7594	-25.8577	-8.7614	-38.7885	-21.9946	-23.6818	-24.6407	-44.6121	-21.9392	7.42	3.32	-29.5811	3.37	1.37	-27.0798	12.83	5.24
5.375	-2.710417	-22.663194	   NA	-27.4299	-21.6585	-9.2905	-25.3738	-26.4898	-33.6435	-31.8317	-32.4417	-28.5800	-25.8885	-25.9852	-8.8056	-38.8991	-22.1043	-23.7995	-24.7640	-44.7559	-22.0485	7.46	3.34	-29.7284	3.38	1.38	-27.1881	12.86	5.25
5.5	-2.585417	-22.538194	   NA	-27.5674	-21.7671	-9.3364	-25.4996	-26.6204	-33.8108	-31.9928	-32.6009	-28.7217	-26.0174	-26.1139	-8.8495	-39.0097	-22.2126	-23.9170	-24.8875	-44.8990	-22.1582	7.50	3.35	-29.8762	3.40	1.39	-27.2959	12.89	5.26
5.625	-2.460417	-22.413194	   NA	-27.7040	-21.8746	-9.3814	-25.6257	-26.7504	-33.9775	-32.1521	-32.7613	-28.8630	-26.1454	-26.2428	-8.8932	-39.1187	-22.3202	-24.0343	-25.0095	-45.0408	-22.2672	7.54	3.37	-30.0237	3.42	1.39	-27.4028	12.91	5.27
5.75	-2.335417	-22.288194	   NA	-27.8395	-21.9801	-9.4249	-25.7512	-26.8803	-34.1432	-32.3113	-32.9218	-29.0040	-26.2727	-26.3710	-8.9368	-39.2260	-22.4290	-24.1517	-25.1309	-45.1811	-22.3752	7.57	3.39	-30.1707	3.43	1.40	-27.5092	12.94	5.28
5.875	-2.210417	-22.163194	   NA	-27.9734	-22.0842	-9.4690	-25.8755	-27.0111	-34.3080	-32.4693	-33.0804	-29.1439	-26.3986	-26.4974	-8.9805	-39.3340	-22.5374	-24.2689	-25.2527	-45.3200	-22.4826	7.61	3.40	-30.3163	3.45	1.41	-27.6156	12.97	5.29
6	-2.085417	-22.038194	   NA	-28.1056	-22.1888	-9.5155	-25.9981	-27.1414	-34.4729	-32.6247	-33.2361	-29.2831	-26.5238	-26.6228	-9.0238	-39.4418	-22.6446	-24.3854	-25.3750	-45.4580	-22.5899	7.65	3.42	-30.4606	3.47	1.42	-27.7214	12.99	5.30
6.125	-1.960417	-21.913194	   NA	-28.2381	-22.2932	-9.5630	-26.1206	-27.2706	-34.6397	-32.7815	-33.3941	-29.4246	-26.6505	-26.7499	-9.0675	-39.5491	-22.7521	-24.5021	-25.4977	-45.5959	-22.6971	7.68	3.44	-30.6067	3.48	1.42	-27.8274	13.02	5.31
6.25	-1.835417	-21.788194	   NA	-28.3725	-22.3978	-9.6087	-26.2450	-27.4003	-34.8071	-32.9408	-33.5562	-29.5674	-26.7797	-26.8793	-9.1129	-39.6581	-22.8610	-24.6189	-25.6203	-45.7362	-22.8049	7.72	3.45	-30.7551	3.50	1.43	-27.9346	13.04	5.33
6.375	-1.710417	-21.663194	   NA	-28.5074	-22.5043	-9.6528	-26.3706	-27.5305	-34.9731	-33.0987	-33.7193	-29.7095	-26.9108	-27.0097	-9.1586	-39.7678	-22.9703	-24.7357	-25.7424	-45.8777	-22.9131	7.76	3.47	-30.9035	3.52	1.44	-28.0421	13.07	5.34
6.5	-1.585417	-21.538194	   NA	-28.6422	-22.6116	-9.6986	-26.4959	-27.6606	-35.1394	-33.2559	-33.8807	-29.8521	-27.0406	-27.1392	-9.2032	-39.8758	-23.0793	-24.8538	-25.8644	-46.0172	-23.0218	7.79	3.48	-31.0513	3.53	1.44	-28.1489	13.10	5.35
6.625	-1.460417	-21.413194	   NA	-28.7779	-22.7190	-9.7457	-26.6215	-27.7909	-35.3073	-33.4141	-34.0409	-29.9956	-27.1699	-27.2695	-9.2475	-39.9833	-23.1883	-24.9722	-25.9874	-46.1562	-23.1310	7.83	3.50	-31.1995	3.55	1.45	-28.2558	13.12	5.36
6.75	-1.335417	-21.288194	   NA	-28.9144	-22.8248	-9.7918	-26.7471	-27.9203	-35.4746	-33.5726	-34.2018	-30.1387	-27.3000	-27.4009	-9.2926	-40.0921	-23.2968	-25.0894	-26.1109	-46.2954	-23.2397	7.86	3.52	-31.3481	3.57	1.46	-28.3629	13.15	5.37
6.875	-1.210417	-21.163194	   NA	-29.0512	-22.9292	-9.8371	-26.8722	-28.0478	-35.6398	-33.7310	-34.3609	-30.2800	-27.4291	-27.5314	-9.3371	-40.2016	-23.4046	-25.2064	-26.2334	-46.4356	-23.3475	7.90	3.53	-31.4954	3.58	1.46	-28.4698	13.17	5.38
7	-1.085417	-21.038194	   NA	-29.1871	-23.0343	-9.8824	-26.9972	-28.1760	-35.8049	-33.8898	-34.5192	-30.4202	-27.5566	-27.6607	-9.3812	-40.3108	-23.5125	-25.3240	-26.3557	-46.5755	-23.4554	7.94	3.55	-31.6419	3.60	1.47	-28.5766	13.20	5.39
7.125	-0.960417	-20.913194	   NA	-29.3212	-23.1413	-9.9268	-27.1206	-28.3048	-35.9703	-34.0487	-34.6785	-30.5609	-27.6826	-27.7887	-9.4252	-40.4199	-23.6210	-25.4418	-26.4797	-46.7138	-23.5629	7.98	3.57	-31.7883	3.61	1.48	-28.6836	13.23	5.40
7.25	-0.835417	-20.788194	   NA	-29.4540	-23.2474	-9.9712	-27.2440	-28.4328	-36.1359	-34.2058	-34.8385	-30.7009	-27.8086	-27.9152	-9.4687	-40.5285	-23.7296	-25.5584	-26.6035	-46.8523	-23.6699	8.01	3.58	-31.9342	3.63	1.48	-28.7902	13.25	5.41
7.375	-0.710417	-20.663194	   NA	-29.5865	-23.3515	-10.0161	-27.3673	-28.5616	-36.3021	-34.3623	-34.9979	-30.8410	-27.9354	-28.0422	-9.5126	-40.6370	-23.8366	-25.6746	-26.7258	-46.9903	-23.7766	8.05	3.60	-32.0802	3.65	1.49	-28.8961	13.28	5.42
7.5	-0.585417	-20.538194	   NA	-29.7194	-23.4561	-10.0619	-27.4903	-28.6911	-36.4685	-34.5204	-35.1568	-30.9818	-28.0634	-28.1706	-9.5577	-40.7450	-23.9428	-25.7920	-26.8488	-47.1275	-23.8838	8.08	3.62	-32.2269	3.67	1.50	-29.0023	13.30	5.43
7.625	-0.460417	-20.413194	   NA	-29.8530	-23.5626	-10.1085	-27.6154	-28.8207	-36.6351	-34.6808	-35.3168	-31.1230	-28.1927	-28.3002	-9.6031	-40.8536	-24.0511	-25.9099	-26.9732	-47.2653	-23.9920	8.12	3.63	-32.3748	3.68	1.50	-29.1094	13.33	5.44
7.75	-0.335417	-20.288194	   NA	-29.9870	-23.6697	-10.1546	-27.7410	-28.9509	-36.8026	-34.8424	-35.4768	-31.2644	-28.3218	-28.4307	-9.6489	-40.9631	-24.1594	-26.0278	-27.0987	-47.4056	-24.1006	8.16	3.65	-32.5231	3.70	1.51	-29.2173	13.36	5.45
7.875	-0.210417	-20.163194	   NA	-30.1216	-23.7766	-10.2004	-27.8658	-29.0822	-36.9713	-34.9873	-35.6390	-31.4062	-28.4518	-28.5621	-9.6947	-41.0729	-24.2698	-26.1467	-27.2233	-47.5470	-24.2093	8.19	3.66	-32.6696	3.71	1.52	-29.3257	13.38	5.46
8	-0.085417	-20.038194	   NA	-30.2566	-23.8838	-10.2367	-27.9907	-29.2142	-37.1120	-35.0863	-35.8035	-31.5249	-28.5827	-28.6942	-9.7322	-41.1832	-24.3809	-26.2405	-27.3465	-47.6886	-24.3164	8.23	3.68	-32.8006	3.72	1.52	-29.4287	13.41	5.48
8.085417	0	-19.952778	   NA	0.0000	0.0000	0.0000	0.0000	0.0000	0.0000	0.0000	0.0000	0.0000	0.0000	0.0000	0.0000	0.0000	0.0000	0.0000	0.0000	0.0000	0.0000	0.00	0.00	0.0000	0.00	0.00	0.0000	0.00	0.00
8.210417	0.125	-19.827778	   NA	-0.0715	-0.0509	-0.0119	-0.0611	-0.0666	-0.0419	-0.0362	-0.1072	-0.0487	-0.0829	-0.0888	-0.0008	-0.0528	-0.0537	0.0007	-0.0600	-0.0700	-0.0524	0.02	0.01	-0.0676	0.03	0.01	-0.0394	0.03	0.01
8.335417	0.25	-19.702778	   NA	-0.1007	-0.0807	-0.0244	-0.0937	-0.0936	-0.0808	-0.0725	-0.1943	-0.0932	-0.1422	-0.1534	-0.0013	-0.0972	-0.0917	0.0012	-0.1045	-0.1269	-0.0786	0.03	0.01	-0.1227	0.05	0.02	-0.0701	0.06	0.02
8.460417	0.375	-19.577778	   NA	-0.1070	-0.0770	-0.0371	-0.0915	-0.0903	-0.1189	-0.1098	-0.2437	-0.1369	-0.1762	-0.1967	-0.0010	-0.0941	-0.0901	0.0022	-0.1021	-0.1255	-0.0806	0.03	0.01	-0.1637	0.05	0.02	-0.0684	0.05	0.02
8.585417	0.5	-19.452778	   NA	-0.1142	-0.0738	-0.0529	-0.0887	-0.0868	-0.1576	-0.1475	-0.2930	-0.1815	-0.2105	-0.2385	-0.0027	-0.0935	-0.0885	0.0025	-0.0993	-0.1246	-0.0833	0.02	0.01	-0.2048	0.05	0.02	-0.0677	0.05	0.02
8.710417	0.625	-19.327778	   NA	-0.1214	-0.0724	-0.0709	-0.0858	-0.0828	-0.1943	-0.1844	-0.3428	-0.2264	-0.2439	-0.2790	-0.0058	-0.0937	-0.0862	0.0014	-0.0969	-0.1241	-0.0867	0.02	0.01	-0.2451	0.06	0.02	-0.0675	0.05	0.02
8.835417	0.75	-19.202778	   NA	-0.1275	-0.0724	-0.0867	-0.0836	-0.0771	-0.2285	-0.2221	-0.3932	-0.2691	-0.2761	-0.3189	-0.0090	-0.0958	-0.0830	0.0023	-0.0970	-0.1249	-0.0895	0.02	0.01	-0.2847	0.06	0.03	-0.0679	0.05	0.02
8.960417	0.875	-19.077778	   NA	-0.1346	-0.0718	-0.1005	-0.0817	-0.0714	-0.2620	-0.2600	-0.4436	-0.3104	-0.3100	-0.3605	-0.0125	-0.0978	-0.0798	0.0036	-0.0973	-0.1260	-0.0920	0.03	0.01	-0.3244	0.07	0.03	-0.0683	0.05	0.02
9.085417	1	-18.952778	   NA	-0.1420	-0.0700	-0.1151	-0.0799	-0.0656	-0.2952	-0.2952	-0.4941	-0.3521	-0.3455	-0.4020	-0.0165	-0.0998	-0.0766	0.0048	-0.0975	-0.1280	-0.0945	0.03	0.01	-0.3640	0.08	0.03	-0.0689	0.05	0.02
9.210417	1.125	-18.827778	   NA	-0.1484	-0.0676	-0.1311	-0.0771	-0.0581	-0.3293	-0.3293	-0.5441	-0.3928	-0.3798	-0.4403	-0.0203	-0.0995	-0.0734	0.0061	-0.0946	-0.1270	-0.0965	0.04	0.02	-0.4026	0.08	0.03	-0.0681	0.05	0.02
9.335417	1.25	-18.702778	   NA	-0.1548	-0.0643	-0.1481	-0.0733	-0.0488	-0.3636	-0.3625	-0.5931	-0.4338	-0.4124	-0.4764	-0.0235	-0.0979	-0.0701	0.0074	-0.0905	-0.1229	-0.0979	0.05	0.02	-0.4403	0.09	0.04	-0.0663	0.05	0.02
9.460417	1.375	-18.577778	   NA	-0.1611	-0.0606	-0.1649	-0.0689	-0.0392	-0.3973	-0.3963	-0.6419	-0.4753	-0.4448	-0.5126	-0.0267	-0.0964	-0.0669	0.0087	-0.0860	-0.1192	-0.0989	0.06	0.03	-0.4780	0.09	0.04	-0.0644	0.05	0.02
9.585417	1.5	-18.452778	   NA	-0.1680	-0.0569	-0.1821	-0.0642	-0.0293	-0.4309	-0.4312	-0.6915	-0.5168	-0.4776	-0.5495	-0.0301	-0.0957	-0.0637	0.0100	-0.0813	-0.1169	-0.1001	0.07	0.03	-0.5163	0.10	0.04	-0.0630	0.05	0.02
9.710417	1.625	-18.327778	   NA	-0.1764	-0.0531	-0.2009	-0.0597	-0.0185	-0.4649	-0.4669	-0.7415	-0.5578	-0.5116	-0.5869	-0.0336	-0.0954	-0.0605	0.0112	-0.0780	-0.1168	-0.1017	0.08	0.04	-0.5549	0.10	0.04	-0.0622	0.05	0.02
9.835417	1.75	-18.202778	   NA	-0.1850	-0.0492	-0.2195	-0.0561	-0.0068	-0.4985	-0.5034	-0.7908	-0.5970	-0.5472	-0.6245	-0.0374	-0.0954	-0.0573	0.0125	-0.0764	-0.1174	-0.1033	0.09	0.04	-0.5936	0.11	0.04	-0.0619	0.05	0.02
9.960417	1.875	-18.077778	   NA	-0.1935	-0.0454	-0.2375	-0.0526	0.0062	-0.5317	-0.5399	-0.8395	-0.6344	-0.5819	-0.6610	-0.0420	-0.0958	-0.0541	0.0138	-0.0754	-0.1178	-0.1046	0.10	0.05	-0.6314	0.11	0.05	-0.0619	0.05	0.02
10.085417	2	-17.952778	   NA	-0.2020	-0.0406	-0.2553	-0.0470	0.0216	-0.5646	-0.5770	-0.8879	-0.6719	-0.6148	-0.6963	-0.0465	-0.0961	-0.0509	0.0151	-0.0739	-0.1175	-0.1047	0.12	0.05	-0.6688	0.12	0.05	-0.0616	0.05	0.02
10.210417	2.125	-17.827778	   NA	-0.2106	-0.0354	-0.2724	-0.0398	0.0399	-0.5972	-0.6135	-0.9358	-0.7090	-0.6470	-0.7309	-0.0500	-0.0947	-0.0476	0.0163	-0.0708	-0.1161	-0.1037	0.13	0.06	-0.7056	0.12	0.05	-0.0605	0.05	0.02
10.335417	2.25	-17.702778	   NA	-0.2187	-0.0312	-0.2895	-0.0327	0.0605	-0.6294	-0.6486	-0.9819	-0.7463	-0.6793	-0.7652	-0.0534	-0.0931	-0.0443	0.0189	-0.0672	-0.1143	-0.1023	0.15	0.07	-0.7418	0.13	0.05	-0.0589	0.05	0.02
10.460417	2.375	-17.577778	   NA	-0.2254	-0.0261	-0.3077	-0.0250	0.0828	-0.6609	-0.6841	-1.0271	-0.7835	-0.7109	-0.7996	-0.0575	-0.0911	-0.0412	0.0209	-0.0637	-0.1112	-0.1003	0.16	0.07	-0.7777	0.13	0.05	-0.0573	0.05	0.02
10.585417	2.5	-17.452778	   NA	-0.2318	-0.0193	-0.3252	-0.0164	0.1067	-0.6926	-0.7204	-1.0733	-0.8227	-0.7420	-0.8347	-0.0611	-0.0900	-0.0376	0.0232	-0.0608	-0.1072	-0.0972	0.18	0.08	-0.8143	0.14	0.06	-0.0556	0.05	0.02
10.710417	2.625	-17.327778	   NA	-0.2390	-0.0121	-0.3429	-0.0076	0.1323	-0.7248	-0.7569	-1.1204	-0.8612	-0.7745	-0.8692	-0.0635	-0.0905	-0.0348	0.0260	-0.0583	-0.1043	-0.0939	0.19	0.09	-0.8512	0.14	0.06	-0.0542	0.05	0.02
10.835417	2.75	-17.202778	   NA	-0.2457	-0.0050	-0.3628	0.0008	0.1600	-0.7568	-0.7939	-1.1690	-0.8986	-0.8077	-0.9026	-0.0653	-0.0903	-0.0318	0.0292	-0.0559	-0.1019	-0.0905	0.21	0.09	-0.8881	0.15	0.06	-0.0527	0.05	0.02
10.960417	2.875	-17.077778	   NA	-0.2528	0.0024	-0.3838	0.0094	0.1909	-0.7892	-0.8318	-1.2175	-0.9370	-0.8402	-0.9356	-0.0680	-0.0891	-0.0277	0.0335	-0.0532	-0.1002	-0.0868	0.23	0.10	-0.9252	0.16	0.06	-0.0508	0.05	0.02
11.085417	3	-16.952778	   NA	-0.2621	0.0102	-0.4048	0.0187	0.2241	-0.8225	-0.8699	-1.2655	-0.9755	-0.8735	-0.9688	-0.0724	-0.0875	-0.0239	0.0376	-0.0500	-0.0985	-0.0828	0.25	0.11	-0.9626	0.16	0.07	-0.0491	0.05	0.02
11.210417	3.125	-16.827778	   NA	-0.2718	0.0187	-0.4254	0.0284	0.2587	-0.8560	-0.9084	-1.3138	-1.0146	-0.9079	-1.0023	-0.0774	-0.0854	-0.0203	0.0423	-0.0461	-0.0969	-0.0783	0.27	0.12	-1.0005	0.17	0.07	-0.0473	0.05	0.02
11.335417	3.25	-16.702778	   NA	-0.2818	0.0282	-0.4445	0.0389	0.2962	-0.8882	-0.9475	-1.3629	-1.0530	-0.9429	-1.0356	-0.0819	-0.0837	-0.0160	0.0483	-0.0431	-0.0949	-0.0726	0.29	0.13	-1.0384	0.17	0.07	-0.0452	0.05	0.02
11.460417	3.375	-16.577778	   NA	-0.2927	0.0377	-0.4624	0.0509	0.3365	-0.9201	-0.9862	-1.4121	-1.0898	-0.9768	-1.0682	-0.0859	-0.0820	-0.0116	0.0538	-0.0407	-0.0921	-0.0660	0.31	0.14	-1.0755	0.18	0.07	-0.0431	0.06	0.02
11.585417	3.5	-16.452778	   NA	-0.3024	0.0480	-0.4798	0.0647	0.3794	-0.9509	-1.0225	-1.4618	-1.1260	-1.0090	-1.1003	-0.0892	-0.0795	-0.0072	0.0590	-0.0383	-0.0897	-0.0580	0.34	0.15	-1.1118	0.18	0.07	-0.0408	0.06	0.02
11.710417	3.625	-16.327778	   NA	-0.3118	0.0603	-0.4980	0.0797	0.4255	-0.9814	-1.0580	-1.5109	-1.1617	-1.0411	-1.1325	-0.0918	-0.0772	-0.0024	0.0656	-0.0351	-0.0877	-0.0489	0.36	0.16	-1.1476	0.19	0.08	-0.0381	0.06	0.03
11.835417	3.75	-16.202778	   NA	-0.3213	0.0736	-0.5179	0.0950	0.4754	-1.0135	-1.0947	-1.5587	-1.1972	-1.0733	-1.1650	-0.0953	-0.0752	0.0016	0.0730	-0.0317	-0.0852	-0.0390	0.39	0.17	-1.1837	0.20	0.08	-0.0355	0.06	0.03
11.960417	3.875	-16.077778	   NA	-0.3294	0.0873	-0.5374	0.1103	0.5281	-1.0450	-1.1308	-1.6067	-1.2309	-1.1059	-1.1966	-0.0992	-0.0729	0.0045	0.0817	-0.0284	-0.0827	-0.0282	0.42	0.19	-1.2193	0.20	0.08	-0.0328	0.07	0.03
12.085417	4	-15.952778	   NA	-0.3368	0.1022	-0.5570	0.1265	0.5831	-1.0763	-1.1661	-1.6555	-1.2647	-1.1394	-1.2272	-0.1042	-0.0701	0.0076	0.0904	-0.0240	-0.0804	-0.0164	0.44	0.20	-1.2549	0.21	0.08	-0.0301	0.07	0.03
12.210417	4.125	-15.827778	   NA	-0.3457	0.1175	-0.5771	0.1435	0.6425	-1.1090	-1.2019	-1.7046	-1.3009	-1.1724	-1.2584	-0.1090	-0.0671	0.0121	0.0976	-0.0198	-0.0788	-0.0039	0.47	0.21	-1.2912	0.21	0.09	-0.0275	0.07	0.03
12.335417	4.25	-15.702778	   NA	-0.3555	0.1319	-0.5973	0.1614	0.7077	-1.1434	-1.2394	-1.7543	-1.3383	-1.2057	-1.2909	-0.1121	-0.0650	0.0170	0.1051	-0.0183	-0.0784	0.0096	0.51	0.23	-1.3287	0.22	0.09	-0.0253	0.08	0.03
12.460417	4.375	-15.577778	   NA	-0.3644	0.1467	-0.6183	0.1812	0.7747	-1.1791	-1.2790	-1.8042	-1.3758	-1.2391	-1.3233	-0.1153	-0.0634	0.0210	0.1121	-0.0187	-0.0780	0.0240	0.54	0.24	-1.3668	0.22	0.09	-0.0237	0.08	0.03
12.585417	4.5	-15.452778	   NA	-0.3725	0.1644	-0.6390	0.2028	0.8452	-1.2143	-1.3186	-1.8541	-1.4114	-1.2728	-1.3555	-0.1188	-0.0614	0.0242	0.1187	-0.0177	-0.0764	0.0402	0.57	0.26	-1.4045	0.23	0.09	-0.0219	0.08	0.03
12.710417	4.625	-15.327778	   NA	-0.3795	0.1848	-0.6584	0.2258	0.9225	-1.2488	-1.3572	-1.9044	-1.4463	-1.3079	-1.3870	-0.1210	-0.0583	0.0279	0.1284	-0.0137	-0.0735	0.0590	0.61	0.27	-1.4419	0.24	0.10	-0.0184	0.09	0.04
12.835417	4.75	-15.202778	   NA	-0.3868	0.2052	-0.6790	0.2495	1.0074	-1.2827	-1.3944	-1.9549	-1.4818	-1.3439	-1.4185	-0.1245	-0.0538	0.0331	0.1400	-0.0097	-0.0703	0.0793	0.65	0.29	-1.4794	0.24	0.10	-0.0142	0.09	0.04
12.960417	4.875	-15.077778	   NA	-0.3958	0.2268	-0.6998	0.2742	1.0995	-1.3157	-1.4310	-2.0054	-1.5163	-1.3800	-1.4506	-0.1296	-0.0484	0.0389	0.1508	-0.0064	-0.0671	0.1010	0.69	0.31	-1.5165	0.25	0.10	-0.0103	0.10	0.04
13.085417	5	-14.952778	   NA	-0.4048	0.2500	-0.7207	0.3003	1.1976	-1.3483	-1.4704	-2.0565	-1.5512	-1.4161	-1.4829	-0.1331	-0.0428	0.0450	0.1616	-0.0029	-0.0638	0.1245	0.74	0.33	-1.5542	0.26	0.10	-0.0060	0.10	0.04
13.210417	5.125	-14.827778	   NA	-0.4129	0.2732	-0.7414	0.3271	1.3011	-1.3831	-1.5109	-2.1067	-1.5865	-1.4526	-1.5157	-0.1362	-0.0380	0.0518	0.1739	0.0004	-0.0614	0.1494	0.79	0.35	-1.5926	0.26	0.11	-0.0016	0.11	0.04
13.335417	5.25	-14.702778	   NA	-0.4217	0.2971	-0.7614	0.3549	1.4122	-1.4189	-1.5509	-2.1560	-1.6209	-1.4891	-1.5482	-0.1416	-0.0339	0.0585	0.1875	0.0032	-0.0593	0.1762	0.84	0.37	-1.6307	0.27	0.11	0.0024	0.11	0.05
13.460417	5.375	-14.577778	   NA	-0.4314	0.3226	-0.7818	0.3855	1.5343	-1.4556	-1.5915	-2.2059	-1.6566	-1.5256	-1.5802	-0.1473	-0.0296	0.0647	0.2029	0.0058	-0.0570	0.2058	0.89	0.40	-1.6692	0.27	0.11	0.0066	0.12	0.05
13.585417	5.5	-14.452778	   NA	-0.4400	0.3492	-0.8053	0.4197	1.6685	-1.4952	-1.6332	-2.2556	-1.6959	-1.5615	-1.6121	-0.1526	-0.0244	0.0723	0.2163	0.0098	-0.0534	0.2384	0.95	0.43	-1.7089	0.28	0.11	0.0113	0.12	0.05
13.710417	5.625	-14.327778	   NA	-0.4471	0.3762	-0.8264	0.4556	1.8053	-1.5308	-1.6740	-2.3068	-1.7317	-1.5974	-1.6443	-0.1558	-0.0188	0.0811	0.2308	0.0144	-0.0495	0.2727	1.01	0.45	-1.7475	0.28	0.12	0.0170	0.13	0.05
13.835417	5.75	-14.202778	   NA	-0.4542	0.4051	-0.8451	0.4920	1.9515	-1.5657	-1.7142	-2.3614	-1.7645	-1.6351	-1.6768	-0.1585	-0.0163	0.0874	0.2472	0.0161	-0.0490	0.3099	1.08	0.48	-1.7863	0.29	0.12	0.0212	0.14	0.06
13.960417	5.875	-14.077778	   NA	-0.4615	0.4363	-0.8667	0.5294	2.1070	-1.6049	-1.7567	-2.4157	-1.8008	-1.6735	-1.7103	-0.1639	-0.0140	0.0923	0.2626	0.0175	-0.0496	0.3489	1.15	0.51	-1.8270	0.30	0.12	0.0241	0.14	0.06
14.085417	6	-13.952778	   NA	-0.4700	0.4682	-0.8884	0.5693	2.2751	-1.6446	-1.8008	-2.4686	-1.8370	-1.7126	-1.7440	-0.1687	-0.0082	0.0980	0.2797	0.0205	-0.0483	0.3908	1.22	0.55	-1.8679	0.30	0.12	0.0288	0.15	0.06
14.210417	6.125	-13.827778	   NA	-0.4787	0.5000	-0.9102	0.6101	2.4463	-1.6845	-1.8451	-2.5214	-1.8736	-1.7522	-1.7777	-0.1735	-0.0024	0.1037	0.2970	0.0235	-0.0470	0.4335	1.30	0.58	-1.9091	0.31	0.13	0.0335	0.16	0.06
14.335417	6.25	-13.702778	   NA	-0.4888	0.5361	-0.9322	0.6543	2.6309	-1.7254	-1.8889	-2.5745	-1.9114	-1.7919	-1.8118	-0.1775	0.0046	0.1103	0.3147	0.0265	-0.0459	0.4801	1.38	0.62	-1.9507	0.31	0.13	0.0388	0.17	0.07
14.460417	6.375	-13.577778	   NA	-0.4984	0.5765	-0.9539	0.7030	2.8300	-1.7657	-1.9326	-2.6280	-1.9491	-1.8302	-1.8461	-0.1821	0.0125	0.1166	0.3340	0.0291	-0.0446	0.5314	1.46	0.66	-1.9920	0.32	0.13	0.0442	0.17	0.07
14.585417	6.5	-13.452778	   NA	-0.5082	0.6184	-0.9756	0.7558	3.0421	-1.8049	-1.9776	-2.6826	-1.9864	-1.8683	-1.8796	-0.1867	0.0190	0.1220	0.3552	0.0313	-0.0424	0.5865	1.56	0.70	-2.0332	0.33	0.13	0.0497	0.18	0.07
14.710417	6.625	-13.327778	   NA	-0.5181	0.6616	-0.9969	0.8115	3.2635	-1.8459	-2.0238	-2.7387	-2.0245	-1.9075	-1.9123	-0.1894	0.0251	0.1283	0.3768	0.0334	-0.0404	0.6443	1.65	0.74	-2.0755	0.33	0.14	0.0556	0.19	0.08
14.835417	6.75	-13.202778	   NA	-0.5280	0.7058	-1.0176	0.8695	3.4960	-1.8891	-2.0711	-2.7953	-2.0623	-1.9471	-1.9452	-0.1933	0.0314	0.1357	0.3998	0.0352	-0.0402	0.7051	1.75	0.78	-2.1184	0.34	0.14	0.0614	0.20	0.08
14.960417	6.875	-13.077778	   NA	-0.5374	0.7527	-1.0386	0.9303	3.7402	-1.9321	-2.1176	-2.8505	-2.1001	-1.9861	-1.9782	-0.1994	0.0377	0.1434	0.4233	0.0374	-0.0391	0.7694	1.86	0.83	-2.1608	0.35	0.14	0.0672	0.21	0.08
15.085417	7	-12.952778	   NA	-0.5484	0.8029	-1.0601	0.9962	3.9963	-1.9744	-2.1634	-2.9048	-2.1379	-2.0242	-2.0117	-0.2048	0.0447	0.1509	0.4497	0.0408	-0.0360	0.8374	1.97	0.88	-2.2027	0.35	0.14	0.0742	0.22	0.09
15.210417	7.125	-12.827778	   NA	-0.5600	0.8559	-1.0818	1.0663	4.2661	-2.0154	-2.2111	-2.9604	-2.1765	-2.0635	-2.0458	-0.2093	0.0519	0.1577	0.4769	0.0438	-0.0329	0.9093	2.09	0.93	-2.2455	0.36	0.15	0.0813	0.23	0.09
15.335417	7.25	-12.702778	   NA	-0.5698	0.9126	-1.1042	1.1385	4.5486	-2.0564	-2.2599	-3.0167	-2.2162	-2.1050	-2.0802	-0.2145	0.0588	0.1639	0.5060	0.0465	-0.0308	0.9851	2.21	0.99	-2.2891	0.37	0.15	0.0883	0.24	0.10
15.460417	7.375	-12.577778	   NA	-0.5777	0.9716	-1.1266	1.2134	4.8416	-2.0981	-2.3085	-3.0740	-2.2557	-2.1475	-2.1137	-0.2194	0.0665	0.1715	0.5369	0.0497	-0.0290	1.0645	2.33	1.04	-2.3329	0.37	0.15	0.0960	0.25	0.10
15.585417	7.5	-12.452778	   NA	-0.5844	1.0325	-1.1487	1.2927	5.1458	-2.1411	-2.3564	-3.1323	-2.2959	-2.1905	-2.1486	-0.2232	0.0822	0.1802	0.5684	0.0531	-0.0270	1.1476	2.46	1.10	-2.3775	0.38	0.15	0.1056	0.26	0.11
15.710417	7.625	-12.327778	   NA	-0.5926	1.0958	-1.1714	1.3758	5.4648	-2.1857	-2.4055	-3.1903	-2.3373	-2.2338	-2.1855	-0.2278	0.1077	0.1888	0.6007	0.0569	-0.0244	1.2345	2.60	1.16	-2.4230	0.39	0.16	0.1170	0.28	0.11
15.835417	7.75	-12.202778	   NA	-0.6009	1.1623	-1.1949	1.4627	5.8014	-2.2313	-2.4553	-3.2482	-2.3790	-2.2763	-2.2214	-0.2339	0.1285	0.1976	0.6328	0.0604	-0.0219	1.3261	2.75	1.23	-2.4686	0.39	0.16	0.1273	0.29	0.12
15.960417	7.875	-12.077778	   NA	-0.6091	1.2331	-1.2194	1.5544	6.1585	-2.2772	-2.5055	-3.3078	-2.4203	-2.3195	-2.2579	-0.2390	0.1419	0.2066	0.6669	0.0633	-0.0191	1.4235	2.90	1.30	-2.5147	0.40	0.16	0.1368	0.30	0.12
16.085417	8	-11.952778	   NA	-0.6173	1.3054	-1.2432	1.6474	6.5180	-2.3226	-2.5558	-3.3681	-2.4602	-2.3629	-2.2944	-0.2421	0.1552	0.2153	0.7052	0.0657	-0.0159	1.5221	3.05	1.36	-2.5607	0.41	0.17	0.1472	0.32	0.13
16.210417	8.125	-11.827778	   NA	-0.6275	1.3796	-1.2657	1.7445	6.8963	-2.3685	-2.6085	-3.4296	-2.5015	-2.4080	-2.3319	-0.2450	0.1688	0.2254	0.7457	0.0682	-0.0124	1.6254	3.21	1.44	-2.6080	0.41	0.17	0.1584	0.33	0.14
16.335417	8.25	-11.702778	   NA	-0.6385	1.4566	-1.2879	1.8492	7.2889	-2.4156	-2.6613	-3.4911	-2.5438	-2.4520	-2.3681	-0.2501	0.1825	0.2371	0.7863	0.0704	-0.0089	1.7337	3.38	1.51	-2.6553	0.42	0.17	0.1695	0.35	0.14
16.460417	8.375	-11.577778	   NA	-0.6485	1.5370	-1.3099	1.9605	7.6920	-2.4627	-2.7123	-3.5518	-2.5854	-2.4953	-2.4040	-0.2555	0.1956	0.2479	0.8287	0.0728	-0.0057	1.8462	3.55	1.59	-2.7019	0.43	0.18	0.1806	0.36	0.15
16.585417	8.5	-11.452778	   NA	-0.6584	1.6188	-1.3315	2.0760	8.1090	-2.5099	-2.7632	-3.6126	-2.6271	-2.5394	-2.4395	-0.2606	0.2084	0.2575	0.8749	0.0760	-0.0028	1.9628	3.73	1.67	-2.7486	0.44	0.18	0.1922	0.38	0.16
16.710417	8.625	-11.327778	   NA	-0.6673	1.7025	-1.3533	2.1953	8.5425	-2.5572	-2.8159	-3.6732	-2.6700	-2.5832	-2.4757	-0.2662	0.2219	0.2669	0.9236	0.0788	0.0001	2.0839	3.91	1.75	-2.7959	0.45	0.18	0.2042	0.40	0.16
16.835417	8.75	-11.202778	   NA	-0.6762	1.7890	-1.3754	2.3184	9.0001	-2.6048	-2.8695	-3.7344	-2.7131	-2.6274	-2.5139	-0.2720	0.2352	0.2763	0.9742	0.0815	0.0031	2.2112	4.11	1.84	-2.8439	0.45	0.18	0.2164	0.42	0.17
16.960417	8.875	-11.077778	   NA	-0.6855	1.8781	-1.3975	2.4423	9.4598	-2.6530	-2.9232	-3.7969	-2.7550	-2.6728	-2.5529	-0.2777	0.2475	0.2863	1.0284	0.0843	0.0056	2.3394	4.30	1.92	-2.8923	0.46	0.19	0.2291	0.44	0.18
17.085417	9	-10.952778	   NA	-0.6939	1.9722	-1.4188	2.5714	9.9263	-2.7012	-2.9763	-3.8588	-2.7969	-2.7181	-2.5909	-0.2813	0.2598	0.2965	1.0863	0.0867	0.0077	2.4714	4.50	2.01	-2.9404	0.47	0.19	0.2426	0.46	0.19
17.210417	9.125	-10.827778	   NA	-0.7019	2.0725	-1.4397	2.7071	10.3827	-2.7494	-3.0291	-3.9204	-2.8403	-2.7630	-2.6279	-0.2836	0.2730	0.3068	1.1467	0.0889	0.0101	2.6041	4.69	2.10	-2.9884	0.48	0.19	0.2570	0.48	0.20
17.335417	9.25	-10.702778	   NA	-0.7107	2.1777	-1.4616	2.8501	10.8438	-2.7991	-3.0843	-3.9834	-2.8851	-2.8080	-2.6651	-0.2875	0.2861	0.3177	1.2089	0.0915	0.0129	2.7399	4.89	2.19	-3.0375	0.48	0.20	0.2716	0.51	0.21
17.460417	9.375	-10.577778	   NA	-0.7199	2.2862	-1.4844	2.9986	11.3149	-2.8500	-3.1400	-4.0469	-2.9310	-2.8529	-2.7026	-0.2919	0.2989	0.3292	1.2732	0.0943	0.0160	2.8791	5.09	2.28	-3.0872	0.49	0.20	0.2866	0.53	0.22
17.585417	9.5	-10.452778	   NA	-0.7280	2.3978	-1.5075	3.1541	11.8146	-2.9011	-3.1956	-4.1105	-2.9772	-2.8988	-2.7401	-0.2955	0.3117	0.3407	1.3411	0.0970	0.0187	3.0262	5.30	2.37	-3.1372	0.50	0.20	0.3023	0.56	0.23
17.710417	9.625	-10.327778	   NA	-0.7360	2.5141	-1.5317	3.3111	12.3336	-2.9528	-3.2519	-4.1750	-3.0232	-2.9459	-2.7787	-0.2987	0.3250	0.3533	1.4125	0.0993	0.0211	3.1782	5.52	2.47	-3.1879	0.51	0.21	0.3187	0.59	0.24
17.835417	9.75	-10.202778	   NA	-0.7459	2.6355	-1.5573	3.4758	12.8518	-3.0047	-3.3089	-4.2398	-3.0695	-2.9932	-2.8193	-0.3031	0.3385	0.3663	1.4881	0.1017	0.0231	3.3320	5.74	2.57	-3.2392	0.52	0.21	0.3358	0.61	0.25
17.960417	9.875	-10.077778	   NA	-0.7565	2.7601	-1.5804	3.6445	13.3773	-3.0566	-3.3660	-4.3046	-3.1147	-3.0402	-2.8595	-0.3075	0.3518	0.3791	1.5636	0.1045	0.0250	3.4890	5.96	2.67	-3.2903	0.52	0.21	0.3527	0.64	0.26
18.085417	10	-9.952778	   NA	-0.7673	2.8896	-1.6024	3.8179	13.9185	-3.1104	-3.4223	-4.3690	-3.1599	-3.0869	-2.8987	-0.3127	0.3658	0.3917	1.6425	0.1078	0.0266	3.6513	6.19	2.77	-3.3412	0.53	0.22	0.3703	0.67	0.28
18.210417	10.125	-9.827778	   NA	-0.7776	3.0242	-1.6246	3.9942	14.4761	-3.1647	-3.4781	-4.4339	-3.2068	-3.1342	-2.9381	-0.3177	0.3802	0.4060	1.7226	0.1111	0.0300	3.8185	6.42	2.87	-3.3926	0.54	0.22	0.3887	0.70	0.29
18.335417	10.25	-9.702778	   NA	-0.7873	3.1631	-1.6459	4.1784	15.0480	-3.2171	-3.5346	-4.5001	-3.2532	-3.1822	-2.9782	-0.3213	0.3939	0.4203	1.8058	0.1149	0.0336	3.9913	6.66	2.98	-3.4442	0.55	0.22	0.4079	0.74	0.30
18.460417	10.375	-9.577778	   NA	-0.7972	3.3065	-1.6695	4.3738	15.6363	-3.2707	-3.5917	-4.5660	-3.2998	-3.2311	-3.0182	-0.3249	0.4076	0.4341	1.8921	0.1184	0.0365	4.1700	6.91	3.09	-3.4963	0.56	0.23	0.4273	0.77	0.31
18.585417	10.5	-9.452778	   NA	-0.8068	3.4558	-1.6937	4.5711	16.2455	-3.3262	-3.6503	-4.6319	-3.3478	-3.2810	-3.0580	-0.3308	0.4225	0.4495	1.9789	0.1216	0.0395	4.3544	7.17	3.21	-3.5492	0.56	0.23	0.4469	0.80	0.33
18.710417	10.625	-9.327778	   NA	-0.8163	3.6127	-1.7177	4.7690	16.8753	-3.3819	-3.7094	-4.6989	-3.3961	-3.3306	-3.0985	-0.3374	0.4369	0.4656	2.0680	0.1254	0.0430	4.5446	7.43	3.32	-3.6026	0.57	0.23	0.4669	0.84	0.34
18.835417	10.75	-9.202778	   NA	-0.8258	3.7759	-1.7403	4.9680	17.5245	-3.4370	-3.7672	-4.7667	-3.4444	-3.3795	-3.1391	-0.3433	0.4512	0.4817	2.1576	0.1305	0.0474	4.7405	7.70	3.45	-3.6557	0.58	0.24	0.4875	0.87	0.36
18.960417	10.875	-9.077778	   NA	-0.8354	3.9432	-1.7623	5.1753	18.1956	-3.4918	-3.8248	-4.8343	-3.4920	-3.4281	-3.1794	-0.3486	0.4665	0.4985	2.2494	0.1362	0.0520	4.9433	7.98	3.57	-3.7084	0.59	0.24	0.5090	0.91	0.37
19.085417	11	-8.952778	   NA	-0.8451	4.1158	-1.7864	5.3894	18.8880	-3.5465	-3.8828	-4.9013	-3.5411	-3.4777	-3.2204	-0.3542	0.4819	0.5162	2.3425	0.1408	0.0557	5.1523	8.28	3.70	-3.7616	0.60	0.24	0.5305	0.94	0.38
19.210417	11.125	-8.827778	   NA	-0.8543	4.2953	-1.8103	5.6138	19.6023	-3.6015	-3.9412	-4.9678	-3.5913	-3.5281	-3.2620	-0.3604	0.4983	0.5352	2.4368	0.1455	0.0585	5.3694	8.57	3.83	-3.8153	0.60	0.25	0.5523	0.98	0.40
19.335417	11.25	-8.702778	   NA	-0.8628	4.4838	-1.8328	5.8491	20.3425	-3.6568	-4.0007	-5.0351	-3.6402	-3.5780	-3.3034	-0.3660	0.5164	0.5555	2.5329	0.1512	0.0619	5.5960	8.88	3.97	-3.8690	0.61	0.25	0.5753	1.02	0.41
19.460417	11.375	-8.577778	   NA	-0.8719	4.6839	-1.8566	6.0874	21.1060	-3.7140	-4.0614	-5.1038	-3.6895	-3.6284	-3.3454	-0.3718	0.5379	0.5761	2.6316	0.1567	0.0652	5.8298	9.20	4.12	-3.9238	0.62	0.25	0.5993	1.05	0.43
19.585417	11.5	-8.452778	   NA	-0.8822	4.8899	-1.8807	6.3248	21.8898	-3.7736	-4.1234	-5.1730	-3.7407	-3.6800	-3.3881	-0.3777	0.5603	0.5980	2.7354	0.1612	0.0683	6.0683	9.53	4.26	-3.9798	0.63	0.26	0.6242	1.09	0.45
19.710417	11.625	-8.327778	   NA	-0.8931	5.1021	-1.9047	6.5648	22.7141	-3.8331	-4.1864	-5.2424	-3.7932	-3.7317	-3.4308	-0.3830	0.5870	0.6218	2.8438	0.1659	0.0718	6.3166	9.87	4.42	-4.0363	0.64	0.26	0.6512	1.14	0.46
19.835417	11.75	-8.202778	   NA	-0.9038	5.3268	-1.9287	6.8094	23.5798	-3.8927	-4.2490	-5.3126	-3.8451	-3.7825	-3.4738	-0.3893	0.6164	0.6460	2.9536	0.1712	0.0757	6.5767	10.24	4.58	-4.0926	0.65	0.26	0.6789	1.18	0.48
19.960417	11.875	-8.077778	   NA	-0.9141	5.5606	-1.9520	7.0601	24.4633	-3.9526	-4.3109	-5.3833	-3.8958	-3.8328	-3.5167	-0.3963	0.6399	0.6730	3.0654	0.1766	0.0787	6.8436	10.60	4.74	-4.1487	0.66	0.27	0.7062	1.22	0.50
20.085417	12	-7.952778	   NA	-0.9243	5.8029	-1.9756	7.3164	25.3777	-4.0111	-4.3730	-5.4543	-3.9455	-3.8840	-3.5598	-0.4021	0.6607	0.7016	3.1826	0.1826	0.0824	7.1194	10.98	4.91	-4.2046	0.67	0.27	0.7346	1.27	0.52
20.210417	12.125	-7.827778	   NA	-0.9342	6.0534	-2.0009	7.5829	26.3279	-4.0693	-4.4354	-5.5250	-3.9956	-3.9365	-3.6036	-0.4075	0.6809	0.7293	3.3020	0.1880	0.0873	7.4058	11.38	5.09	-4.2609	0.67	0.28	0.7633	1.31	0.54
20.335417	12.25	-7.702778	   NA	-0.9439	6.3114	-2.0264	7.8669	27.2935	-4.1276	-4.4987	-5.5949	-4.0461	-3.9894	-3.6474	-0.4138	0.7014	0.7583	3.4226	0.1930	0.0923	7.7003	11.78	5.27	-4.3174	0.68	0.28	0.7923	1.36	0.55
20.460417	12.375	-7.577778	   NA	-0.9533	6.5792	-2.0509	8.1639	28.2717	-4.1875	-4.5628	-5.6658	-4.0992	-4.0426	-3.6914	-0.4204	0.7223	0.7890	3.5496	0.1988	0.0981	8.0021	12.19	5.45	-4.3749	0.69	0.28	0.8229	1.41	0.57
20.585417	12.5	-7.452778	   NA	-0.9621	6.8566	-2.0762	8.4678	29.2758	-4.2486	-4.6274	-5.7386	-4.1539	-4.0970	-3.7367	-0.4269	0.7433	0.8194	3.6807	0.2037	0.1030	8.3124	12.61	5.64	-4.4337	0.70	0.29	0.8539	1.46	0.60
20.710417	12.625	-7.327778	   NA	-0.9710	7.1474	-2.1032	8.7794	30.3154	-4.3100	-4.6920	-5.8121	-4.2071	-4.1521	-3.7828	-0.4326	0.7652	0.8504	3.8118	0.2085	0.1069	8.6336	13.04	5.83	-4.4927	0.71	0.29	0.8850	1.51	0.62
20.835417	12.75	-7.202778	   NA	-0.9808	7.4506	-2.1295	9.0996	31.4001	-4.3709	-4.7560	-5.8842	-4.2597	-4.2066	-3.8288	-0.4385	0.7871	0.8835	3.9439	0.2156	0.1118	8.9680	13.49	6.03	-4.5510	0.72	0.29	0.9172	1.56	0.64
20.960417	12.875	-7.077778	   NA	-0.9911	7.8306	-2.1542	9.4901	32.8287	-4.4316	-4.8202	-5.9551	-4.3129	-4.2607	-3.8741	-0.4450	0.8096	0.9247	4.0916	0.2238	0.1171	9.4008	14.08	6.30	-4.6091	0.73	0.30	0.9536	1.62	0.66
21.085417	13	-6.952778	   NA	-1.0000	8.3442	-2.1764	9.9719	34.5196	-4.4927	-4.8849	-6.0254	-4.3663	-4.3145	-3.9189	-0.4510	0.8391	0.9841	4.3188	0.2332	0.1235	9.9319	14.77	6.61	-4.6671	0.73	0.30	1.0079	1.70	0.70
21.210417	13.125	-6.827778	   NA	-1.0078	8.8579	-2.1984	10.4538	36.2105	-4.5539	-4.9495	-6.0957	-4.4196	-4.3682	-3.9637	-0.4567	0.8686	1.0436	4.5630	0.2425	0.1300	10.4632	15.47	6.92	-4.7251	0.74	0.30	1.0652	1.80	0.73
21.335417	13.25	-6.702778	   NA	-1.0156	9.3715	-2.2205	10.9357	37.9015	-4.6151	-5.0142	-6.1660	-4.4730	-4.4220	-4.0085	-0.4625	0.8982	1.1031	4.8073	0.2519	0.1364	10.9945	16.17	7.23	-4.7831	0.75	0.31	1.1224	1.89	0.77
21.460417	13.375	-6.577778	   NA	-1.0234	9.8851	-2.2425	11.4175	39.5924	-4.6763	-5.0789	-6.2363	-4.5264	-4.4758	-4.0533	-0.4682	0.9277	1.1626	5.0516	0.2612	0.1428	11.5258	16.86	7.54	-4.8412	0.76	0.31	1.1796	1.98	0.81
21.585417	13.5	-6.452778	   NA	-1.0312	10.3987	-2.2646	11.8994	41.2833	-4.7375	-5.1436	-6.3066	-4.5798	-4.5295	-4.0980	-0.4740	0.9572	1.2220	5.2958	0.2705	0.1492	12.0571	17.56	7.85	-4.8992	0.77	0.31	1.2368	2.08	0.85
21.710417	13.625	-6.327778	   NA	-1.0390	10.9124	-2.2866	12.3813	42.9742	-4.7987	-5.2083	-6.3769	-4.6331	-4.5833	-4.1428	-0.4797	0.9868	1.2815	5.5401	0.2799	0.1557	12.5885	18.26	8.16	-4.9572	0.78	0.32	1.2940	2.17	0.89
21.835417	13.75	-6.202778	   NA	-1.0468	11.4260	-2.3086	12.8631	44.6651	-4.8599	-5.2730	-6.4472	-4.6865	-4.6371	-4.1876	-0.4855	1.0163	1.3410	5.7844	0.2892	0.1621	13.1198	18.95	8.48	-5.0152	0.78	0.32	1.3512	2.27	0.93
21.960417	13.875	-6.077778	   NA	-1.0547	11.9396	-2.3307	13.3450	46.3561	-4.9211	-5.3376	-6.5174	-4.7399	-4.6908	-4.2324	-0.4912	1.0458	1.4005	6.0286	0.2986	0.1685	13.6511	19.65	8.79	-5.0732	0.79	0.32	1.4085	2.36	0.96
22.085417	14	-5.952778	   NA	-1.0625	12.4532	-2.3527	13.8269	48.0470	-4.9823	-5.4023	-6.5877	-4.7932	-4.7446	-4.2772	-0.4969	1.0754	1.4599	6.2729	0.3079	0.1750	14.1824	20.35	9.10	-5.1312	0.80	0.33	1.4657	2.45	1.00
22.210417	14.125	-5.827778	   NA	-1.0703	12.9669	-2.3748	14.3087	49.7379	-5.0435	-5.4670	-6.6580	-4.8466	-4.7984	-4.3220	-0.5027	1.1049	1.5194	6.5172	0.3172	0.1814	14.7137	21.04	9.41	-5.1893	0.81	0.33	1.5229	2.55	1.04
22.335417	14.25	-5.702778	   NA	-1.0781	13.4805	-2.3968	14.7906	51.4288	-5.1047	-5.5317	-6.7283	-4.9000	-4.8522	-4.3668	-0.5084	1.1344	1.5789	6.7614	0.3266	0.1878	15.2450	21.74	9.72	-5.2473	0.82	0.33	1.5801	2.64	1.08
22.460417	14.375	-5.577778	   NA	-1.0859	13.9941	-2.4188	15.2725	53.1197	-5.1659	-5.5964	-6.7986	-4.9533	-4.9059	-4.4116	-0.5142	1.1640	1.6384	7.0057	0.3359	0.1942	15.7763	22.44	10.03	-5.3053	0.83	0.34	1.6373	2.74	1.12
22.585417	14.5	-5.452778	   NA	-1.0937	14.5077	-2.4409	15.7543	54.8107	-5.2271	-5.6610	-6.8689	-5.0067	-4.9597	-4.4564	-0.5199	1.1935	1.6978	7.2500	0.3453	0.2007	16.3076	23.13	10.34	-5.3633	0.84	0.34	1.6946	2.83	1.16
22.710417	14.625	-5.327778	   NA	-1.1015	15.0214	-2.4629	16.2362	56.5016	-5.2883	-5.7257	-6.9392	-5.0601	-5.0135	-4.5012	-0.5257	1.2230	1.7573	7.4942	0.3546	0.2071	16.8390	23.83	10.66	-5.4213	0.84	0.34	1.7517	2.93	1.19
22.835417	14.75	-5.202778	   NA	-1.1093	15.5350	-2.4850	16.7181	58.1925	-5.3495	-5.7904	-7.0095	-5.1134	-5.0672	-4.5460	-0.5314	1.2526	1.8168	7.7385	0.3639	0.2135	17.3703	24.53	10.97	-5.4793	0.85	0.35	1.8090	3.02	1.23
22.960417	14.875	-5.077778	   NA	-1.1171	16.0486	-2.5070	17.1999	59.8834	-5.4107	-5.8551	-7.0798	-5.1668	-5.1210	-4.5908	-0.5371	1.2821	1.8763	7.9828	0.3733	0.2199	17.9016	25.22	11.28	-5.5374	0.86	0.35	1.8662	3.11	1.27
23.085417	15	-4.952778	   NA	-1.1250	16.5622	-2.5290	17.6818	61.5743	-5.4719	-5.9198	-7.1501	-5.2202	-5.1748	-4.6355	-0.5429	1.3116	1.9357	8.2270	0.3826	0.2264	18.4329	25.92	11.59	-5.5954	0.87	0.35	1.9234	3.21	1.31
23.210417	15.125	-4.827778	   NA	-1.1328	17.0759	-2.5511	18.1636	63.2653	-5.5331	-5.9845	-7.2204	-5.2735	-5.2285	-4.6803	-0.5486	1.3412	1.9952	8.4713	0.3920	0.2328	18.9642	26.62	11.90	-5.6534	0.88	0.36	1.9806	3.30	1.35
23.335417	15.25	-4.702778	   NA	-1.1406	17.5895	-2.5731	18.6455	64.9562	-5.5943	-6.0491	-7.2907	-5.3269	-5.2823	-4.7251	-0.5544	1.3707	2.0547	8.7156	0.4013	0.2392	19.4955	27.31	12.21	-5.7114	0.89	0.36	2.0378	3.40	1.39
23.460417	15.375	-4.577778	   NA	-1.1484	18.1031	-2.5952	19.1274	66.6471	-5.6555	-6.1138	-7.3610	-5.3803	-5.3361	-4.7699	-0.5601	1.4002	2.1142	8.9598	0.4107	0.2456	20.0268	28.01	12.53	-5.7694	0.89	0.37	2.0951	3.49	1.42
23.585417	15.5	-4.452778	   NA	-1.1562	18.6167	-2.6172	19.6092	68.3380	-5.7167	-6.1785	-7.4313	-5.4337	-5.3898	-4.8147	-0.5659	1.4298	2.1736	9.2041	0.4200	0.2521	20.5581	28.71	12.84	-5.8275	0.90	0.37	2.1523	3.58	1.46
23.710417	15.625	-4.327778	   NA	-1.1631	19.2137	-2.6392	20.1712	70.4127	-5.7761	-6.2414	-7.5015	-5.4851	-5.4427	-4.8587	-0.5708	1.4601	2.2409	9.5210	0.4301	0.2588	21.1991	29.56	13.22	-5.8843	0.91	0.37	2.2233	3.71	1.51
23.835417	15.75	-4.202778	   NA	-1.1707	19.9296	-2.6580	20.8417	72.7750	-5.8355	-6.3037	-7.5714	-5.5366	-5.4950	-4.9023	-0.5743	1.4992	2.3276	9.8545	0.4419	0.2668	21.9435	30.53	13.65	-5.9408	0.92	0.38	2.3026	3.84	1.57
23.960417	15.875	-4.077778	   NA	-1.1779	20.6616	-2.6777	21.5544	75.2146	-5.8961	-6.3671	-7.6415	-5.5892	-5.5474	-4.9455	-0.5772	1.5627	2.4217	10.1930	0.4539	0.2749	22.7150	31.53	14.10	-5.9978	0.93	0.38	2.3882	3.96	1.62
24.085417	16	-3.952778	   NA	-1.1847	21.4117	-2.6974	22.2861	77.6833	-5.9567	-6.4309	-7.7124	-5.6419	-5.5996	-4.9884	-0.5800	1.6257	2.5189	10.5320	0.4666	0.2832	23.4998	32.55	14.56	-6.0550	0.94	0.38	2.4744	4.09	1.67
24.210417	16.125	-3.827778	   NA	-1.1901	22.1795	-2.7181	23.0205	80.1519	-6.0175	-6.4941	-7.7823	-5.6941	-5.6505	-5.0309	-0.5838	1.6802	2.6162	10.8693	0.4800	0.2917	24.2887	33.56	15.01	-6.1116	0.95	0.39	2.5589	4.22	1.72
24.335417	16.25	-3.702778	   NA	-1.1949	22.9773	-2.7386	23.7709	82.6907	-6.0786	-6.5574	-7.8514	-5.7457	-5.7012	-5.0737	-0.5885	1.7093	2.7139	11.2063	0.4946	0.3000	25.1011	34.60	15.47	-6.1680	0.96	0.39	2.6393	4.35	1.78
24.460417	16.375	-3.577778	   NA	-1.1982	23.7964	-2.7591	24.5409	85.2939	-6.1393	-6.6215	-7.9223	-5.7976	-5.7540	-5.1169	-0.5933	1.7387	2.8136	11.5484	0.5089	0.3064	25.9348	35.67	15.95	-6.2253	0.97	0.39	2.7205	4.49	1.83
24.585417	16.5	-3.452778	   NA	-1.2015	24.6348	-2.7796	25.3308	88.1375	-6.2001	-6.6856	-7.9949	-5.8488	-5.8078	-5.1607	-0.5976	1.7689	2.9175	11.9097	0.5227	0.3120	26.8244	36.84	16.47	-6.2830	0.98	0.40	2.8055	4.63	1.89
24.710417	16.625	-3.327778	   NA	-1.2049	25.4945	-2.8013	26.1588	91.0856	-6.2633	-6.7513	-8.0665	-5.9015	-5.8611	-5.2056	-0.6021	1.7989	3.0279	12.2818	0.5370	0.3183	27.7465	38.05	17.02	-6.3415	0.99	0.40	2.8936	4.77	1.95
24.835417	16.75	-3.202778	   NA	-1.2106	26.3788	-2.8236	27.0138	94.1863	-6.3272	-6.8175	-8.1371	-5.9561	-5.9144	-5.2514	-0.6068	1.8278	3.1460	12.6527	0.5506	0.3256	28.7089	39.32	17.59	-6.4006	0.99	0.41	2.9827	4.91	2.01
24.960417	16.875	-3.077778	   NA	-1.2167	27.2872	-2.8455	27.8669	97.2825	-6.3906	-6.8833	-8.2083	-6.0114	-5.9680	-5.2982	-0.6111	1.8549	3.2712	13.0393	0.5632	0.3336	29.6749	40.59	18.15	-6.4600	1.00	0.41	3.0752	5.06	2.07
25.085417	17	-2.952778	   NA	-1.2227	28.2172	-2.8685	28.7273	100.3353	-6.4551	-6.9505	-8.2809	-6.0673	-6.0218	-5.3460	-0.6144	1.8836	3.3974	13.4409	0.5807	0.3406	30.6377	41.85	18.71	-6.5203	1.01	0.41	3.1715	5.22	2.13
25.210417	17.125	-2.827778	   NA	-1.2286	29.1706	-2.8910	29.6248	103.3965	-6.5212	-7.0191	-8.3545	-6.1225	-6.0760	-5.3920	-0.6179	1.9257	3.5240	13.8581	0.6079	0.3476	31.6145	43.10	19.28	-6.5809	1.02	0.42	3.2742	5.38	2.20
25.335417	17.25	-2.702778	   NA	-1.2339	30.1526	-2.9133	30.5494	106.5032	-6.5862	-7.0880	-8.4294	-6.1772	-6.1307	-5.4368	-0.6221	1.9723	3.6534	14.3001	0.6318	0.3567	32.6116	44.38	19.85	-6.6414	1.03	0.42	3.3820	5.55	2.27
25.460417	17.375	-2.577778	   NA	-1.2392	31.1651	-2.9358	31.4801	109.6628	-6.6511	-7.1573	-8.5051	-6.2325	-6.1869	-5.4833	-0.6268	2.0121	3.7833	14.7434	0.6478	0.3657	33.6266	45.67	20.43	-6.7027	1.04	0.43	3.4876	5.72	2.34
25.585417	17.5	-2.452778	   NA	-1.2445	32.2065	-2.9586	32.4235	112.8740	-6.7174	-7.2270	-8.5813	-6.2895	-6.2451	-5.5318	-0.6322	2.0469	3.9200	15.2073	0.6647	0.3727	34.6602	46.99	21.02	-6.7654	1.05	0.43	3.5966	5.90	2.41
25.710417	17.625	-2.327778	   NA	-1.2492	33.2767	-2.9825	33.3990	116.1138	-6.7842	-7.2968	-8.6586	-6.3470	-6.3041	-5.5806	-0.6364	2.0761	4.0678	15.6846	0.6821	0.3794	35.7116	48.32	21.61	-6.8285	1.06	0.43	3.7089	6.09	2.49
25.835417	17.75	-2.202778	   NA	-1.2550	34.3765	-3.0060	34.4095	119.3507	-6.8510	-7.3673	-8.7375	-6.4049	-6.3622	-5.6300	-0.6401	2.1036	4.2147	16.1720	0.6987	0.3863	36.7751	49.65	22.20	-6.8922	1.07	0.44	3.8225	6.28	2.56
25.960417	17.875	-2.077778	   NA	-1.2612	35.5116	-3.0295	35.4171	122.6054	-6.9185	-7.4387	-8.8166	-6.4630	-6.4204	-5.6801	-0.6444	2.1315	4.3603	16.6631	0.7145	0.3926	37.8487	50.98	22.80	-6.9562	1.08	0.44	3.9363	6.47	2.64
26.085417	18	-1.952778	   NA	-1.2649	36.6686	-3.0527	36.4130	125.9342	-6.9874	-7.5105	-8.8948	-6.5213	-6.4792	-5.7300	-0.6491	2.1612	4.5166	17.1591	0.7302	0.4001	38.9396	52.34	23.41	-7.0205	1.09	0.45	4.0530	6.66	2.72
26.210417	18.125	-1.827778	   NA	-1.2682	37.8456	-3.0760	37.4165	129.3414	-7.0559	-7.5832	-8.9733	-6.5810	-6.5386	-5.7795	-0.6543	2.1900	4.6917	17.6622	0.7460	0.4087	40.0519	53.74	24.03	-7.0853	1.10	0.45	4.1740	6.86	2.80
26.335417	18.25	-1.702778	   NA	-1.2744	39.0577	-3.0996	38.4292	132.7999	-7.1249	-7.6562	-9.0522	-6.6419	-6.5983	-5.8287	-0.6596	2.2163	4.8817	18.1716	0.7623	0.4174	41.1826	55.16	24.67	-7.1504	1.11	0.45	4.2983	7.06	2.88
26.460417	18.375	-1.577778	   NA	-1.2817	40.2984	-3.1220	39.4509	136.2719	-7.1959	-7.7296	-9.1315	-6.7030	-6.6579	-5.8782	-0.6640	2.2417	5.0771	18.6943	0.7791	0.4261	42.3235	56.58	25.30	-7.2160	1.12	0.46	4.4257	7.27	2.97
26.585417	18.5	-1.452778	   NA	-1.2888	41.5678	-3.1467	40.4794	139.7768	-7.2672	-7.8044	-9.2112	-6.7649	-6.7175	-5.9281	-0.6688	2.2685	5.2719	19.2321	0.7957	0.4343	43.4777	58.02	25.95	-7.2822	1.13	0.46	4.5556	7.48	3.05
26.710417	18.625	-1.327778	   NA	-1.2958	42.8657	-3.1720	41.5197	143.3178	-7.3378	-7.8798	-9.2918	-6.8271	-6.7785	-5.9786	-0.6751	2.2964	5.4587	19.7888	0.8123	0.4428	44.6471	59.47	26.60	-7.3489	1.14	0.47	4.6873	7.70	3.14
26.835417	18.75	-1.202778	   NA	-1.3041	44.1917	-3.1958	42.5918	146.8996	-7.4083	-7.9551	-9.3732	-6.8875	-6.8403	-6.0301	-0.6804	2.3241	5.6775	20.3572	0.8287	0.4511	45.8366	60.94	27.25	-7.4158	1.15	0.47	4.8264	7.92	3.23
26.960417	18.875	-1.077778	   NA	-1.3135	45.5507	-3.2197	43.6974	150.6342	-7.4793	-8.0311	-9.4544	-6.9484	-6.9014	-6.0819	-0.6853	2.3509	5.9674	20.9252	0.8456	0.4579	47.0698	62.47	27.94	-7.4828	1.16	0.48	4.9769	8.15	3.33
27.085417	19	-0.952778	   NA	-1.3223	46.9413	-3.2432	44.8095	154.6554	-7.5509	-8.1075	-9.5357	-7.0110	-6.9622	-6.1332	-0.6911	2.3764	6.2367	21.5120	0.8640	0.4659	48.3681	64.12	28.67	-7.5501	1.17	0.48	5.1273	8.38	3.42
27.210417	19.125	-0.827778	   NA	-1.3312	48.3487	-3.2674	45.9289	158.7406	-7.6228	-8.1840	-9.6179	-7.0742	-7.0229	-6.1845	-0.6978	2.4018	6.4592	22.1251	0.8832	0.4754	49.6839	65.79	29.42	-7.6177	1.19	0.48	5.2745	8.62	3.52
27.335417	19.25	-0.702778	   NA	-1.3402	49.7739	-3.2924	47.0757	162.6954	-7.6961	-8.2605	-9.7008	-7.1375	-7.0840	-6.2369	-0.7036	2.4269	6.6944	22.7647	0.9024	0.4848	50.9825	67.42	30.15	-7.6860	1.20	0.49	5.4283	8.87	3.62
27.460417	19.375	-0.577778	   NA	-1.3487	51.2291	-3.3165	48.2459	166.6234	-7.7696	-8.3380	-9.7836	-7.2016	-7.1465	-6.2897	-0.7086	2.4517	6.9403	23.4223	0.9226	0.4942	52.2866	69.03	30.87	-7.7548	1.21	0.49	5.5871	9.13	3.73
27.585417	19.5	-0.452778	   NA	-1.3571	52.7165	-3.3402	49.4274	170.5857	-7.8424	-8.4158	-9.8656	-7.2660	-7.2096	-6.3429	-0.7134	2.4777	7.1950	24.0860	0.9439	0.5046	53.6065	70.65	31.60	-7.8237	1.22	0.50	5.7490	9.40	3.84
27.710417	19.625	-0.327778	   NA	-1.3655	54.2257	-3.3641	50.6246	174.5661	-7.9159	-8.4923	-9.9466	-7.3302	-7.2721	-6.3962	-0.7190	2.5085	7.4492	24.7757	0.9650	0.5154	54.9374	72.28	32.33	-7.8922	1.23	0.50	5.9158	9.67	3.95
27.835417	19.75	-0.202778	   NA	-1.3742	55.7410	-3.3880	51.8445	178.5415	-7.9905	-8.5681	-10.0272	-7.3950	-7.3345	-6.4488	-0.7249	2.5430	7.6984	25.4835	0.9861	0.5267	56.2730	73.91	33.05	-7.9607	1.24	0.50	6.0855	9.95	4.06
27.960417	19.875	-0.077778	   NA	-1.3829	57.2564	-3.4120	53.0747	182.5129	-8.0651	-8.6438	-10.1078	-7.4598	-7.3972	-6.5011	-0.7308	2.5775	7.9477	26.1921	1.0072	0.5379	57.6098	75.54	33.78	-8.0291	1.25	0.51	6.2553	10.23	4.17
28.038194	19.952778	0	   NA	0.0000	0.0000	0.0000	0.0000	0.0000	0.0000	0.0000	0.0000	0.0000	0.0000	0.0000	0.0000	0.0000	0.0000	0.0000	0.0000	0.0000	0.0000	0.00	0.00	0.0000	0.00	0.00	0.0000	0.00	0.00
28.163194	20.077778	0.125	   NA	0.1104	1.7892	0.3990	1.2465	3.2166	0.0189	0.0588	0.0156	0.0059	0.0248	0.1560	0.0869	0.2309	0.5166	1.0403	0.2659	0.3079	1.3523	1.24	0.55	0.0467	0.06	0.02	0.4081	0.34	0.14
28.288194	20.202778	0.25	   NA	0.2208	3.5797	0.8404	2.4873	6.2557	0.0490	0.1287	0.0313	0.0209	0.0513	0.3189	0.1739	0.4617	1.0332	2.1420	0.5318	0.6159	2.6768	2.40	1.07	0.1000	0.11	0.05	0.8264	0.70	0.29
28.413194	20.327778	0.375	   NA	0.3651	5.6112	1.3094	3.6466	8.5772	0.0484	0.1867	0.1097	0.0035	0.0827	0.4794	0.2609	0.8169	1.7484	3.1927	0.9871	1.1375	3.9019	3.32	1.48	0.1517	0.17	0.07	1.3573	1.02	0.42
28.538194	20.452778	0.5	   NA	0.6150	7.6552	1.5378	4.6920	10.7751	0.0093	0.1568	0.1775	-0.0527	0.0410	0.4616	0.3478	1.2024	2.4442	4.0928	1.4605	1.6918	5.0550	4.23	1.89	0.1322	0.18	0.08	1.8733	1.28	0.52
28.663194	20.577778	0.625	   NA	0.9278	9.8116	1.5856	5.7817	12.9959	-0.0112	0.1159	0.2993	-0.1089	-0.0068	0.4133	0.4348	1.5908	3.1766	4.9937	1.9950	2.2636	6.2205	5.21	2.33	0.1169	0.20	0.08	2.4091	1.55	0.63
28.788194	20.702778	0.75	   NA	1.3109	12.1810	1.6168	6.8833	15.3408	-0.0215	0.0734	0.4697	-0.1472	-0.0443	0.3775	0.5217	1.9246	3.9281	5.9416	2.5387	2.7431	7.4666	6.26	2.80	0.1179	0.25	0.10	2.9330	1.85	0.75
28.913194	20.827778	0.875	   NA	1.7207	14.5504	1.6474	8.1375	17.8424	-0.0378	0.0308	0.5853	-0.1761	-0.0760	0.3529	0.6087	2.2419	4.6022	6.9177	3.0670	3.1991	8.7797	7.36	3.29	0.1132	0.29	0.12	3.4394	2.15	0.88
29.038194	20.952778	1	   NA	2.1092	16.9533	1.6621	9.4238	20.4045	-0.0783	-0.0182	0.6846	-0.2067	-0.1103	0.3260	0.7406	2.5593	5.2599	7.8955	3.5831	3.6541	10.1106	8.49	3.80	0.0995	0.34	0.14	3.9488	2.44	1.00
29.163194	21.077778	1.125	   NA	2.4296	19.4928	1.6580	10.8188	23.0975	-0.1340	-0.0765	0.7091	-0.2498	-0.1525	0.2901	0.8874	2.8144	5.8437	8.8481	3.9648	3.9273	11.4993	9.72	4.35	0.0644	0.37	0.15	4.3810	2.73	1.11
29.288194	21.202778	1.25	   NA	2.6664	22.0672	1.6435	12.3024	25.9213	-0.1934	-0.1386	0.7113	-0.3013	-0.1998	0.2435	1.0022	3.0486	6.3761	9.7715	4.2490	4.1336	12.9202	11.02	4.93	0.0203	0.39	0.16	4.7635	3.01	1.23
29.413194	21.327778	1.375	   NA	2.8428	24.6809	1.6249	13.8901	28.9035	-0.2536	-0.2029	0.7016	-0.3541	-0.2482	0.1916	1.0902	3.2668	6.8555	10.6760	4.4782	4.3004	14.3884	12.38	5.54	-0.0276	0.40	0.17	5.1112	3.31	1.35
29.538194	21.452778	1.5	   NA	2.9800	27.3371	1.6046	15.5657	32.0226	-0.3162	-0.2693	0.6849	-0.4070	-0.2987	0.1380	1.1591	3.4624	7.2974	11.5690	4.6718	4.4413	15.9020	13.80	6.17	-0.0781	0.42	0.17	5.4335	3.60	1.47
29.663194	21.577778	1.625	   NA	3.0907	30.0380	1.5827	17.2710	35.2626	-0.3812	-0.3370	0.6631	-0.4615	-0.3523	0.0852	1.2156	3.6385	7.7062	12.4560	4.8395	4.5627	17.4490	15.28	6.83	-0.1306	0.43	0.18	5.7364	3.90	1.59
29.788194	21.702778	1.75	   NA	3.1809	32.7853	1.5587	19.0734	38.6307	-0.4481	-0.4068	0.6387	-0.5182	-0.4074	0.0337	1.2625	3.8039	8.0990	13.3400	4.9876	4.6689	19.0458	16.81	7.52	-0.1847	0.45	0.18	6.0270	4.20	1.72
29.913194	21.827778	1.875	   NA	3.2608	35.5756	1.5334	20.9222	42.0903	-0.5152	-0.4781	0.6162	-0.5766	-0.4641	-0.0184	1.3053	3.9570	8.4853	14.2235	5.1178	4.7613	20.6765	18.37	8.22	-0.2394	0.46	0.19	6.3084	4.51	1.84
30.038194	21.952778	2	   NA	3.3268	38.4009	1.5086	22.7710	45.6570	-0.5814	-0.5503	0.5949	-0.6359	-0.5220	-0.0717	1.3406	4.1041	8.8665	15.1080	5.2399	4.8491	22.3329	19.98	8.94	-0.2944	0.48	0.20	6.5847	4.82	1.97
30.163194	22.077778	2.125	   NA	3.3840	41.2757	1.4843	24.6484	49.2732	-0.6481	-0.6235	0.5748	-0.6961	-0.5799	-0.1250	1.3725	4.2390	9.2445	16.0006	5.3506	4.9287	24.0131	21.62	9.67	-0.3496	0.50	0.20	6.8560	5.14	2.10
30.288194	22.202778	2.25	   NA	3.4343	44.2065	1.4599	26.5530	52.8976	-0.7164	-0.6979	0.5537	-0.7584	-0.6384	-0.1786	1.4012	4.3645	9.6263	16.9033	5.4550	5.0042	25.7103	23.27	10.41	-0.4060	0.52	0.21	7.1258	5.47	2.23
30.413194	22.327778	2.375	   NA	3.4810	47.1987	1.4346	28.5029	56.5845	-0.7862	-0.7744	0.5270	-0.8220	-0.6988	-0.2349	1.4275	4.4829	10.0138	17.8157	5.5529	5.0760	27.4403	24.96	11.16	-0.4649	0.53	0.22	7.3948	5.80	2.37
30.538194	22.452778	2.5	   NA	3.5271	50.2626	1.4082	30.5113	60.4000	-0.8558	-0.8503	0.4937	-0.8859	-0.7604	-0.2930	1.4539	4.5945	10.4040	18.7388	5.6446	5.1429	29.2218	26.69	11.94	-0.5253	0.55	0.22	7.6631	6.14	2.51
30.663194	22.577778	2.625	   NA	3.5718	53.4001	1.3825	32.5669	64.3216	-0.9246	-0.9259	0.4545	-0.9493	-0.8226	-0.3507	1.4807	4.7020	10.8222	19.6773	5.7322	5.2061	31.0486	28.48	12.74	-0.5864	0.56	0.23	7.9368	6.49	2.65
30.788194	22.702778	2.75	   NA	3.6171	56.5979	1.3565	34.6675	68.3080	-0.9945	-1.0026	0.4088	-1.0125	-0.8854	-0.4081	1.5059	4.8071	11.2745	20.6378	5.8162	5.2668	32.9094	30.29	13.55	-0.6491	0.57	0.23	8.2180	6.85	2.80
30.913194	22.827778	2.875	   NA	3.6642	59.8783	1.3286	36.8192	72.3677	-1.0666	-1.0804	0.3575	-1.0767	-0.9486	-0.4661	1.5311	4.9089	11.7356	21.6281	5.8982	5.3259	34.8116	32.15	14.38	-0.7135	0.58	0.23	8.5046	7.23	2.95
31.038194	22.952778	3	   NA	3.7132	63.2267	1.3009	38.9866	76.5005	-1.1407	-1.1592	0.3006	-1.1413	-1.0123	-0.5247	1.5549	5.0105	12.1967	22.6470	5.9789	5.3837	36.7456	34.04	15.22	-0.7796	0.58	0.24	8.7953	7.61	3.11
31.163194	23.077778	3.125	   NA	3.7625	66.6173	1.2744	41.1838	80.7119	-1.2151	-1.2370	0.2376	-1.2040	-1.0769	-0.5836	1.5792	5.1114	12.6541	23.6809	6.0563	5.4384	38.7100	35.96	16.08	-0.8465	0.59	0.24	9.0867	8.00	3.27
31.288194	23.202778	3.25	   NA	3.8083	70.0594	1.2461	43.4156	84.9436	-1.2900	-1.3145	0.1712	-1.2663	-1.1418	-0.6422	1.6037	5.2121	13.1043	24.7290	6.1293	5.4909	40.6946	37.90	16.95	-0.9139	0.59	0.24	9.3782	8.40	3.43
31.413194	23.327778	3.375	   NA	3.8501	73.5787	1.2177	45.6750	89.2441	-1.3649	-1.3929	0.1023	-1.3302	-1.2066	-0.7012	1.6264	5.3128	13.5451	25.7928	6.1965	5.5418	42.7131	39.87	17.83	-0.9823	0.59	0.24	9.6692	8.81	3.60
31.538194	23.452778	3.5	   NA	3.8880	77.2073	1.1900	47.9643	93.6009	-1.4402	-1.4722	0.0313	-1.3950	-1.2707	-0.7615	1.6467	5.4096	13.9873	26.8721	6.2579	5.5904	44.7701	41.88	18.73	-1.0514	0.59	0.24	9.9607	9.22	3.76
31.663194	23.577778	3.625	   NA	3.9229	80.9374	1.1617	50.2856	98.0387	-1.5139	-1.5509	-0.0404	-1.4601	-1.3350	-0.8221	1.6654	5.5004	14.4494	27.9609	6.3149	5.6369	46.8693	43.94	19.65	-1.1204	0.59	0.24	10.2546	9.64	3.93
31.788194	23.702778	3.75	   NA	3.9523	84.9602	1.1334	52.7555	102.9636	-1.5860	-1.6301	-0.1150	-1.5255	-1.3997	-0.8825	1.6842	5.5861	14.9826	29.0502	6.3659	5.6806	49.1530	46.21	20.66	-1.1898	0.59	0.24	10.5583	10.06	4.11
31.913194	23.827778	3.875	   NA	3.9806	89.2039	1.1050	55.3136	108.0519	-1.6606	-1.7095	-0.1925	-1.5917	-1.4646	-0.9427	1.6990	5.6632	15.5937	30.2116	6.4107	5.7191	51.5310	48.56	21.72	-1.2603	0.59	0.24	10.8829	10.53	4.30
32.038194	23.952778	4	   NA	4.0088	93.4476	1.0766	57.8717	113.1403	-1.7353	-1.7889	-0.2699	-1.6579	-1.5294	-1.0029	1.7133	5.7403	16.2048	31.3731	6.4555	5.7576	53.9090	50.91	22.77	-1.3307	0.59	0.24	11.2074	10.99	4.49
32.163194	24.077778	4.125	   NA	4.0370	97.6913	1.0481	60.4298	118.2286	-1.8099	-1.8683	-0.3474	-1.7241	-1.5943	-1.0631	1.7275	5.8174	16.8159	32.5346	6.5004	5.7962	56.2870	53.27	23.82	-1.4012	0.59	0.24	11.5320	11.45	4.68
32.288194	24.202778	4.25	   NA	4.0653	101.9350	1.0197	62.9879	123.3170	-1.8846	-1.9477	-0.4249	-1.7904	-1.6592	-1.1233	1.7418	5.8945	17.4271	33.6961	6.5452	5.8347	58.6650	55.62	24.87	-1.4717	0.59	0.24	11.8566	11.92	4.87
32.413194	24.327778	4.375	   NA	4.0935	106.1787	0.9913	65.5460	128.4053	-1.9592	-2.0271	-0.5023	-1.8566	-1.7241	-1.1835	1.7561	5.9716	18.0382	34.8575	6.5900	5.8732	61.0430	57.98	25.93	-1.5421	0.59	0.24	12.1811	12.38	5.06
32.538194	24.452778	4.5	   NA	4.1217	110.4225	0.9628	68.1040	133.4937	-2.0339	-2.1065	-0.5798	-1.9251	-1.7890	-1.2437	1.7704	6.0487	18.6493	36.0190	6.6348	5.9117	63.4209	60.33	26.98	-1.6130	0.59	0.24	12.5056	12.85	5.25
32.663194	24.577778	4.625	   NA	4.1500	114.6662	0.9344	70.6621	138.5821	-2.1085	-2.1859	-0.6573	-1.9940	-1.8538	-1.3039	1.7847	6.1258	19.2604	37.1805	6.6797	5.9503	65.7990	62.68	28.03	-1.6839	0.59	0.24	12.8302	13.31	5.44
32.788194	24.702778	4.75	   NA	4.1782	118.9099	0.9060	73.2202	143.6704	-2.1831	-2.2653	-0.7347	-2.0629	-1.9187	-1.3641	1.7990	6.2029	19.8715	38.3420	6.7245	5.9888	68.1769	65.04	29.09	-1.7548	0.59	0.24	13.1548	13.78	5.63
32.913194	24.827778	4.875	   NA	4.2065	123.1536	0.8775	75.7783	148.7588	-2.2578	-2.3447	-0.8122	-2.1318	-1.9836	-1.4243	1.8133	6.2801	20.4826	39.5034	6.7693	6.0273	70.5549	67.39	30.14	-1.8257	0.59	0.24	13.4793	14.25	5.82
33.038194	24.952778	5	   NA	4.2347	127.3973	0.8491	78.3364	153.8471	-2.3324	-2.4241	-0.8907	-2.2007	-2.0485	-1.4845	1.8276	6.3565	21.1175	40.6649	6.8128	6.0652	72.9329	69.75	31.19	-1.8968	0.59	0.24	13.8074	14.72	6.01
33.163194	25.077778	5.125	   NA	4.2589	131.7833	0.8211	80.9731	158.9355	-2.4096	-2.5038	-0.9724	-2.2702	-2.1140	-1.5454	1.8380	6.4182	21.8665	41.8713	6.8476	6.0937	75.3544	72.13	32.26	-1.9692	0.59	0.24	14.1559	15.22	6.21
33.288194	25.202778	5.25	   NA	4.2781	136.5719	0.7932	83.7775	164.2713	-2.4868	-2.5831	-1.0544	-2.3398	-2.1808	-1.6074	1.8455	6.5041	22.6199	43.0911	6.8812	6.1185	77.9384	74.67	33.39	-2.0421	0.59	0.24	14.5101	15.72	6.42
33.413194	25.327778	5.375	   NA	4.2949	141.4434	0.7654	86.6694	169.8992	-2.5638	-2.6624	-1.1372	-2.4105	-2.2472	-1.6694	1.8525	6.5901	23.3976	44.3151	6.9130	6.1416	80.6145	77.31	34.58	-2.1151	0.59	0.24	14.8683	16.23	6.63
33.538194	25.452778	5.5	   NA	4.3101	146.4263	0.7366	89.7179	175.5446	-2.6425	-2.7420	-1.2206	-2.4824	-2.3135	-1.7323	1.8590	6.6498	24.1838	45.5772	6.9427	6.1639	83.3471	79.99	35.77	-2.1889	0.59	0.24	15.2294	16.76	6.84
33.663194	25.577778	5.625	   NA	4.3245	151.5969	0.7076	92.8288	181.1713	-2.7228	-2.8223	-1.3043	-2.5550	-2.3811	-1.7979	1.8636	6.7117	24.9359	46.8735	6.9722	6.1854	86.1258	82.69	36.98	-2.2639	0.59	0.24	15.5904	17.30	7.06
33.788194	25.702778	5.75	   NA	4.3387	156.9278	0.6785	95.9112	186.7662	-2.8030	-2.9038	-1.3887	-2.6277	-2.4496	-1.8648	1.8664	6.7784	25.6845	48.1581	7.0003	6.2062	88.9245	85.42	38.20	-2.3396	0.59	0.24	15.9490	17.83	7.28
33.913194	25.827778	5.875	   NA	4.3521	162.3458	0.6482	99.0023	192.3491	-2.8827	-2.9864	-1.4735	-2.6999	-2.5183	-1.9312	1.8687	6.8523	26.4201	49.4315	7.0258	6.2275	91.7395	88.17	39.43	-2.4153	0.59	0.24	16.3043	18.36	7.49
34.038194	25.952778	6	   NA	4.3638	167.8671	0.6173	102.1049	198.0600	-2.9628	-3.0694	-1.5587	-2.7717	-2.5869	-1.9971	1.8698	6.9246	27.1721	50.7066	7.0491	6.2477	94.6026	90.97	40.68	-2.4911	0.59	0.24	16.6617	18.89	7.71
34.163194	26.077778	6.125	   NA	4.3739	173.5030	0.5860	105.2375	203.9141	-3.0433	-3.1524	-1.6446	-2.8434	-2.6555	-2.0631	1.8689	6.9970	27.9229	52.0032	7.0713	6.2662	97.5229	93.84	41.97	-2.5671	0.59	0.24	17.0216	19.43	7.93
34.288194	26.202778	6.25	   NA	4.3830	179.2296	0.5546	108.4216	209.8259	-3.1234	-3.2360	-1.7313	-2.9150	-2.7244	-2.1290	1.8670	7.0709	28.6940	53.3070	7.0934	6.2855	100.4829	96.75	43.27	-2.6432	0.59	0.24	17.3863	19.97	8.15
34.413194	26.327778	6.375	   NA	4.3918	185.0321	0.5240	111.6394	215.8416	-3.2039	-3.3206	-1.8180	-2.9866	-2.7943	-2.1945	1.8640	7.1398	29.4992	54.6284	7.1138	6.3051	103.4858	99.70	44.59	-2.7197	0.59	0.24	17.7584	20.53	8.38
34.538194	26.452778	6.5	   NA	4.4002	190.9058	0.4940	114.8795	221.9544	-3.2853	-3.4053	-1.9040	-3.0596	-2.8649	-2.2604	1.8603	7.2099	30.3487	55.9562	7.1328	6.3262	106.5268	102.70	45.93	-2.7966	0.59	0.24	18.1390	21.09	8.61
34.663194	26.577778	6.625	   NA	4.4078	196.8625	0.4630	118.1653	228.1264	-3.3667	-3.4900	-1.9903	-3.1334	-2.9357	-2.3273	1.8573	7.2790	31.2584	57.2870	7.1502	6.3466	109.6050	105.73	47.28	-2.8739	0.60	0.24	18.5297	21.66	8.84
34.788194	26.702778	6.75	   NA	4.4145	202.9520	0.4311	121.5163	234.4428	-3.4487	-3.5747	-2.0769	-3.2082	-3.0066	-2.3951	1.8542	7.3631	32.3315	58.6469	7.1669	6.3653	112.7513	108.83	48.67	-2.9517	0.60	0.24	18.9547	22.26	9.09
34.913194	26.827778	6.875	   NA	4.4206	209.1854	0.3994	124.9296	240.9416	-3.5312	-3.6590	-2.1636	-3.2830	-3.0769	-2.4633	1.8507	7.4490	33.4046	60.0220	7.1841	6.3848	115.9753	112.01	50.09	-3.0295	0.60	0.24	19.3825	22.87	9.34
35.038194	26.952778	7	   NA	4.4259	215.5215	0.3686	128.3867	247.7089	-3.6141	-3.7428	-2.2510	-3.3570	-3.1472	-2.5309	1.8469	7.5234	34.6151	61.4028	7.2004	6.4033	119.2823	115.29	51.56	-3.1072	0.60	0.24	19.8320	23.50	9.59
35.163194	27.077778	7.125	   NA	4.4317	221.9552	0.3396	131.8384	254.4762	-3.6965	-3.8260	-2.3383	-3.4299	-3.2174	-2.5986	1.8428	7.5909	35.7824	62.7927	7.2163	6.4211	122.6082	118.60	53.04	-3.1845	0.60	0.24	20.2744	24.13	9.85
35.288194	27.202778	7.25	   NA	4.4424	228.5739	0.3133	135.3628	261.2462	-3.7758	-3.9059	-2.4158	-3.5003	-3.2837	-2.6628	1.8386	7.6594	36.8610	64.2509	7.2342	6.4412	125.9877	121.94	54.53	-3.2574	0.60	0.25	20.7142	24.77	10.11
35.413194	27.327778	7.375	   NA	4.4565	235.4714	0.2896	138.9803	268.0687	-3.8493	-3.9803	-2.4915	-3.5651	-3.3425	-2.7202	1.8353	7.7326	38.0337	65.8053	7.2545	6.4647	129.4533	125.35	56.06	-3.3248	0.60	0.25	21.1877	25.46	10.39
35.538194	27.452778	7.5	   NA	4.4713	242.6877	0.2686	142.6696	275.1282	-3.9175	-4.0496	-2.5582	-3.6247	-3.3953	-2.7733	1.8337	7.8179	39.2398	67.4431	7.2749	6.4895	133.0451	128.90	57.65	-3.3864	0.61	0.25	21.6831	26.18	10.69
35.663194	27.577778	7.625	   NA	4.4868	249.9452	0.2501	146.4623	282.1877	-3.9826	-4.1161	-2.6223	-3.6810	-3.4437	-2.8251	1.8332	7.9087	40.5221	69.1433	7.2941	6.5141	136.6664	132.46	59.24	-3.4451	0.61	0.25	22.2026	26.93	10.99
35.788194	27.702778	7.75	   NA	4.5023	257.3150	0.2332	150.2615	289.2472	-4.0454	-4.1806	-2.6845	-3.7350	-3.4920	-2.8769	1.8330	7.9930	41.8145	70.8868	7.3122	6.5399	140.3118	136.05	60.84	-3.5024	0.61	0.25	22.7299	27.70	11.31
35.913194	27.827778	7.875	   NA	4.5172	264.7384	0.2164	154.1367	296.3178	-4.1069	-4.2438	-2.7459	-3.7880	-3.5386	-2.9286	1.8326	8.0796	43.1033	72.6598	7.3285	6.5660	143.9853	139.65	62.45	-3.5586	0.61	0.25	23.2616	28.48	11.63
36.038194	27.952778	8	   NA	4.5299	272.1824	0.1991	158.0453	303.5321	-4.1689	-4.3077	-2.8077	-3.8416	-3.5844	-2.9780	1.8316	8.1760	44.5110	74.4588	7.3450	6.5912	147.6978	143.30	64.09	-3.6147	0.62	0.25	23.8189	29.29	11.96
36.163194	28.077778	8.125	   NA	4.5423	279.6734	0.1820	162.0038	310.7465	-4.2312	-4.3730	-2.8699	-3.8947	-3.6301	-3.0262	1.8300	8.2953	46.0591	76.2740	7.3765	6.6156	151.4296	146.96	65.72	-3.6709	0.62	0.25	24.4084	30.12	12.29
36.288194	28.202778	8.25	   NA	4.5581	287.1710	0.1653	165.9655	317.9608	-4.2932	-4.4375	-2.9317	-3.9464	-3.6767	-3.0740	1.8288	8.4224	47.6381	78.1019	7.4241	6.6399	155.1641	150.63	67.36	-3.7266	0.62	0.25	25.0092	30.95	12.64
36.413194	28.327778	8.375	   NA	4.5734	294.8159	0.1481	169.9645	325.1555	-4.3558	-4.5013	-2.9929	-3.9991	-3.7227	-3.1212	1.8283	8.5260	49.2369	79.9347	7.4683	6.6646	158.9315	154.32	69.01	-3.7822	0.63	0.26	25.6098	31.80	12.98
36.538194	28.452778	8.5	   NA	4.5857	302.4824	0.1297	174.2373	332.0991	-4.4192	-4.5654	-3.0537	-4.0533	-3.7698	-3.1691	1.8273	8.6193	50.8397	81.7564	7.5022	6.6883	162.7068	157.95	70.64	-3.8384	0.63	0.26	26.2055	32.64	13.33
36.663194	28.577778	8.625	   NA	4.5968	310.1489	0.1100	178.5277	339.0295	-4.4836	-4.6300	-3.1146	-4.1073	-3.8179	-3.2180	1.8250	8.7138	52.4419	83.5712	7.5268	6.7101	166.4826	161.59	72.26	-3.8952	0.63	0.26	26.7981	33.49	13.67
36.788194	28.702778	8.75	   NA	4.6085	317.8154	0.0896	182.8182	345.7904	-4.5484	-4.6955	-3.1779	-4.1614	-3.8661	-3.2677	1.8226	8.8065	54.0921	85.3999	7.5453	6.7322	170.2244	165.18	73.87	-3.9528	0.64	0.26	27.3998	34.34	14.02
36.913194	28.827778	8.875	   NA	4.6185	325.7123	0.0693	187.1086	352.5513	-4.6127	-4.7616	-3.2423	-4.2158	-3.9145	-3.3177	1.8209	8.8976	55.8036	87.2622	7.5590	6.7570	174.0120	168.83	75.50	-4.0108	0.64	0.26	28.0167	35.23	14.38
37.038194	28.952778	9	   NA	4.6262	333.6429	0.0494	191.3991	359.3082	-4.6770	-4.8273	-3.3068	-4.2706	-3.9633	-3.3675	1.8195	8.9883	57.5291	89.1754	7.5715	6.7830	177.8052	172.48	77.14	-4.0688	0.64	0.26	28.6445	36.13	14.75
37.163194	29.077778	9.125	   NA	4.6329	341.6521	0.0299	195.7283	366.0133	-4.7416	-4.8928	-3.3699	-4.3252	-4.0117	-3.4174	1.8188	9.0785	59.3027	91.1276	7.5819	6.8109	181.6113	176.15	78.77	-4.1264	0.65	0.26	29.2867	37.05	15.13
37.288194	29.202778	9.25	   NA	4.6399	349.7405	0.0097	199.7981	372.6870	-4.8058	-4.9592	-3.4333	-4.3801	-4.0603	-3.4690	1.8176	9.1708	61.0905	93.1165	7.5911	6.8385	185.3750	179.82	80.42	-4.1846	0.65	0.27	29.9375	37.99	15.51
37.413194	29.327778	9.375	   NA	4.6467	358.4370	-0.0101	203.7902	378.9572	-4.8692	-5.0255	-3.4973	-4.4353	-4.1096	-3.5209	1.8157	9.2681	62.8809	95.1504	7.5994	6.8646	189.1642	183.52	82.07	-4.2430	0.65	0.27	30.5965	38.95	15.90
37.538194	29.452778	9.5	   NA	4.6519	367.2212	-0.0282	207.7764	385.2274	-4.9331	-5.0913	-3.5618	-4.4900	-4.1589	-3.5715	1.8152	9.3642	64.7002	97.2158	7.6059	6.8901	192.9697	187.25	83.74	-4.3011	0.66	0.27	31.2652	39.92	16.30
37.663194	29.577778	9.625	   NA	4.6583	376.4706	-0.0465	211.7438	391.4635	-4.9984	-5.1571	-3.6264	-4.5443	-4.2082	-3.6214	1.8148	9.4528	66.6203	99.3551	7.6105	6.9168	196.8579	191.09	85.46	-4.3593	0.66	0.27	31.9617	40.94	16.71
37.788194	29.702778	9.75	   NA	4.6636	385.7881	-0.0658	215.8207	397.2609	-5.0648	-5.2251	-3.6905	-4.6000	-4.2575	-3.6720	1.8144	9.5362	68.5060	101.5584	7.6146	6.9458	200.6935	194.85	87.14	-4.4183	0.67	0.27	32.6626	41.97	17.13
37.913194	29.827778	9.875	   NA	4.6669	395.1057	-0.0850	219.9048	403.0716	-5.1313	-5.2943	-3.7545	-4.6578	-4.3082	-3.7245	1.8153	9.6195	70.3735	103.7595	7.6185	6.9747	204.5328	198.61	88.82	-4.4784	0.67	0.27	33.3602	43.00	17.55
38.038194	29.952778	10	   NA	4.6704	404.4232	-0.1046	223.8997	409.0523	-5.1982	-5.3632	-3.8202	-4.7160	-4.3608	-3.7782	1.8160	9.7020	72.1629	105.9447	7.6225	7.0017	208.3882	202.43	90.53	-4.5394	0.67	0.28	34.0416	44.01	17.97
38.163194	30.077778	10.125	   NA	4.6725	413.7408	-0.1251	227.8889	415.0564	-5.2663	-5.4331	-3.8870	-4.7734	-4.4121	-3.8335	1.8143	9.7821	73.9293	108.1174	7.6273	7.0280	212.2467	206.26	92.24	-4.6009	0.68	0.28	34.7164	45.01	18.38
38.288194	30.202778	10.25	   NA	4.6739	423.0574	-0.1463	231.7287	421.3601	-5.3351	-5.5032	-3.9535	-4.8311	-4.4630	-3.8878	1.8109	9.8598	75.6924	110.3970	7.6306	7.0570	216.1348	210.16	93.99	-4.6623	0.68	0.28	35.4079	46.05	18.80
38.413194	30.327778	10.375	   NA	4.6748	432.9993	-0.1671	235.7023	427.6413	-5.4041	-5.5727	-4.0197	-4.8894	-4.5154	-3.9411	1.8086	9.9376	77.4601	112.9875	7.6319	7.0873	220.1701	214.22	95.80	-4.7237	0.69	0.28	36.1522	47.19	19.27
38.538194	30.452778	10.5	   NA	4.6748	443.0328	-0.1856	239.6831	433.5773	-5.4723	-5.6424	-4.0859	-4.9476	-4.5681	-3.9958	1.8064	10.0159	79.2620	116.7688	7.6334	7.1155	224.1565	218.24	97.60	-4.7854	0.69	0.28	37.1003	48.73	19.89
38.663194	30.577778	10.625	   NA	4.6743	453.0662	-0.2044	243.8096	438.7921	-5.5401	-5.7135	-4.1539	-5.0065	-4.6212	-4.0495	1.8044	10.0900	81.1007	123.2805	7.6352	7.1435	228.0276	222.09	99.32	-4.8475	0.70	0.28	38.5090	51.17	20.89
38.788194	30.702778	10.75	   NA	4.6740	463.3124	-0.2251	247.9456	444.0069	-5.6084	-5.7854	-4.2228	-5.0664	-4.6739	-4.1037	1.8017	10.1628	83.0648	130.4782	7.6372	7.1735	231.9428	226.00	101.07	-4.9101	0.70	0.29	40.0530	53.88	22.00
38.913194	30.827778	10.875	   NA	4.6733	473.5897	-0.2459	252.0277	449.2217	-5.6766	-5.8568	-4.2917	-5.1268	-4.7268	-4.1585	1.7994	10.2362	85.0708	136.0684	7.6391	7.2043	235.8533	229.94	102.83	-4.9729	0.71	0.29	41.3364	56.07	22.89
39.038194	30.952778	11	   NA	4.6725	483.8670	-0.2661	255.9872	454.4366	-5.7444	-5.9278	-4.3601	-5.1871	-4.7799	-4.2141	1.7967	10.3241	87.1221	140.2703	7.6399	7.2357	239.7394	233.89	104.60	-5.0356	0.71	0.29	42.3981	57.79	23.59
39.163194	31.077778	11.125	   NA	4.6732	493.8771	-0.2862	259.5319	459.6514	-5.8118	-5.9993	-4.4284	-5.2471	-4.8336	-4.2693	1.7942	10.4782	89.1931	143.7665	7.6402	7.2684	243.4895	237.77	106.33	-5.0983	0.71	0.29	43.3568	59.28	24.20
39.288194	31.202778	11.25	   NA	4.6756	503.9923	-0.3068	262.8537	464.8428	-5.8798	-6.0710	-4.4979	-5.3076	-4.8872	-4.3258	1.7923	10.6897	92.8097	147.2948	7.6407	7.3019	247.2115	241.68	108.08	-5.1616	0.72	0.29	44.5882	61.01	24.91
39.413194	31.327778	11.375	   NA	4.6781	514.3557	-0.3281	266.2463	470.0335	-5.9483	-6.1431	-4.5688	-5.3691	-4.9412	-4.3836	1.7896	10.8401	97.1904	150.8715	7.6412	7.3343	250.9971	245.66	109.86	-5.2257	0.72	0.29	45.9445	62.89	25.67
39.538194	31.452778	11.5	   NA	4.6801	524.9133	-0.3502	269.6578	475.1306	-6.0171	-6.2168	-4.6401	-5.4305	-4.9957	-4.4424	1.7869	10.9366	101.5786	154.7062	7.6414	7.3655	254.8063	249.69	111.67	-5.2904	0.73	0.30	47.3359	64.87	26.48
39.663194	31.577778	11.625	   NA	4.6804	535.9488	-0.3726	273.2456	479.5575	-6.0869	-6.2918	-4.7113	-5.4923	-5.0506	-4.5014	1.7828	11.0324	105.9667	159.4685	7.6428	7.3966	258.6119	253.72	113.47	-5.3557	0.73	0.30	48.8816	67.17	27.42
39.788194	31.702778	11.75	   NA	4.6821	547.1134	-0.3947	276.6302	483.9655	-6.1569	-6.3666	-4.7825	-5.5548	-5.1053	-4.5592	1.7791	11.1251	110.3548	165.3569	7.6447	7.4279	262.3993	257.80	115.29	-5.4209	0.74	0.30	50.6148	69.84	28.51
39.913194	31.827778	11.875	   NA	4.6848	558.2674	-0.4170	279.9692	489.5166	-6.2275	-6.4399	-4.8542	-5.6174	-5.1603	-4.6160	1.7763	11.2160	113.2852	171.6318	7.6446	7.4601	266.4042	262.12	117.23	-5.4859	0.74	0.30	52.1690	72.39	29.55
40.038194	31.952778	12	   NA	4.6872	569.3028	-0.4394	283.1548	495.1004	-6.2988	-6.5148	-4.9259	-5.6798	-5.2173	-4.6711	1.7718	11.3063	115.4851	177.8474	7.6434	7.4929	270.3612	266.44	119.15	-5.5513	0.75	0.30	53.5911	74.81	30.54
40.163194	32.077778	12.125	   NA	4.6893	580.3042	-0.4616	286.2877	500.6842	-6.3703	-6.5917	-4.9974	-5.7431	-5.2755	-4.7266	1.7672	11.3989	117.6755	184.0256	7.6432	7.5258	274.3008	270.75	121.08	-5.6174	0.75	0.31	55.0060	77.21	31.52
40.288194	32.202778	12.25	   NA	4.6967	591.3056	-0.4847	289.3589	508.1319	-6.4414	-6.6689	-5.0695	-5.8070	-5.3345	-4.7845	1.7641	11.4961	119.9140	190.0842	7.6428	7.5602	278.6017	275.45	123.19	-5.6843	0.76	0.31	56.4102	79.59	32.49
40.413194	32.327778	12.375	   NA	4.7041	602.3070	-0.5091	292.7724	515.6330	-6.5127	-6.7470	-5.1425	-5.8715	-5.3937	-4.8438	1.7612	11.5874	122.1759	196.1555	7.6422	7.5956	282.9815	280.18	125.30	-5.7519	0.76	0.31	57.8196	81.97	33.47
40.538194	32.452778	12.5	   NA	4.7063	613.6510	-0.5339	295.9669	523.1340	-6.5848	-6.8252	-5.2172	-5.9369	-5.4518	-4.9041	1.7569	11.6718	124.4657	202.4743	7.6430	7.6310	287.3849	285.00	127.46	-5.8200	0.77	0.31	59.2738	84.45	34.48
40.663194	32.577778	12.625	   NA	4.7077	625.6550	-0.5595	298.9949	530.6350	-6.6581	-6.9047	-5.2920	-6.0024	-5.5109	-4.9655	1.7526	11.7763	126.7690	209.0134	7.6447	7.6670	291.8866	290.02	129.70	-5.8889	0.77	0.32	60.7705	87.01	35.52
40.788194	32.702778	12.75	   NA	4.7081	638.0382	-0.5854	301.9137	538.5187	-6.7329	-6.9860	-5.3659	-6.0683	-5.5714	-5.0283	1.7480	11.8984	129.0457	215.5341	7.6456	7.7043	296.5187	295.23	132.03	-5.9588	0.78	0.32	62.2627	89.57	36.57
40.913194	32.827778	12.875	   NA	4.7070	650.4846	-0.6109	304.8156	546.9438	-6.8076	-7.0663	-5.4393	-6.1348	-5.6308	-5.0902	1.7424	12.0019	131.3194	222.1170	7.6460	7.7496	301.2680	300.58	134.42	-6.0282	0.78	0.32	63.7627	92.14	37.62
41.038194	32.952778	13	   NA	4.7042	662.9311	-0.6369	307.0705	555.3842	-6.8811	-7.1449	-5.5134	-6.2014	-5.6904	-5.1472	1.7380	12.0921	133.6837	229.2711	7.6465	7.8011	305.8906	305.94	136.82	-6.0964	0.79	0.32	65.3721	94.94	38.76
41.163194	33.077778	13.125	   NA	4.7018	675.3775	-0.6625	309.6018	563.8245	-6.9545	-7.2237	-5.5894	-6.2687	-5.7510	-5.2041	1.7351	12.1865	136.0755	237.4753	7.6468	7.8485	310.5686	311.31	139.22	-6.1652	0.80	0.33	67.1613	98.10	40.05
41.288194	33.202778	13.25	   NA	4.7006	687.9170	-0.6879	312.7796	572.2648	-7.0286	-7.3032	-5.6664	-6.3368	-5.8112	-5.2660	1.7311	12.2827	138.4603	247.2909	7.6462	7.8930	315.3948	316.70	141.63	-6.2354	0.80	0.33	69.2174	101.84	41.57
41.413194	33.327778	13.375	   NA	4.7051	700.4839	-0.7141	316.0669	580.7051	-7.1036	-7.3820	-5.7442	-6.4044	-5.8715	-5.3275	1.7267	12.3776	140.7797	257.4762	7.6443	7.9370	320.2494	322.11	144.05	-6.3055	0.81	0.33	71.3236	105.71	43.15
41.538194	33.452778	13.5	   NA	4.7127	713.3507	-0.7398	319.5893	589.1454	-7.1784	-7.4612	-5.8215	-6.4719	-5.9319	-5.3882	1.7225	12.4776	143.0261	268.8278	7.6422	7.9836	325.2117	327.61	146.51	-6.3755	0.81	0.33	73.6133	109.99	44.90
41.663194	33.577778	13.625	   NA	4.7159	726.1069	-0.7653	323.1568	597.5857	-7.2537	-7.5419	-5.8900	-6.5413	-5.9925	-5.4512	1.7184	12.5836	145.2008	280.2539	7.6400	8.0373	330.1600	333.08	148.96	-6.4451	0.82	0.34	75.9057	114.32	46.67
41.788194	33.702778	13.75	   NA	4.7176	738.8045	-0.7915	326.6564	606.0260	-7.3311	-7.6238	-5.9562	-6.6121	-6.0537	-5.4868	1.7134	12.6824	147.3502	291.5925	7.6365	8.0961	335.0826	338.54	151.40	-6.5106	0.84	0.34	78.1785	118.62	48.43
41.913194	33.827778	13.875	   NA	4.7255	751.4090	-0.8182	329.3050	614.4663	-7.4089	-7.7067	-6.0317	-6.6834	-6.1160	-5.5192	1.7070	12.7746	149.4911	301.5089	7.6339	8.1559	339.8175	343.97	153.83	-6.5777	0.85	0.35	80.2119	122.43	49.98
42.038194	33.952778	14	   NA	4.7362	764.0368	-0.8454	331.7927	622.9066	-7.4859	-7.7892	-6.1103	-6.7547	-6.1789	-5.5741	1.7016	12.8664	151.6277	311.3365	7.6334	8.2154	344.5254	349.42	156.27	-6.6489	0.86	0.35	82.2302	126.21	51.53
42.163194	34.077778	14.125	   NA	4.7430	776.7027	-0.8728	333.6985	631.3469	-7.5624	-7.8706	-6.1888	-6.8247	-6.2419	-5.6376	1.6974	12.9575	153.7642	319.2235	7.6342	8.2863	349.1237	354.90	158.71	-6.7210	0.86	0.35	83.9272	129.29	52.78
42.288194	34.202778	14.25	   NA	4.7488	789.3220	-0.9008	335.2613	640.9289	-7.6387	-7.9526	-6.2667	-6.8938	-6.3051	-5.7012	1.6937	13.0488	155.9040	333.3639	7.6347	8.3770	353.8720	360.60	161.26	-6.7930	0.87	0.35	86.6703	134.66	54.98
42.413194	34.327778	14.375	   NA	4.7558	801.8012	-0.9281	336.9582	650.8477	-7.7149	-8.0352	-6.3451	-6.9637	-6.3690	-5.7649	1.6892	13.1641	158.0275	347.5044	7.6352	8.4536	358.6870	366.32	163.82	-6.8655	0.87	0.36	89.4123	140.05	57.18
42.538194	34.452778	14.5	   NA	4.7732	814.4946	-0.9540	338.6336	660.7665	-7.7907	-8.1172	-6.4250	-7.0359	-6.4333	-5.8294	1.6843	13.3403	160.1283	361.6449	7.6350	8.5097	363.5428	372.12	166.42	-6.9386	0.88	0.36	92.1571	145.45	59.38
42.663194	34.577778	14.625	   NA	4.8037	827.8220	-0.9808	340.1177	670.6853	-7.8680	-8.1992	-6.5047	-7.1087	-6.4982	-5.8955	1.6793	13.5279	162.1833	375.7853	7.6343	8.5690	368.4896	378.12	169.10	-7.0124	0.89	0.36	94.8965	150.87	61.59
42.788194	34.702778	14.75	   NA	4.8265	841.4597	-1.0087	341.5263	680.6051	-7.9465	-8.2820	-6.5829	-7.1811	-6.5633	-5.9618	1.6752	13.6750	164.2003	389.9258	7.6340	8.6290	373.4818	384.22	171.83	-7.0863	0.89	0.36	97.6232	156.30	63.81
42.913194	34.827778	14.875	   NA	4.8369	855.0973	-1.0365	342.9348	690.5253	-8.0237	-8.3652	-6.6611	-7.2525	-6.6276	-6.0228	1.6724	13.8058	166.2274	404.2790	7.6337	8.6854	378.4716	390.33	174.56	-7.1588	0.90	0.37	100.3839	161.83	66.07
43.038194	34.952778	15	   NA	4.8447	868.7350	-1.0652	344.6544	700.4454	-8.1007	-8.4482	-6.7403	-7.3241	-6.6920	-6.0821	1.6679	13.9369	168.2008	423.7655	7.6334	8.7393	383.5229	396.45	177.30	-7.2312	0.91	0.37	103.9906	169.30	69.12
43.163194	35.077778	15.125	   NA	4.8519	882.3726	-1.0951	346.5497	710.3656	-8.1790	-8.5322	-6.8204	-7.3969	-6.7568	-6.1459	1.6634	14.0625	170.1036	440.1601	7.6333	8.7943	388.6089	402.57	180.03	-7.3052	0.91	0.37	107.0695	175.63	71.70
43.288194	35.202778	15.25	   NA	4.8592	895.8518	-1.1237	348.4450	719.8202	-8.2573	-8.6174	-6.9013	-7.4708	-6.8223	-6.2123	1.6589	14.1855	171.9691	456.5546	7.6332	8.8497	393.5705	408.55	182.71	-7.3802	0.92	0.37	110.1418	181.97	74.29
43.413194	35.327778	15.375	   NA	4.8648	909.4290	-1.1518	350.6685	730.7907	-8.3361	-8.7021	-6.9795	-7.5445	-6.8896	-6.2803	1.6537	14.3257	173.8214	472.9492	7.6323	8.9048	398.9202	414.86	185.53	-7.4554	0.92	0.38	113.2145	188.33	76.88
43.538194	35.452778	15.5	   NA	4.8731	923.1679	-1.1824	352.7582	742.2490	-8.4164	-8.7877	-7.0549	-7.6190	-6.9576	-6.3497	1.6483	14.4817	175.6366	489.3438	7.6313	8.9615	404.3732	421.32	188.42	-7.5309	0.93	0.38	116.2839	194.69	79.48
43.663194	35.577778	15.625	   NA	4.8865	936.9067	-1.2129	354.6765	753.7072	-8.4974	-8.8734	-7.1336	-7.6944	-7.0261	-6.4194	1.6425	14.6340	177.4007	505.7384	7.6308	9.0190	409.7928	427.80	191.32	-7.6074	0.94	0.38	119.3442	201.07	82.09
43.788194	35.702778	15.75	   NA	4.9028	950.7435	-1.2430	356.9275	765.1654	-8.5788	-8.9592	-7.2163	-7.7703	-7.0953	-6.4882	1.6369	14.7698	179.1384	522.1330	7.6296	9.0794	415.2992	434.29	194.22	-7.6847	0.94	0.38	122.3979	207.45	84.69
43.913194	35.827778	15.875	   NA	4.9224	964.6535	-1.2747	359.0451	777.6451	-8.6607	-9.0466	-7.3000	-7.8469	-7.1647	-6.5573	1.6323	14.8965	180.9278	538.4067	7.6272	9.1441	420.9983	441.03	197.23	-7.7627	0.95	0.39	125.4391	213.81	87.29
44.038194	35.952778	16	   NA	4.9565	978.5635	-1.3056	360.7762	789.7745	-8.7418	-9.1323	-7.3833	-7.9218	-7.2338	-6.6276	1.6266	15.0385	182.8399	551.6336	7.6242	9.2058	426.5530	447.71	200.22	-7.8401	0.95	0.39	127.9948	219.00	89.41
44.163194	36.077778	16.125	   NA	5.0189	992.4734	-1.3364	362.4924	801.7118	-8.8214	-9.2179	-7.4663	-7.9952	-7.3021	-6.6972	1.6197	15.2210	184.7308	563.3659	7.6220	9.2645	432.0720	454.35	203.19	-7.9167	0.96	0.39	130.3040	223.61	91.29
44.288194	36.202778	16.25	   NA	5.0795	1006.0586	-1.3679	364.5288	813.6490	-8.9004	-9.3045	-7.5485	-8.0689	-7.3692	-6.7664	1.6138	15.4094	186.5315	575.0620	7.6221	9.3255	437.5896	460.89	206.11	-7.9930	0.96	0.39	132.5941	228.21	93.16
44.413194	36.327778	16.375	   NA	5.1204	1019.6361	-1.3999	366.8236	825.5863	-8.9817	-9.3913	-7.6308	-8.1451	-7.4363	-6.8357	1.6073	15.5812	188.3179	585.8638	7.6242	9.3893	443.1533	467.42	209.04	-8.0702	0.97	0.40	134.7306	232.46	94.90
44.538194	36.452778	16.5	   NA	5.1607	1033.3893	-1.4316	369.1710	837.5235	-9.0641	-9.4795	-7.7145	-8.2234	-7.5037	-6.9045	1.5998	15.7685	190.3005	596.6657	7.6267	9.4580	448.7626	474.00	211.98	-8.1483	0.98	0.40	136.9032	236.71	96.64
44.663194	36.577778	16.625	   NA	5.2025	1047.5608	-1.4630	371.8773	850.8323	-9.1467	-9.5683	-7.7990	-8.3016	-7.5721	-6.9745	1.5928	15.9606	192.5333	607.4676	7.6282	9.5296	454.8020	480.99	215.10	-8.2270	0.98	0.40	139.1187	240.98	98.38
44.788194	36.702778	16.75	   NA	5.2409	1062.0450	-1.4948	374.7890	864.5457	-9.2301	-9.6578	-7.8841	-8.3797	-7.6410	-7.0448	1.5866	16.1453	194.7300	618.2695	7.6281	9.6008	461.0252	488.15	218.31	-8.3063	0.99	0.40	141.3267	245.26	100.13
44.913194	36.827778	16.875	   NA	5.2720	1076.5772	-1.5274	377.5131	878.7328	-9.3150	-9.7473	-7.9699	-8.4581	-7.7105	-7.1156	1.5801	16.3185	196.8152	629.0714	7.6268	9.6695	467.3135	495.44	221.57	-8.3861	1.00	0.41	143.5136	249.52	101.87
45.038194	36.952778	17	   NA	5.3020	1090.9816	-1.5605	380.1312	893.0596	-9.4003	-9.8359	-8.0559	-8.5363	-7.7810	-7.1876	1.5737	16.5066	198.8028	639.8733	7.6254	9.7368	473.5828	502.72	224.82	-8.4662	1.00	0.41	145.6864	253.79	103.61
45.163194	37.077778	17.125	   NA	5.3263	1105.2638	-1.5939	382.5725	905.0250	-9.4860	-9.9258	-8.1421	-8.6155	-7.8514	-7.2591	1.5672	16.7404	200.6445	650.6752	7.6233	9.8038	479.3187	509.49	227.85	-8.5467	1.01	0.41	147.8424	258.04	105.35
45.288194	37.202778	17.25	   NA	5.3679	1119.5460	-1.6267	385.4714	916.2938	-9.5720	-10.0172	-8.2291	-8.6961	-7.9226	-7.3313	1.5598	16.9748	202.4115	661.4771	7.6193	9.8681	485.0105	516.10	230.81	-8.6280	1.02	0.41	149.9851	262.30	107.08
45.413194	37.327778	17.375	   NA	5.4352	1133.8282	-1.6595	388.6853	927.5626	-9.6574	-10.1085	-8.3173	-8.7767	-7.9947	-7.4038	1.5526	17.1842	204.0935	672.2267	7.6146	9.9304	490.7704	522.68	233.75	-8.7097	1.02	0.42	152.1003	266.53	108.81
45.538194	37.452778	17.5	   NA	5.5052	1148.1103	-1.6934	392.9494	938.8314	-9.7432	-10.2003	-8.4068	-8.8578	-8.0665	-7.4759	1.5465	17.3813	205.7118	681.6862	7.6112	9.9930	496.7406	529.21	236.67	-8.7918	1.03	0.42	153.9883	270.26	110.33
45.663194	37.577778	17.625	   NA	5.5695	1162.5695	-1.7273	397.3649	950.1003	-9.8304	-10.2930	-8.4968	-8.9396	-8.1380	-7.5497	1.5405	17.5675	207.3852	691.0960	7.6085	10.0574	502.7754	535.79	239.61	-8.8746	1.04	0.42	155.8759	273.97	111.85
45.788194	37.702778	17.75	   NA	5.6633	1177.1610	-1.7622	401.5306	961.3691	-9.9189	-10.3856	-8.5865	-9.0220	-8.2101	-7.6250	1.5331	17.7400	209.1166	699.2783	7.6052	10.1211	508.7924	542.41	242.57	-8.9580	1.04	0.43	157.5657	277.21	113.17
45.913194	37.827778	17.875	   NA	5.7763	1191.7525	-1.7967	405.1061	972.6379	-10.0068	-10.4786	-8.6773	-9.1046	-8.2829	-7.7006	1.5245	17.9141	210.8529	707.4606	7.6018	10.1831	514.6952	549.07	245.55	-9.0418	1.05	0.43	159.2562	280.45	114.49
46.038194	37.952778	18	   NA	5.8735	1206.3440	-1.8311	408.3479	983.9067	-10.0946	-10.5728	-8.7694	-9.1863	-8.3570	-7.7758	1.5173	18.0864	212.5725	715.6191	7.5995	10.2479	520.5282	555.74	248.53	-9.1260	1.06	0.43	160.9404	283.68	115.81
46.163194	38.077778	18.125	   NA	6.1613	1220.9355	-1.8657	411.1847	995.1755	-10.1828	-10.6669	-8.8618	-9.2673	-8.4320	-7.8505	1.5106	18.2357	214.2640	723.1605	7.5985	10.3187	526.3183	562.39	251.51	-9.2102	1.06	0.43	162.5147	286.67	117.03
46.288194	38.202778	18.25	   NA	6.5024	1235.5270	-1.9002	413.3206	1006.4443	-10.2711	-10.7613	-8.9545	-9.3491	-8.5077	-7.9248	1.5023	18.3774	215.9520	729.9751	7.5977	10.3891	531.9788	569.06	254.49	-9.2948	1.07	0.44	163.9656	289.38	118.14
46.413194	38.327778	18.375	   NA	6.6564	1250.2723	-1.9344	415.2610	1017.7131	-10.3597	-10.8560	-9.0475	-9.4321	-8.5836	-7.9993	1.4939	18.5396	217.6825	736.7587	7.5958	10.4576	537.5937	575.84	257.52	-9.3797	1.08	0.44	165.4213	292.07	119.24
46.538194	38.452778	18.5	   NA	6.7568	1265.1327	-1.9702	417.5598	1028.9819	-10.4501	-10.9507	-9.1405	-9.5171	-8.6553	-8.0520	1.4898	18.7301	219.4607	742.7566	7.5931	10.5268	543.2922	582.65	260.57	-9.4610	1.09	0.44	166.7595	294.46	120.21
46.663194	38.577778	18.625	   NA	6.8415	1279.9676	-2.0071	419.9786	1040.2508	-10.5418	-11.0453	-9.2336	-9.6030	-8.7257	-8.0984	1.4866	18.9002	221.2037	748.2805	7.5899	10.6003	549.0063	589.46	263.61	-9.5413	1.11	0.45	168.0102	296.65	121.11
46.788194	38.702778	18.75	   NA	6.9182	1294.1807	-2.0426	422.3635	1051.5196	-10.6340	-11.1412	-9.3280	-9.6887	-8.7999	-8.1694	1.4796	19.0379	222.8491	753.1876	7.5852	10.6817	554.5879	596.07	266.57	-9.6269	1.11	0.45	169.1368	298.61	121.91
46.913194	38.827778	18.875	   NA	7.0040	1307.9432	-2.0772	424.7484	1062.0199	-10.7258	-11.2379	-9.4230	-9.7738	-8.8748	-8.2493	1.4727	19.1932	224.4600	757.5514	7.5805	10.7616	559.9277	602.39	269.39	-9.7141	1.12	0.46	170.1699	300.35	122.62
47.038194	38.952778	19	   NA	7.0894	1321.7057	-2.1125	426.8975	1072.2937	-10.8171	-11.3343	-9.5173	-9.8582	-8.9500	-8.3287	1.4657	19.3908	226.2232	761.9029	7.5762	10.8368	565.1748	608.67	272.20	-9.8009	1.13	0.46	171.2326	302.09	123.33
47.163194	39.077778	19.125	   NA	7.1800	1334.9486	-2.1490	428.9132	1082.5674	-10.9079	-11.4306	-9.6109	-9.9426	-9.0265	-8.4067	1.4587	19.6232	228.0944	765.9436	7.5714	10.9160	570.2920	614.80	274.95	-9.8875	1.13	0.46	172.2679	303.71	123.99
47.288194	39.202778	19.25	   NA	7.2691	1347.9540	-2.1872	430.9649	1092.8411	-10.9978	-11.5268	-9.7045	-10.0282	-9.1036	-8.4845	1.4517	19.8585	229.8186	769.8377	7.5668	11.0015	575.3684	620.85	277.65	-9.9742	1.14	0.47	173.2558	305.27	124.62
47.413194	39.327778	19.375	   NA	7.3363	1361.0721	-2.2269	433.0369	1103.1148	-11.0888	-11.6239	-9.7987	-10.1152	-9.1793	-8.5506	1.4428	20.0754	231.3602	773.4024	7.5615	11.1025	580.4666	626.95	280.38	-10.0594	1.15	0.47	174.1575	306.69	125.20
47.538194	39.452778	19.5	   NA	7.3953	1374.0887	-2.2652	435.3722	1113.3885	-11.1796	-11.7213	-9.8937	-10.2017	-9.2547	-8.6129	1.4344	20.2677	232.7712	776.9556	7.5543	11.2309	585.5959	633.00	283.09	-10.1440	1.16	0.47	175.0357	308.10	125.78
47.663194	39.577778	19.625	   NA	7.4488	1387.0293	-2.3018	437.8564	1123.6622	-11.2698	-11.8187	-9.9899	-10.2869	-9.3315	-8.6876	1.4265	20.4439	234.1293	780.2219	7.5473	11.3516	590.7390	639.02	285.78	-10.2307	1.17	0.48	175.8534	309.39	126.31
47.788194	39.702778	19.75	   NA	7.5012	1399.6768	-2.3387	440.5820	1133.9359	-11.3611	-11.9165	-10.0802	-10.3728	-9.4087	-8.7679	1.4178	20.6316	235.6156	783.3773	7.5417	11.4444	595.8714	644.94	288.42	-10.3179	1.18	0.48	176.6714	310.66	126.82
47.913194	39.827778	19.875	   NA	7.5600	1412.1051	-2.3767	443.5310	1144.2096	-11.4532	-12.0145	-10.1645	-10.4598	-9.4864	-8.8490	1.4086	20.8398	237.2399	786.5351	7.5363	11.5344	601.0058	650.77	291.03	-10.4046	1.18	0.48	177.5157	311.92	127.34
